120 7140
0 1 11397
0 2 47261
0 3 7078
0 4 56882
0 5 26421
0 6 25482
0 7 53240
0 8 23820
0 9 9309
0 10 5685
0 11 52898
0 12 25899
0 13 25829
0 14 1587
0 15 20624
0 16 22131
0 17 18368
0 18 2645
0 19 58830
0 20 5047
0 21 9023
0 22 53135
0 23 55700
0 24 19817
0 25 12132
0 26 48999
0 27 10649
0 28 53200
0 29 13068
0 30 10748
0 31 51995
0 32 5910
0 33 60449
0 34 9249
0 35 50885
0 36 2632
0 37 18177
0 38 20849
0 39 58051
0 40 48310
0 41 6558
0 42 18943
0 43 57590
0 44 4760
0 45 57055
0 46 9367
0 47 21407
0 48 48223
0 49 11388
0 50 2738
0 51 8221
0 52 11437
0 53 21435
0 54 7018
0 55 17982
0 56 48078
0 57 56734
0 58 61945
0 59 53520
0 60 3540
0 61 11706
0 62 17627
0 63 3350
0 64 22903
0 65 28091
0 66 4135
0 67 16369
0 68 53110
0 69 11069
0 70 8620
0 71 8064
0 72 54095
0 73 14730
0 74 4103
0 75 49130
0 76 47301
0 77 44378
0 78 24073
0 79 3267
0 80 52578
0 81 55199
0 82 5964
0 83 22344
0 84 5727
0 85 2501
0 86 48436
0 87 55138
0 88 7165
0 89 19664
0 90 21051
0 91 2385
0 92 47525
0 93 59920
0 94 54664
0 95 50336
0 96 4546
0 97 22909
0 98 13636
0 99 39292
0 100 25339
0 101 1772
0 102 57125
0 103 19252
0 104 54114
0 105 15424
0 106 27400
0 107 19905
0 108 2938
0 109 18765
0 110 12561
0 111 55886
0 112 6276
0 113 23171
0 114 47616
0 115 8444
0 116 57982
0 117 20014
0 118 52425
0 119 48110
1 2 58646
1 3 9363
1 4 60563
1 5 24274
1 6 21261
1 7 57882
1 8 21221
1 9 2348
1 10 6006
1 11 58144
1 12 25815
1 13 21510
1 14 10351
1 15 27890
1 16 27058
1 17 17617
1 18 13420
1 19 64136
1 20 14960
1 21 20371
1 22 57320
1 23 61323
1 24 24544
1 25 1731
1 26 60348
1 27 822
1 28 64495
1 29 23701
1 30 2351
1 31 63335
1 32 17236
1 33 65034
1 34 4200
1 35 62203
1 36 13489
1 37 21169
1 38 20855
1 39 63849
1 40 59394
1 41 13474
1 42 8250
1 43 61089
1 44 11495
1 45 60945
1 46 17741
1 47 26226
1 48 59505
1 49 3823
1 50 10124
1 51 6215
1 52 7841
1 53 26741
1 54 5381
1 55 22183
1 56 59420
1 57 60678
1 58 66354
1 59 58468
1 60 11463
1 61 2845
1 62 24808
1 63 11222
1 64 23689
1 65 23919
1 66 13696
1 67 20088
1 68 64390
1 69 1766
1 70 3803
1 71 19132
1 72 65441
1 73 20072
1 74 12233
1 75 60242
1 76 58695
1 77 55770
1 78 27412
1 79 8926
1 80 63974
1 81 60435
1 82 8679
1 83 23703
1 84 16914
1 85 13824
1 86 59752
1 87 59815
1 88 5849
1 89 25485
1 90 19062
1 91 10187
1 92 58875
1 93 63864
1 94 58479
1 95 61727
1 96 12434
1 97 25923
1 98 19183
1 99 50590
1 100 21572
1 101 10505
1 102 62345
1 103 26503
1 104 58175
1 105 8435
1 106 26275
1 107 22296
1 108 12003
1 109 22864
1 110 4951
1 111 59669
1 112 17640
1 113 19474
1 114 58983
1 115 6005
1 116 61804
1 117 24231
1 118 63773
1 119 59486
2 3 51362
2 4 66962
2 5 63543
2 6 65877
2 7 60942
2 8 62660
2 9 56559
2 10 52864
2 11 58259
2 12 59851
2 13 66242
2 14 48438
2 15 40611
2 16 46404
2 17 57474
2 18 45307
2 19 61579
2 20 44668
2 21 38281
2 22 62670
2 23 58257
2 24 46922
2 25 59360
2 26 3016
2 27 57909
2 28 7648
2 29 35954
2 30 57723
2 31 5571
2 32 41417
2 33 65719
2 34 56159
2 35 5295
2 36 45409
2 37 50265
2 38 57463
2 39 58882
2 40 10053
2 41 47670
2 42 65995
2 43 68116
2 44 48148
2 45 66277
2 46 43346
2 47 46667
2 48 5197
2 49 58275
2 50 48955
2 51 54590
2 52 56159
2 53 45522
2 54 53788
2 55 48058
2 56 2908
2 57 65859
2 58 67461
2 59 59865
2 60 48050
2 61 58791
2 62 41757
2 63 48203
2 64 57038
2 65 67628
2 66 45832
2 67 48978
2 68 7922
2 69 58282
2 70 55523
2 71 40052
2 72 7345
2 73 46351
2 74 47101
2 75 9671
2 76 1087
2 77 3001
2 78 50229
2 79 50055
2 80 5615
2 81 59649
2 82 51194
2 83 55844
2 84 42004
2 85 44894
2 86 4059
2 87 61943
2 88 53654
2 89 44488
2 90 60305
2 91 48789
2 92 2354
2 93 67965
2 94 65026
2 95 3196
2 96 47534
2 97 52891
2 98 46243
2 99 9020
2 100 65186
2 101 48350
2 102 60890
2 103 41055
2 104 63746
2 105 60497
2 106 62438
2 107 53346
2 108 46958
2 109 48237
2 110 59204
2 111 65927
2 112 41006
2 113 63682
2 114 1401
2 115 54861
2 116 67147
2 117 47994
2 118 5753
2 119 1110
3 4 63523
3 5 30739
3 6 28767
3 7 60064
3 8 27857
3 9 8545
3 10 7260
3 11 59819
3 12 31079
3 13 29072
3 14 7538
3 15 18539
3 16 18149
3 17 23009
3 18 7144
3 19 65770
3 20 12124
3 21 13760
3 22 59872
3 23 62676
3 24 15644
3 25 10890
3 26 52799
3 27 9006
3 28 56710
3 29 15513
3 30 7417
3 31 55729
3 32 10908
3 33 67280
3 34 10125
3 35 54513
3 36 9654
3 37 12855
3 38 25915
3 39 65050
3 40 51161
3 41 13122
3 42 17578
3 43 64192
3 44 3351
3 45 63742
3 46 8689
3 47 17335
3 48 51703
3 49 11681
3 50 8459
3 51 10576
3 52 4946
3 53 17714
3 54 4233
3 55 13396
3 56 51843
3 57 63432
3 58 68747
3 59 60397
3 60 9971
3 61 11321
3 62 15450
3 63 9697
3 64 28338
3 65 31465
3 66 11178
3 67 11405
3 68 56558
3 69 10189
3 70 5564
3 71 14495
3 72 57852
3 73 10881
3 74 4513
3 75 52052
3 76 51528
3 77 48599
3 78 19129
3 79 7808
3 80 56845
3 81 62123
3 82 1343
3 83 27974
3 84 12183
3 85 9144
3 86 52067
3 87 61973
3 88 3600
3 89 16309
3 90 25269
3 91 8182
3 92 51346
3 93 66626
3 94 61329
3 95 54515
3 96 11178
3 97 29101
3 98 9926
3 99 42906
3 100 28853
3 101 7887
3 102 64051
3 103 17148
3 104 60829
3 105 9298
3 106 32190
3 107 25819
3 108 5169
3 109 14137
3 110 13107
3 111 62547
3 112 11430
3 113 26654
3 114 51554
3 115 10633
3 116 64658
3 117 15501
3 118 56204
3 119 52121
4 5 39093
4 6 44009
4 7 6065
4 8 41758
4 9 58827
4 10 57189
4 11 9105
4 12 35673
4 13 44046
4 14 56052
4 15 73561
4 16 77336
4 17 43264
4 18 58278
4 19 9725
4 20 52274
4 21 56734
4 22 4416
4 23 10941
4 24 75453
4 25 59358
4 26 69978
4 27 59957
4 28 74384
4 29 61628
4 30 62224
4 31 72120
4 32 56928
4 33 6555
4 34 56544
4 35 72214
4 36 54755
4 37 74767
4 38 40027
4 39 12423
4 40 75555
4 41 50440
4 42 60098
4 43 1170
4 44 61637
4 45 1175
4 46 64289
4 47 76785
4 48 71677
4 49 56865
4 50 55068
4 51 54824
4 52 66441
4 53 76420
4 54 61049
4 55 74121
4 56 69722
4 57 1436
4 58 6871
4 59 7407
4 60 53600
4 61 57959
4 62 71404
4 63 53863
4 64 37092
4 65 42621
4 66 52845
4 67 72852
4 68 74751
4 69 58819
4 70 61470
4 71 52686
4 72 73195
4 73 70668
4 74 60849
4 75 75641
4 76 66072
4 77 64726
4 78 80133
4 79 55759
4 80 68497
4 81 8682
4 82 62209
4 83 36919
4 84 54021
4 85 55716
4 86 70815
4 87 5598
4 88 61670
4 89 74465
4 90 42757
4 91 55356
4 92 69042
4 93 3508
4 94 2276
4 95 67964
4 96 52430
4 97 34746
4 98 69626
4 99 66292
4 100 43116
4 101 55704
4 102 8744
4 103 72540
4 104 3292
4 105 68808
4 106 36343
4 107 38314
4 108 59679
4 109 74878
4 110 56144
4 111 1097
4 112 56552
4 113 44241
4 114 68283
4 115 54947
4 116 1410
4 117 75941
4 118 72049
4 119 68030
5 6 5031
5 7 37928
5 8 3064
5 9 23318
5 10 23479
5 11 39164
5 12 4686
5 13 5153
5 14 24945
5 15 47003
5 16 48351
5 17 8069
5 18 28884
5 19 44844
5 20 24283
5 21 32056
5 22 36716
5 23 42763
5 24 45939
5 25 22696
5 26 66053
5 27 23926
5 28 70778
5 29 37602
5 30 26439
5 31 69008
5 32 30151
5 33 44571
5 34 21131
5 35 68294
5 36 25737
5 37 43574
5 38 6367
5 39 45428
5 40 67926
5 41 20770
5 42 21521
5 43 39370
5 44 30475
5 45 39725
5 46 35774
5 47 47587
5 48 66254
5 49 20491
5 50 23735
5 51 20202
5 52 31680
5 53 47728
5 54 26954
5 55 43881
5 56 65315
5 57 39543
5 58 45578
5 59 38961
5 60 23029
5 61 21429
5 62 44039
5 63 23153
5 64 6611
5 65 4789
5 66 23905
5 67 42015
5 68 70870
5 69 22556
5 70 26584
5 71 27886
5 72 70886
5 73 40879
5 74 30274
5 75 68522
5 76 63171
5 77 60560
5 78 49805
5 79 23697
5 80 67838
5 81 41266
5 82 29452
5 83 7812
5 84 27455
5 85 26881
5 86 66031
5 87 39786
5 88 27670
5 89 46021
5 90 5472
5 91 24097
5 92 64642
5 93 42577
5 94 37291
5 95 66081
5 96 22407
5 97 11315
5 98 39800
5 99 57787
5 100 4074
5 101 24683
5 102 43022
5 103 45645
5 104 37341
5 105 32634
5 106 2813
5 107 10197
5 108 29220
5 109 44652
5 110 19337
5 111 38375
5 112 30111
5 113 5275
5 114 64371
5 115 20179
5 116 40455
5 117 45980
5 118 69269
5 119 64595
6 7 42947
6 8 3524
6 9 20720
6 10 21631
6 11 44195
6 12 9436
6 13 374
6 14 23920
6 15 46043
6 16 46788
6 17 8485
6 18 28079
6 19 49872
6 20 24294
6 21 32251
6 22 41710
6 23 47793
6 24 44315
6 25 19580
6 26 68268
6 27 21053
6 28 72933
6 29 37600
6 30 23550
6 31 71258
6 32 29969
6 33 49557
6 34 18733
6 35 70461
6 36 25300
6 37 41587
6 38 8725
6 39 50457
6 40 69625
6 41 20677
6 42 17278
6 43 44254
6 44 29036
6 45 44664
6 46 34794
6 47 45995
6 48 68278
6 49 17659
6 50 22743
6 51 18254
6 52 28980
6 53 46253
6 54 24722
6 55 42135
6 56 67487
6 57 44491
6 58 50540
6 59 43989
6 60 22367
6 61 18454
6 62 42994
6 63 22432
6 64 10369
6 65 2700
6 66 23673
6 67 40170
6 68 72989
6 69 19649
6 70 24062
6 71 28390
6 72 73195
6 73 39350
6 74 29026
6 75 70277
6 76 65577
6 77 62878
6 78 47879
6 79 22452
6 80 70401
6 81 46296
6 82 27557
6 83 11455
6 84 27550
6 85 26397
6 86 68140
6 87 44801
6 88 25433
6 89 44656
6 90 5574
6 91 23098
6 92 66830
6 93 47502
6 94 42241
6 95 68540
6 96 21996
6 97 15226
6 98 38301
6 99 59622
6 100 997
6 101 23710
6 102 48050
6 103 44655
6 104 42319
6 105 29363
6 106 7844
6 107 13138
6 108 28075
6 109 42887
6 110 16348
6 111 43311
6 112 30018
6 113 2375
6 114 66625
6 115 18166
6 116 45379
6 117 44244
6 118 71554
6 119 66903
7 8 40339
7 9 56007
7 10 54062
7 11 3267
7 12 34037
7 13 43035
7 14 52534
7 15 69015
7 16 73042
7 17 41059
7 18 54439
7 19 7048
7 20 48464
7 21 52346
7 22 2430
7 23 6241
7 24 71259
7 25 56797
7 26 63958
7 27 57227
7 28 68346
7 29 57029
7 30 59386
7 31 66080
7 32 52787
7 33 7216
7 34 53765
7 35 66187
7 36 50984
7 37 70832
7 38 37905
7 39 8562
7 40 69609
7 41 46944
7 42 58200
7 43 7234
7 44 57960
7 45 5338
7 46 60168
7 47 72528
7 48 65684
7 49 54293
7 50 51620
7 51 51940
7 52 63293
7 53 72099
7 54 57886
7 55 70052
7 56 63713
7 57 4919
7 58 8724
7 59 1706
7 60 50094
7 61 55397
7 62 66991
7 63 50367
7 64 34967
7 65 41896
7 66 49138
7 67 68893
7 68 68717
7 69 56172
7 70 58453
7 71 48459
7 72 67142
7 73 66592
7 74 57105
7 75 69678
7 76 60045
7 77 58734
7 78 75991
7 79 52400
7 80 62436
7 81 3983
7 82 58777
7 83 34609
7 84 49956
7 85 51885
7 86 64810
7 87 1934
7 88 58474
7 89 70140
7 90 40959
7 91 51886
7 92 63036
7 93 7442
7 94 4492
7 95 61916
7 96 48893
7 97 31971
7 98 65574
7 99 60437
7 100 42002
7 101 52185
7 102 5298
7 103 68050
7 104 3131
7 105 65945
7 106 35119
7 107 35614
7 108 55950
7 109 70795
7 110 53699
7 111 5101
7 112 52382
7 113 42855
7 114 62269
7 115 52088
7 116 6233
7 117 71803
7 118 66004
7 119 62006
8 9 20305
8 10 20604
8 11 41422
8 12 6366
8 13 3833
8 14 22309
8 15 44442
8 16 45600
8 17 5754
8 18 26340
8 19 47187
8 20 22042
8 21 29929
8 22 39228
8 23 44977
8 24 43169
8 25 19636
8 26 65093
8 27 20884
8 28 69780
8 29 35401
8 30 23398
8 31 68072
8 32 27852
8 33 47097
8 34 18141
8 35 67303
8 36 23317
8 37 40708
8 38 5276
8 39 47636
8 40 66642
8 41 18462
8 42 18579
8 43 42076
8 44 27731
8 45 42352
8 46 33187
8 47 44827
8 48 65170
8 49 17446
8 50 21104
8 51 17290
8 52 28667
8 53 45002
8 54 24008
8 55 41075
8 56 64326
8 57 42156
8 58 48156
8 59 41305
8 60 20510
8 61 18376
8 62 41445
8 63 20613
8 64 6871
8 65 4997
8 66 21559
8 67 39181
8 68 69849
8 69 19509
8 70 23588
8 71 25889
8 72 69990
8 73 38129
8 74 27586
8 75 67272
8 76 62337
8 77 59666
8 78 46959
8 79 20986
8 80 67115
8 81 43569
8 82 26584
8 83 7938
8 84 25266
8 85 24448
8 86 65001
8 87 42220
8 88 24725
8 89 43327
8 90 2805
8 91 21466
8 92 63663
8 93 45226
8 94 39903
8 95 65286
8 96 19980
8 97 11715
8 98 37057
8 99 56579
8 100 2629
8 101 22063
8 102 45359
8 103 43072
8 104 39894
8 105 29572
8 106 5481
8 107 9659
8 108 26562
8 109 41842
8 110 16280
8 111 41009
8 112 27850
8 113 2517
8 114 63435
8 115 17254
8 116 43106
8 117 43179
8 118 68357
8 119 63696
9 10 3739
9 11 56191
9 12 24484
9 13 20999
9 14 8152
9 15 26983
9 16 26639
9 17 16234
9 18 11504
9 19 62186
9 20 12644
9 21 18330
9 22 55505
9 23 59329
9 24 24125
9 25 2840
9 26 58308
9 27 1526
9 28 62502
9 29 21948
9 30 3397
9 31 61304
9 32 15205
9 33 63180
9 34 2306
9 35 60192
9 36 11265
9 37 21034
9 38 19420
9 39 61837
9 40 57523
9 41 11135
9 42 9771
9 43 59380
9 44 10089
9 45 59179
9 46 16415
9 47 25817
9 48 57521
9 49 3168
9 50 7837
9 51 4091
9 52 8363
9 53 26238
9 54 4312
9 55 21824
9 56 57387
9 57 58904
9 58 64526
9 59 56554
9 60 9134
9 61 2813
9 62 23878
9 63 8898
9 64 22174
9 65 23413
9 66 11380
9 67 19773
9 68 62408
9 69 1832
9 70 3344
9 71 16882
9 72 63404
9 73 19425
9 74 10669
9 75 58358
9 76 56588
9 77 53668
9 78 27329
9 79 6650
9 80 61856
9 81 58487
9 82 7594
9 83 22097
9 84 14700
9 85 11674
9 86 57742
9 87 57939
9 88 4961
9 89 24854
9 90 17965
9 91 7922
9 92 56834
9 93 62097
9 94 56719
9 95 59625
9 96 10090
9 97 24106
9 98 18468
9 99 48593
9 100 20928
9 101 8278
9 102 60403
9 103 25583
9 104 56380
9 105 9982
9 106 25144
9 107 20513
9 108 10270
9 109 22541
9 110 4589
9 111 57916
9 112 15584
9 113 18768
9 114 56922
9 115 3924
9 116 60051
9 117 23912
9 118 61734
9 119 57413
10 11 54061
10 12 23921
10 13 21948
10 14 4429
10 15 24761
10 16 25158
10 17 15784
10 18 8069
10 19 60049
10 20 8970
10 21 14694
10 22 53702
10 23 57090
10 24 22685
10 25 6497
10 26 54642
10 27 5202
10 28 58867
10 29 18608
10 30 6086
10 31 57643
10 32 11593
10 33 61267
10 34 3673
10 35 56544
10 36 7527
10 37 20104
10 38 18757
10 39 59550
10 40 53993
10 41 7904
10 42 13258
10 43 57802
10 44 7566
10 45 57477
10 46 13746
10 47 24363
10 48 53895
10 49 5766
10 50 4119
10 51 3378
10 52 9253
10 53 24634
10 54 3866
10 55 20523
10 56 53726
10 57 57184
10 58 62671
10 59 54516
10 60 5510
10 61 6022
10 62 21663
10 63 5256
10 64 21280
10 65 24320
10 66 7708
10 67 18592
10 68 58782
10 69 5418
10 70 4509
10 71 13144
10 72 59739
10 73 17730
10 74 7827
10 75 54814
10 76 52882
10 77 49965
10 78 26358
10 79 2921
10 80 58144
10 81 56365
10 82 5980
10 83 21004
10 84 10963
10 85 7971
10 86 54097
10 87 55988
10 88 4516
10 89 23075
10 90 18009
10 91 4187
10 92 53166
10 93 60383
10 94 55035
10 95 55921
10 96 6567
10 97 22492
10 98 16692
10 99 44961
10 100 21669
10 101 4542
10 102 58290
10 103 23357
10 104 54617
10 105 12155
10 106 24954
10 107 19045
10 108 7161
10 109 21281
10 110 7030
10 111 56245
10 112 11946
10 113 19467
10 114 53243
10 115 3484
10 116 58371
10 117 22631
10 118 58067
10 119 53726
11 12 35068
11 13 44308
11 14 52281
11 15 67948
11 16 72163
11 17 41704
11 18 53952
11 19 5994
11 20 48027
11 21 51457
11 22 5669
11 23 3687
11 24 70460
11 25 57138
11 26 61272
11 27 57463
11 28 65604
11 29 55953
11 30 59546
11 31 63332
11 32 52086
11 33 8179
11 34 53986
11 35 63480
11 36 50562
11 37 70224
11 38 38625
11 39 6327
11 40 67079
11 41 46735
11 42 58918
11 43 10268
11 44 57574
11 45 8211
11 46 59454
11 47 71678
11 48 63064
11 49 54638
11 50 51418
11 51 52105
11 52 63242
11 53 71202
11 54 57845
11 55 69348
11 56 61056
11 57 7810
11 58 9921
11 59 1699
11 60 49860
11 61 55743
11 62 66035
11 63 50139
11 64 35716
11 65 43319
11 66 48771
11 67 68272
11 68 65987
11 69 56462
11 70 58504
11 71 47713
11 72 64345
11 73 65892
11 74 56675
11 75 67118
11 76 57344
11 77 56118
11 78 75219
11 79 52255
11 80 59596
11 81 2306
11 82 58554
11 83 35255
11 84 49325
11 85 51415
11 86 62163
11 87 3693
11 88 58409
11 89 69245
11 90 41834
11 91 51668
11 92 60385
11 93 9716
11 94 7739
11 95 59142
11 96 48645
11 97 32368
11 98 64894
11 99 58067
11 100 43230
11 101 51933
11 102 4233
11 103 67031
11 104 6387
11 105 66066
11 106 36352
11 107 36014
11 108 55536
11 109 70079
11 110 54122
11 111 8233
11 112 51660
11 113 43937
11 114 59599
11 115 52267
11 116 8994
11 117 71045
11 118 63240
11 119 59313
12 13 9631
12 14 24554
12 15 46124
12 16 48029
12 17 8252
12 18 28163
12 19 40852
12 20 22956
12 21 30344
12 22 32992
12 23 38615
12 24 45701
12 25 24392
12 26 62437
12 27 25341
12 28 67191
12 29 35967
12 30 27792
12 31 65359
12 32 28822
12 33 40862
12 34 22195
12 35 64705
12 36 24770
12 37 43719
12 38 5166
12 39 41273
12 40 64673
12 41 19697
12 42 24431
12 43 36047
12 44 30309
12 45 36219
12 46 35064
12 47 47303
12 48 62771
12 49 21997
12 50 23360
12 51 20888
12 52 32722
12 53 47329
12 54 27646
12 55 43785
12 56 61730
12 57 36007
12 58 41964
12 59 34974
12 60 22376
12 61 23034
12 62 43271
12 63 22550
12 64 3232
12 65 9468
12 66 22817
12 67 42038
12 68 67307
12 69 24052
12 70 27569
12 71 25995
12 72 67193
12 73 40611
12 74 29933
12 75 65227
12 76 59433
12 77 56888
12 78 49826
12 79 23560
12 80 63985
12 81 37224
12 82 29748
12 83 4250
12 84 25946
12 85 25921
12 86 62488
12 87 35929
12 88 28346
12 89 45534
12 90 7105
12 91 23716
12 92 61047
12 93 39112
12 94 33758
12 95 62300
12 96 21549
12 97 7042
12 98 39518
12 99 54470
12 100 8440
12 101 24253
12 102 39024
12 103 44810
12 104 33692
12 105 34249
12 106 2611
12 107 7072
12 108 28808
12 109 44566
12 110 21046
12 111 34886
12 112 28702
12 113 8873
12 114 60731
12 115 20927
12 116 36999
12 117 45851
12 118 65596
12 119 60919
13 14 24266
13 15 46383
13 16 47106
13 17 8858
13 18 28429
13 19 49970
13 20 24662
13 21 32620
13 22 41780
13 23 47911
13 24 44631
13 25 19824
13 26 68636
13 27 21313
13 28 73301
13 29 37965
13 30 23806
13 31 71625
13 32 30332
13 33 49622
13 34 19026
13 35 70829
13 36 25660
13 37 41886
13 38 9061
13 39 50577
13 40 69999
13 41 21045
13 42 17408
13 43 44281
13 44 29365
13 45 44709
13 46 35136
13 47 46311
13 48 68648
13 49 17927
13 50 23091
13 51 18570
13 52 29244
13 53 46574
13 54 25017
13 55 42446
13 56 67855
13 57 44539
13 58 50594
13 59 44088
13 60 22723
13 61 18711
13 62 43332
13 63 22786
13 64 10652
13 65 2415
13 66 24038
13 67 40477
13 68 73358
13 69 19908
13 70 24342
13 71 28762
13 72 73561
13 73 39671
13 74 29362
13 75 70650
13 76 65941
13 77 63244
13 78 48180
13 79 22792
13 80 70762
13 81 46401
13 82 27867
13 83 11749
13 84 27918
13 85 26755
13 86 68509
13 87 44884
13 88 25727
13 89 44982
13 90 5942
13 91 23444
13 92 67198
13 93 47541
13 94 42291
13 95 68903
13 96 22357
13 97 15513
13 98 38624
13 99 59994
13 100 1235
13 101 24057
13 102 48149
13 103 44994
13 104 42380
13 105 29585
13 106 7958
13 107 13469
13 108 28414
13 109 43196
13 110 16607
13 111 43356
13 112 30383
13 113 2745
13 114 66992
13 115 18479
13 116 45419
13 117 44554
13 118 71921
13 119 67269
14 15 22154
14 16 23500
14 17 16910
14 18 4232
14 19 58234
14 20 5043
14 21 10325
14 22 52365
14 23 55148
14 24 21150
14 25 10926
14 26 50228
14 27 9570
14 28 54472
14 29 14593
14 30 9983
14 31 53231
14 32 7271
14 33 59749
14 34 7846
14 35 52140
14 36 3146
14 37 19314
14 38 19468
14 39 57531
14 40 49680
14 41 5612
14 42 17628
14 43 56737
14 44 5815
14 45 56253
14 46 10893
14 47 22761
14 48 49506
14 49 9991
14 50 1211
14 51 6689
14 52 11433
14 53 22832
14 54 6531
14 55 19244
14 56 49315
14 57 55938
14 58 61223
14 59 52860
14 60 2452
14 61 10389
14 62 19139
14 63 2192
14 64 21605
14 65 26538
14 66 3884
14 67 17556
14 68 54392
14 69 9845
14 70 7966
14 71 8803
14 72 55325
14 73 16061
14 74 5381
14 75 50490
14 76 48454
14 77 45537
14 78 25311
14 79 1731
14 80 53715
14 81 54585
14 82 6282
14 83 21092
14 84 6563
14 85 3551
14 86 49695
14 87 54441
14 88 6830
14 89 21090
14 90 19551
14 91 848
14 92 48752
14 93 59130
14 94 53847
14 95 51493
14 96 3641
14 97 21840
14 98 14969
14 99 40568
14 100 23790
14 101 349
14 102 56513
14 103 20776
14 104 53329
14 105 15178
14 106 25990
14 107 18729
14 108 4283
14 109 20026
14 110 11111
14 111 55067
14 112 7585
14 113 21617
14 114 48822
14 115 6921
14 116 57173
14 117 21301
14 118 53653
14 119 49302
15 16 5913
15 17 38935
15 18 18119
15 19 73531
15 20 23228
15 21 16930
15 22 69428
15 23 70111
15 24 6408
15 25 29428
15 26 41137
15 27 27544
15 28 44091
15 29 11995
15 30 25829
15 31 43718
15 32 17496
15 33 75999
15 34 28226
15 35 42304
15 36 21368
15 37 10300
15 38 41229
15 39 72104
15 40 37349
15 41 26435
15 42 36053
15 43 74428
15 44 17195
15 45 73511
15 46 11261
15 47 6073
15 48 39303
15 49 30030
15 50 23351
15 51 28062
15 52 21422
15 53 4956
15 54 22705
15 55 8066
15 56 40152
15 57 73145
15 58 77652
15 59 68915
15 60 23974
15 61 29792
15 62 3108
15 63 23851
15 64 42994
15 65 48678
15 66 23307
15 67 9684
15 68 43798
15 69 28696
15 70 24101
15 71 21229
15 72 45782
15 73 8166
15 74 17050
15 75 38342
15 76 41119
15 77 38410
15 78 9839
15 79 23591
15 80 46199
15 81 70153
15 82 19390
15 83 42272
15 84 20498
15 85 20215
15 86 40017
15 87 70787
15 88 22121
15 89 3984
15 90 41667
15 91 22991
15 92 39838
15 93 76218
15 94 71287
15 95 43768
15 96 24649
15 97 42038
15 98 8844
15 99 31591
15 100 45938
15 101 22388
15 102 72014
15 103 1405
15 104 70500
15 105 24833
15 106 47826
15 107 39599
15 108 17969
15 109 7996
15 110 31439
15 111 72496
15 112 17723
15 113 43759
15 114 40345
15 115 28209
15 116 74477
15 117 7474
15 118 44282
15 119 41069
16 17 40371
16 18 19961
16 19 77859
16 20 25703
16 21 20708
16 22 73306
16 23 74493
16 24 2517
16 25 28726
16 26 46836
16 27 26879
16 28 49637
16 29 16617
16 30 24798
16 31 49356
16 32 20468
16 33 80119
16 34 28268
16 35 47925
16 36 23494
16 37 6441
16 38 42965
16 39 76578
16 40 42726
16 41 28487
16 42 34856
16 43 78155
16 44 17876
16 45 77357
16 46 13248
16 47 835
16 48 44917
16 49 29800
16 50 24705
16 51 28535
16 52 19711
16 53 1038
16 54 22356
16 55 4891
16 56 45853
16 57 77003
16 58 81735
16 59 73045
16 60 25659
16 61 29353
16 62 6324
16 63 25480
16 64 45022
16 65 49476
16 66 25501
16 67 7003
16 68 49322
16 69 28174
16 70 23442
16 71 24651
16 72 51400
16 73 7472
16 74 18121
16 75 43731
16 76 46937
16 77 44255
16 78 3929
16 79 24657
16 80 51976
16 81 74403
16 82 19280
16 83 44427
16 84 23444
16 85 22381
16 86 45675
16 87 74858
16 88 21683
16 89 2934
16 90 42903
16 91 24345
16 92 45563
16 93 80123
16 94 75071
16 95 49546
16 96 26546
16 97 44665
16 98 8551
16 99 37391
16 100 46809
16 101 23791
16 102 76289
16 103 5955
16 104 74355
16 105 22335
16 106 49487
16 107 41900
16 108 19227
16 109 4276
16 110 31225
16 111 76289
16 112 20814
16 113 44607
16 114 46098
16 115 28630
16 116 78315
16 117 2988
16 118 49929
16 119 46833
17 18 20817
17 19 47632
17 20 16311
17 21 24179
17 22 40265
17 23 45097
17 24 37982
17 25 16250
17 26 59834
17 27 17117
17 28 64484
17 29 29666
17 30 19553
17 31 62830
17 32 22147
17 33 48087
17 34 13943
17 35 62016
17 36 17679
17 37 35767
17 38 3258
17 39 47712
17 40 61141
17 41 12753
17 42 17225
17 43 43725
17 44 22515
17 45 43721
17 46 27711
17 47 39618
17 48 59811
17 49 13813
17 50 15700
17 51 12669
17 52 24476
17 53 39728
17 54 19448
17 55 35971
17 56 59044
17 57 43479
17 58 49306
17 59 41821
17 60 14960
17 61 14872
17 62 35976
17 63 15087
17 64 6173
17 65 10620
17 66 15872
17 67 34150
17 68 64534
17 69 15851
17 70 19323
17 71 20139
17 72 64780
17 73 32907
17 74 22264
17 75 61792
17 76 57195
17 77 54473
17 78 41949
17 79 15723
17 80 62069
17 81 43944
17 82 21693
17 83 6455
17 84 19524
17 85 18821
17 86 59685
17 87 42984
17 88 20153
17 89 38000
17 90 2998
17 91 16062
17 92 58391
17 93 46637
17 94 41249
17 95 60173
17 96 14345
17 97 9636
17 98 31822
17 99 51140
17 100 7929
17 101 16640
17 102 45812
17 103 37579
17 104 41052
17 105 26039
17 106 9185
17 107 6289
17 108 21192
17 109 36747
17 110 12948
17 111 42416
17 112 22130
17 113 6216
17 114 58201
17 115 12697
17 116 44547
17 117 38060
17 118 63134
17 119 58492
18 19 59841
18 20 6005
18 21 7065
18 22 54439
18 23 56645
18 24 17733
18 25 14343
18 26 46954
18 27 12727
18 28 51078
18 29 10541
18 30 12424
18 31 49934
18 32 3973
18 33 61629
18 34 11716
18 35 48792
18 36 3580
18 37 16504
18 38 23179
18 39 58939
18 40 46021
18 41 8528
18 42 21250
18 43 59022
18 44 3974
18 45 58406
18 46 6914
18 47 19270
18 48 46086
18 49 13832
18 50 5355
18 51 10821
18 52 11988
18 53 19212
18 54 8504
18 55 16057
18 56 46021
18 57 58075
18 58 63160
18 59 54645
18 60 5858
18 61 14057
18 62 15168
18 63 5733
18 64 25104
18 65 30675
18 66 5578
18 67 14615
18 68 50971
18 69 13315
18 70 10227
18 71 7377
18 72 52043
18 73 12691
18 74 2865
18 75 46857
18 76 45390
18 77 42461
18 78 22156
18 79 5894
18 80 50688
18 81 56244
18 82 6409
18 83 24478
18 84 5114
18 85 2563
18 86 46341
18 87 56319
18 88 8442
18 89 17386
18 90 23557
18 91 5012
18 92 45483
18 93 61247
18 94 56042
18 95 48413
18 96 6615
18 97 24768
18 98 11603
18 99 37175
18 100 27916
18 101 4396
18 102 58166
18 103 16762
18 104 55441
18 105 16238
18 106 29761
18 107 21939
18 108 1975
18 109 16835
18 110 15060
18 111 57265
18 112 4454
18 113 25758
18 114 45610
18 115 11035
18 116 59344
18 117 18023
18 118 50378
18 119 46128
19 20 53936
19 21 57172
19 22 8898
19 23 3533
19 24 76201
19 25 63124
19 26 64571
19 27 63456
19 28 68732
19 29 61546
19 30 65540
19 31 66449
19 32 57893
19 33 4537
19 34 59979
19 35 66713
19 36 56473
19 37 76056
19 38 44530
19 39 3066
19 40 70739
19 41 52698
19 42 64834
19 43 10603
19 44 63492
19 45 8550
19 46 65248
19 47 77391
19 48 66527
19 49 60623
19 50 57381
19 51 58099
19 52 69223
19 53 76889
19 54 63829
19 55 75139
19 56 64432
19 57 8335
19 58 6085
19 59 5884
19 60 55818
19 61 61728
19 62 71692
19 63 56097
19 64 41610
19 65 48883
19 66 54699
19 67 74100
19 68 69145
19 69 62452
19 70 64495
19 71 53505
19 72 67311
19 73 71687
19 74 62580
19 75 70708
19 76 60618
19 77 59622
19 78 80972
19 79 58226
19 80 62449
19 81 3703
19 82 64510
19 83 41179
19 84 55166
19 85 57311
19 86 65560
19 87 5427
19 88 64390
19 89 74935
19 90 47689
19 91 57628
19 92 63781
19 93 8073
19 94 9756
19 95 62201
19 96 54601
19 97 38341
19 98 70699
19 99 62098
19 100 48918
19 101 57886
19 102 1828
19 103 72647
19 104 8847
19 105 72060
19 106 42032
19 107 41988
19 108 61446
19 109 75863
19 110 60098
19 111 9447
19 112 57459
19 113 49704
19 114 62948
19 115 58261
19 116 8767
19 117 76807
19 118 66309
19 119 62601
20 21 7963
20 22 48443
20 23 50773
20 24 23567
20 25 15224
20 26 46629
20 27 14147
20 28 51020
20 29 13359
20 30 14896
20 31 49649
20 32 5889
20 33 55660
20 34 11712
20 35 48633
20 36 2538
20 37 22506
20 38 18209
20 39 53099
20 40 46691
20 41 3618
20 42 21460
20 43 53017
20 44 9562
20 45 52404
20 46 12463
20 47 25050
20 48 46115
20 49 13753
20 50 4873
20 51 9977
20 52 16390
20 53 24897
20 54 11572
20 55 21996
20 56 45746
20 57 52074
20 58 57182
20 59 48693
20 60 3530
20 61 14409
20 62 20467
20 63 3750
20 64 19793
20 65 26729
20 66 1264
20 67 20608
20 68 50979
20 69 14137
20 70 12959
20 71 4640
20 72 51714
20 73 18589
20 74 8649
20 75 47447
20 76 44606
20 77 41718
20 78 28082
20 79 6077
20 80 49806
20 81 50323
20 82 11001
20 83 19046
20 84 3258
20 85 3443
20 86 46207
20 87 50349
20 88 11868
20 89 23011
20 90 19242
20 91 4883
20 92 45153
20 93 55248
20 94 50038
20 95 47650
20 96 2867
20 97 18973
20 98 17513
20 99 37194
20 100 23960
20 101 4764
20 102 52248
20 103 21945
20 104 49441
20 105 20216
20 106 24792
20 107 16375
20 108 7509
20 109 22769
20 110 14575
20 111 51261
20 112 5828
20 113 21920
20 114 45149
20 115 10251
20 116 53341
20 117 23921
20 118 50040
20 119 45580
21 22 52654
21 23 53825
21 24 19042
21 25 21155
21 26 39984
21 27 19644
21 28 44177
21 29 5629
21 30 19481
21 31 42976
21 32 3136
21 33 59412
21 34 18168
21 35 41862
21 36 7570
21 37 19384
21 38 25848
21 39 55949
21 40 39368
21 41 11580
21 42 27943
21 43 57579
21 44 10409
21 45 56720
21 46 8491
21 47 20222
21 48 39202
21 49 20313
21 50 11044
21 51 16867
21 52 18706
21 53 19756
21 54 15568
21 55 18149
21 56 39060
21 57 56361
21 58 61032
21 59 52338
21 60 10555
21 61 20701
21 62 14671
21 63 10620
21 64 27123
21 65 34667
21 66 8721
21 67 17430
21 68 44089
21 69 20092
21 70 17287
21 71 4434
21 72 45078
21 73 14766
21 74 9256
21 75 40172
21 76 38347
21 77 35419
21 78 23826
21 79 12023
21 80 43639
21 81 53701
21 82 13283
21 83 26249
21 84 4705
21 85 6801
21 86 39413
21 87 54155
21 88 15498
21 89 17798
21 90 27139
21 91 10812
21 92 38510
21 93 59464
21 94 54462
21 95 41374
21 96 10503
21 97 25498
21 98 13881
21 99 30269
21 100 31903
21 101 10297
21 102 55591
21 103 15838
21 104 53713
21 105 23045
21 106 32356
21 107 23457
21 108 8851
21 109 18834
21 110 21399
21 111 55677
21 112 2749
21 113 29876
21 114 38612
21 115 17119
21 116 57682
21 117 19690
21 118 43409
21 119 39116
22 23 8600
22 24 71465
22 25 56181
22 26 65686
22 27 56687
22 28 70121
22 29 57470
22 30 58896
22 31 67863
22 32 52952
22 33 7870
22 34 53243
22 35 67932
22 36 50944
22 37 70894
22 38 37068
22 39 10788
22 40 71196
22 41 46757
22 42 57306
22 43 5515
22 44 57878
22 45 4104
22 46 60327
22 47 72771
22 48 67353
22 49 53679
22 50 51414
22 51 51464
22 52 62951
22 53 72379
22 54 57547
22 55 70188
22 56 65416
22 57 3723
22 58 9046
22 59 4132
22 60 49916
22 61 54779
22 62 67322
22 63 50184
22 64 34123
22 65 40539
22 66 49063
22 67 68968
22 68 70482
22 69 55593
22 70 58046
22 71 48669
22 72 68969
22 73 66730
22 74 57057
22 75 71293
22 76 61791
22 77 60404
22 78 76169
22 79 52151
22 80 64305
22 81 6283
22 82 58570
22 83 33843
22 84 50076
22 85 51878
22 86 66503
22 87 3477
22 88 58151
22 89 70421
22 90 39998
22 91 51691
22 92 64733
22 93 6821
22 94 2360
22 95 63725
22 96 48730
22 97 31404
22 98 65697
22 99 61897
22 100 40782
22 101 52016
22 102 7298
22 103 68429
22 104 1126
22 105 65473
22 106 33921
22 107 35023
22 108 55893
22 109 70938
22 110 53028
22 111 3327
22 112 52563
22 113 41738
22 114 63984
22 115 51600
22 116 5076
22 117 71978
22 118 67802
22 119 63743
23 24 72863
23 25 60361
23 26 61256
23 27 60627
23 28 65462
23 29 58135
23 30 62664
23 31 63181
23 32 54612
23 33 7484
23 34 57148
23 35 63415
23 36 53311
23 37 72790
23 38 42055
23 39 2666
23 40 67345
23 41 49646
23 42 62322
23 43 12011
23 44 60335
23 45 9841
23 46 61952
23 47 74035
23 48 63174
23 49 57866
23 50 54322
23 51 55238
23 52 66224
23 53 73517
23 54 60843
23 55 71836
23 56 61098
23 57 9511
23 58 9208
23 59 4583
23 60 52746
23 61 58970
23 62 68306
23 63 53028
23 64 39164
23 65 46956
23 66 51566
23 67 70831
23 68 65868
23 69 59658
23 70 61559
23 71 50215
23 72 64084
23 73 68389
23 74 59404
23 75 67329
23 76 57306
23 77 56256
23 78 77641
23 79 55195
23 80 59251
23 81 2349
23 82 61430
23 83 38663
23 84 51917
23 85 54127
23 86 62222
23 87 5486
23 88 61390
23 89 71565
23 90 45318
23 91 54561
23 92 60442
23 93 10334
23 94 10212
23 95 58945
23 96 51524
23 97 35674
23 98 67410
23 99 58634
23 100 46823
23 101 54802
23 102 2671
23 103 69242
23 104 8993
23 105 69153
23 106 39953
23 107 39310
23 108 58279
23 109 72555
23 110 57392
23 111 10328
23 112 54171
23 113 47488
23 114 59620
23 115 55408
23 116 10367
23 117 73483
23 118 63054
23 119 59287
24 25 26211
24 26 47509
24 27 24362
24 28 50497
24 29 15425
24 30 22288
24 31 50109
24 32 18525
24 33 78367
24 34 25766
24 35 48700
24 36 21294
24 37 4249
24 38 40617
24 39 74991
24 40 43748
24 41 26239
24 42 32362
24 43 76253
24 44 15469
24 45 75500
24 46 11189
24 47 1692
24 48 45700
24 49 27287
24 50 22350
24 51 26061
24 52 17232
24 53 2350
24 54 19845
24 55 2408
24 56 46522
24 57 75151
24 58 79967
24 59 71305
24 60 23355
24 61 26837
24 62 5531
24 63 23166
24 64 42720
24 65 47005
24 66 23301
24 67 4518
24 68 50205
24 69 25658
24 70 20926
24 71 22803
24 72 52178
24 73 5089
24 74 15769
24 75 44743
24 76 47404
24 77 44662
24 78 4791
24 79 22259
24 80 52521
24 81 72713
24 82 16787
24 83 42150
24 84 21457
24 85 20200
24 86 46403
24 87 73091
24 88 19170
24 89 2440
24 90 40484
24 91 21992
24 92 46198
24 93 78286
24 94 73193
24 95 50090
24 96 24277
24 97 42490
24 98 6183
24 99 37903
24 100 44347
24 101 21448
24 102 74609
24 103 5875
24 104 72503
24 105 19968
24 106 47117
24 107 39658
24 108 16895
24 109 1902
24 110 28712
24 111 74413
24 112 18903
24 113 42144
24 114 46688
24 115 26152
24 116 76453
24 117 1073
24 118 50670
24 119 47403
25 26 61126
25 27 1884
25 28 65331
25 29 24773
25 30 4082
25 31 64124
25 32 18035
25 33 63927
25 34 3704
25 35 63017
25 36 14005
25 37 22878
25 38 19503
25 39 62906
25 40 60363
25 41 13349
25 42 6959
25 43 59862
25 44 12782
25 45 59762
25 46 19086
25 47 27896
25 48 60352
25 49 2504
25 50 10514
25 51 5754
25 52 9571
25 53 28393
25 54 6766
25 55 23860
25 56 60207
25 57 59503
25 58 65222
25 59 57421
25 60 11694
25 61 1401
25 62 26335
25 63 11480
25 64 22374
25 65 22229
25 66 13967
25 67 21771
25 68 65239
25 69 1091
25 70 5343
25 71 19577
25 72 66223
25 73 21683
25 74 13429
25 75 61197
25 76 59380
25 77 56462
25 78 29129
25 79 9357
25 80 64641
25 81 59421
25 82 10103
25 83 22449
25 84 17440
25 85 14467
25 86 60568
25 87 58731
25 88 7313
25 89 27105
25 90 17550
25 91 10634
25 92 59651
25 93 62682
25 94 57294
25 95 62418
25 96 12548
25 97 24827
25 98 20774
25 99 51423
25 100 19912
25 101 11030
25 102 61326
25 103 28035
25 104 57019
25 105 9941
25 106 24758
25 107 21183
25 108 13081
25 109 24547
25 110 3370
25 111 58477
25 112 18408
25 113 17832
25 114 59733
25 115 5502
25 116 60613
25 117 25916
25 118 64552
25 119 60219
26 27 59626
26 28 4786
26 29 37310
26 30 59334
26 31 3023
26 32 43116
26 33 68721
26 34 58004
26 35 2333
26 36 47246
26 37 51004
26 38 59924
26 39 61863
26 40 7729
26 41 49725
26 42 67836
26 43 71133
26 44 49640
26 45 69292
26 46 44608
26 47 47149
26 48 2821
26 49 60133
26 50 50798
26 51 56494
26 52 57532
26 53 45992
26 54 55392
26 55 48773
26 56 988
26 57 68875
26 58 70461
26 59 62879
26 60 49958
26 61 60609
26 62 42486
26 63 50100
26 64 59582
26 65 70073
26 66 47768
26 67 49805
26 68 4990
26 69 60056
26 70 57133
26 71 41995
26 72 5097
26 73 47253
26 74 48623
26 75 7158
26 76 3955
26 77 5643
26 78 50598
26 79 51873
26 80 5700
26 81 62657
26 82 52700
26 83 58394
26 84 43870
26 85 46677
26 86 1566
26 87 64956
26 88 55225
26 89 45068
26 90 62694
26 91 50616
26 92 1478
26 93 70977
26 94 68042
26 95 3684
26 96 49495
26 97 55508
26 98 47213
26 99 9923
26 100 67597
26 101 50157
26 102 63890
26 103 41676
26 104 66762
26 105 61843
26 106 65015
26 107 55857
26 108 48544
26 109 48906
26 110 61104
26 111 68943
26 112 42725
26 113 66049
26 114 1765
26 115 56762
26 116 70162
26 117 48581
26 118 3425
26 119 1971
27 28 63789
27 29 23069
27 30 2516
27 31 62616
27 32 16510
27 33 64388
27 34 3480
27 35 61491
27 36 12702
27 37 21082
27 38 20342
27 39 63147
27 40 58729
27 41 12656
27 42 8749
27 43 60493
27 44 10958
27 45 60329
27 46 17244
27 47 26050
27 48 58802
27 49 3438
27 50 9318
27 51 5455
27 52 7939
27 53 26533
27 54 4898
27 55 22020
27 56 58700
27 57 60059
27 58 65716
27 59 57800
27 60 10645
27 61 2613
27 62 24451
27 63 10406
27 64 23150
27 65 23726
27 66 12882
27 67 19937
27 68 63688
27 69 1405
27 70 3463
27 71 18339
27 72 64720
27 73 19807
27 74 11648
27 75 59573
27 76 57951
27 77 55028
27 78 27350
27 79 8122
27 80 63227
27 81 59755
27 82 8231
27 83 23134
27 84 16132
27 85 13060
27 86 59041
27 87 59161
27 88 5431
27 89 25231
27 90 18660
27 91 9387
27 92 58153
27 93 63248
27 94 57865
27 95 60985
27 96 11613
27 97 25284
27 98 18893
27 99 49883
27 100 21329
27 101 9716
27 102 61668
27 103 26152
27 104 57548
27 105 8929
27 106 25869
27 107 21666
27 108 11365
27 109 22714
27 110 4706
27 111 59058
27 112 16907
27 113 19207
27 114 58255
27 115 5255
27 116 61193
27 117 24084
27 118 63052
27 119 58753
28 29 41198
28 30 63398
28 31 2283
28 32 47297
28 33 72941
28 34 62282
28 35 2486
28 36 51535
28 37 54158
28 38 64627
28 39 65973
28 40 7548
28 41 54181
28 42 72099
28 43 75543
28 44 53611
28 45 73673
28 46 48367
28 47 50011
28 48 5007
28 49 64419
28 50 55084
28 51 60823
28 52 61366
28 53 48844
28 54 59458
28 55 51910
28 56 5463
28 57 73257
28 58 74670
28 59 67228
28 60 54300
28 61 64860
28 62 45672
28 63 54432
28 64 64322
28 65 74765
28 66 52136
28 67 53068
28 68 568
28 69 64269
28 70 61201
28 71 46380
28 72 2470
28 73 50614
28 74 52626
28 75 6577
28 76 8394
28 77 10424
28 78 53299
28 79 56138
28 80 7022
28 81 66928
28 82 56677
28 83 63135
28 84 48191
28 85 50922
28 86 4823
28 87 69295
28 88 59260
28 89 48063
28 90 67360
28 91 54891
28 92 6144
28 93 75291
28 94 72479
28 95 6558
28 96 53881
28 97 60272
28 98 50649
28 99 13908
28 100 72273
28 101 54415
28 102 68111
28 103 44741
28 104 71187
28 105 65639
28 106 69765
28 107 60584
28 108 52607
28 109 51987
28 110 65424
28 111 73359
28 112 46925
28 113 70700
28 114 6538
28 115 61088
28 116 74531
28 117 51565
28 118 2508
28 119 6538
29 30 22359
29 31 40228
29 32 7657
29 33 64004
29 34 22257
29 35 39003
29 36 12415
29 37 16877
29 38 31433
29 39 60151
29 40 35758
29 41 16954
29 42 31719
29 43 62510
29 44 12455
29 45 61559
29 46 7482
29 47 16287
29 48 36190
29 49 24372
29 50 15553
29 51 21280
29 52 20224
29 53 15599
29 54 18454
29 55 15162
29 56 36349
29 57 61190
29 58 65660
29 59 56921
29 60 15443
29 61 24571
29 62 10303
29 63 15445
29 64 32749
29 65 40069
29 66 13928
29 67 15070
29 68 41047
29 69 23776
29 70 20188
29 71 10040
29 72 42351
29 73 12196
29 74 11536
29 75 36628
29 76 36169
29 77 33252
29 78 20151
29 79 16318
29 80 41485
29 81 58159
29 82 15516
29 83 31878
29 84 10148
29 85 11408
29 86 36558
29 87 58797
29 88 18183
29 89 13699
29 90 32601
29 91 15256
29 92 35862
29 93 64251
29 94 59353
29 95 39127
29 96 15636
29 97 31084
29 98 11626
29 99 27404
29 100 37297
29 101 14668
29 102 60023
29 103 11112
29 104 58547
29 105 24549
29 106 37961
29 107 29085
29 108 11704
29 109 15716
29 110 25598
29 111 60559
29 112 7582
29 113 35230
29 114 36096
29 115 21507
29 116 62526
29 117 16265
29 118 40708
29 119 36682
30 31 62303
30 32 16360
30 33 66563
30 34 5692
30 35 61139
30 36 13103
30 37 18852
30 38 22761
30 39 65163
30 40 58115
30 41 13967
30 42 10225
30 43 62777
30 44 9945
30 45 62575
30 46 16016
30 47 23965
30 48 58396
30 49 5954
30 50 10035
30 51 7447
30 52 5492
30 53 24508
30 54 3942
30 55 19915
30 56 58394
30 57 62299
30 58 67914
30 59 59922
30 60 11540
30 61 5096
30 62 22768
30 63 11272
30 64 25540
30 65 26218
30 66 13652
30 67 17812
30 68 63275
30 69 3909
30 70 2201
30 71 18746
30 72 64417
30 73 17912
30 74 10823
30 75 58982
30 76 57813
30 77 54883
30 78 25081
30 79 8842
30 80 63112
30 81 61843
30 82 6955
30 83 25481
30 84 16444
30 85 13245
30 86 58688
30 87 61318
30 88 4180
30 89 23301
30 90 21159
30 91 10014
30 92 57866
30 93 65492
30 94 60115
30 95 60834
30 96 12639
30 97 27500
30 98 17057
30 99 49514
30 100 23837
30 101 10203
30 102 63761
30 103 24453
30 104 59772
30 105 6585
30 106 28363
30 107 23910
30 108 10793
30 109 20584
30 110 7204
30 111 61313
30 112 16806
30 113 21719
30 114 58010
30 115 7299
30 116 63447
30 117 21949
30 118 62755
30 119 58536
31 32 46107
31 33 70660
31 34 61013
31 35 1495
31 36 50255
31 37 53673
31 38 62895
31 39 63690
31 40 8382
31 41 52747
31 42 70843
31 43 73280
31 44 52584
31 45 71406
31 46 47490
31 47 49696
31 48 4466
31 49 63143
31 50 53807
31 51 59509
31 52 60441
31 53 48533
31 54 58361
31 55 51435
31 56 3917
31 57 70990
31 58 72388
31 59 64957
31 60 52974
31 61 63614
31 62 45162
31 63 53114
31 64 62523
31 65 73049
31 66 50786
31 67 52516
31 68 2730
31 69 63055
31 70 60103
31 71 45014
31 72 2125
31 73 50000
31 74 51576
31 75 7534
31 76 6217
31 77 8477
31 78 53078
31 79 54880
31 80 5023
31 81 64650
31 82 55647
31 83 61332
31 84 46883
31 85 49680
31 86 3725
31 87 67023
31 88 58187
31 89 47669
31 90 65684
31 91 53624
31 92 4497
31 93 73016
31 94 70221
31 95 4282
31 96 52515
31 97 58414
31 98 49987
31 99 12824
31 100 70582
31 101 53163
31 102 65830
31 103 44303
31 104 68927
31 105 64742
31 106 67942
31 107 58810
31 108 51511
31 109 51545
31 110 64118
31 111 71097
31 112 45720
31 113 69044
31 114 4638
31 115 59776
31 116 72262
31 117 51180
31 118 610
31 119 4471
32 33 59923
32 34 15112
32 35 44988
32 36 4772
32 37 18184
32 38 24098
32 39 56821
32 40 42416
32 41 9394
32 42 24850
32 43 57728
32 44 7581
32 45 56980
32 46 7381
32 47 19883
32 48 42317
32 49 17256
32 50 8080
32 51 13899
32 52 15829
32 53 19591
32 54 12458
32 55 17270
32 56 42191
32 57 56633
32 58 61504
32 59 52879
32 60 7808
32 61 17611
32 62 14865
32 63 7827
32 64 25644
32 65 32461
32 66 6304
32 67 16222
32 68 47204
32 69 16976
32 70 14169
32 71 4410
32 72 48210
32 73 13811
32 74 6407
32 75 43231
32 76 41481
32 77 38554
32 78 23217
32 79 8990
32 80 46772
32 81 54357
32 82 10312
32 83 24864
32 84 3015
32 85 3834
32 86 42538
32 87 54633
32 88 12413
32 89 17656
32 90 25048
32 91 7820
32 92 41642
32 93 59773
32 94 54669
32 95 44509
32 96 7984
32 97 24544
32 98 12809
32 99 33388
32 100 29688
32 101 7274
32 102 56265
32 103 16259
32 104 53986
32 105 20130
32 106 30680
32 107 22148
32 108 5843
32 109 18009
32 110 18379
32 111 55890
32 112 533
32 113 27603
32 114 41748
32 115 14143
32 116 57932
32 117 19026
32 118 46541
32 119 42252
33 34 60931
33 35 70887
33 36 58183
33 37 78000
33 38 44903
33 39 7601
33 40 74754
33 41 54159
33 42 65161
33 43 7094
33 44 65165
33 45 5486
33 46 67303
33 47 79617
33 48 70618
33 49 61424
33 50 58835
33 51 59120
33 52 70502
33 53 79168
33 54 65095
33 55 77193
33 56 68554
33 57 5474
33 58 1773
33 59 7083
33 60 57309
33 61 62526
33 62 74032
33 63 57582
33 64 41959
33 65 48342
33 66 56344
33 67 76057
33 68 73345
33 69 63317
33 70 65651
33 71 55578
33 72 71568
33 73 73733
33 74 64304
33 75 74752
33 76 64773
33 77 63693
33 78 83110
33 79 59615
33 80 66733
33 81 6238
33 82 65992
33 83 41652
33 84 57112
33 85 59076
33 86 69676
33 87 5311
33 88 65684
33 89 77210
33 90 47861
33 91 59101
33 92 67895
33 93 3873
33 94 7558
33 95 66426
33 96 56108
33 97 39113
33 98 72721
33 99 65935
33 100 48634
33 101 59400
33 102 4831
33 103 75060
33 104 7251
33 105 73128
33 106 41780
33 107 42748
33 108 63151
33 109 77932
33 110 60802
33 111 6751
33 112 59511
33 113 49605
33 114 67079
33 115 59265
33 116 5259
33 117 78926
33 118 70535
33 119 66753
34 35 59939
34 36 10759
34 37 22870
34 38 17120
34 39 59667
34 40 57526
34 41 9655
34 42 9836
34 43 57092
34 44 11072
34 45 56903
34 46 17339
34 47 27457
34 48 57325
34 49 2145
34 50 7207
34 51 2065
34 52 10579
34 53 27810
34 54 5994
34 55 23518
34 56 57098
34 57 56630
34 58 62268
34 59 54329
34 60 8199
34 61 2701
34 62 25120
34 63 8012
34 64 19869
34 65 21433
34 66 10472
34 67 21509
34 68 62209
34 69 2710
34 70 5453
34 71 16187
34 72 63100
34 73 20933
34 74 11440
34 75 58336
34 76 56144
34 77 53237
34 78 29167
34 79 6150
34 80 61380
34 81 56279
34 82 9005
34 83 19793
34 84 14155
34 85 11376
34 86 57497
34 87 55698
34 88 6702
34 89 26338
34 90 15742
34 91 7392
34 92 56527
34 93 59821
34 94 54442
34 95 59187
34 96 8956
34 97 21839
34 98 19932
34 99 48386
34 100 18886
34 101 7876
34 102 58192
34 103 26821
34 104 54111
34 105 12272
34 106 22898
34 107 18235
34 108 10824
34 109 24255
34 110 3358
34 111 55637
34 112 15431
34 113 16705
34 114 56576
34 115 1829
34 116 57772
34 117 25621
34 118 61427
34 119 57040
35 36 49186
35 37 52288
35 38 62147
35 39 63985
35 40 6978
35 41 51772
35 42 69763
35 43 73371
35 44 51388
35 45 71519
35 46 46230
35 47 48271
35 48 3008
35 49 62073
35 50 52737
35 51 58460
35 52 59202
35 53 47107
35 54 57198
35 55 50047
35 56 2979
35 57 71102
35 58 72623
35 59 65093
35 60 51932
35 61 62528
35 62 43782
35 63 52067
35 64 61837
35 65 72287
35 66 49758
35 67 51149
35 68 2658
35 69 61951
35 70 58941
35 71 43994
35 72 3478
35 73 48650
35 74 50390
35 75 6176
35 76 6142
35 77 7972
35 78 51635
35 79 53799
35 80 6178
35 81 64842
35 82 54452
35 83 60650
35 84 45829
35 85 48590
35 86 2452
35 87 67167
35 88 57012
35 89 46261
35 90 64888
35 91 52548
35 92 3658
35 93 73179
35 94 70289
35 95 4921
35 96 51497
35 97 57787
35 98 48652
35 99 11625
35 100 69798
35 101 52079
35 102 66056
35 103 42904
35 104 69005
35 105 63492
35 106 67279
35 107 58100
35 108 50346
35 109 50149
35 110 63066
35 111 71183
35 112 44609
35 113 68232
35 114 4097
35 115 58726
35 116 72385
35 117 49771
35 118 2104
35 119 4200
36 37 20061
36 38 19864
36 39 55637
36 40 46894
36 41 5073
36 42 20593
36 43 55489
36 44 7024
36 45 54896
36 46 10331
36 47 22815
36 48 46585
36 49 12888
36 50 3552
36 51 9327
36 52 14069
36 53 22724
36 54 9521
36 55 19637
36 56 46340
36 57 54568
36 58 59700
36 59 51221
36 60 3036
36 61 13382
36 62 18501
36 63 3067
36 64 21668
36 65 27829
36 66 2008
36 67 18183
36 68 51467
36 69 12917
36 70 11044
36 71 5658
36 72 52342
36 73 16265
36 74 6122
36 75 47686
36 76 45406
36 77 42494
36 78 25736
36 79 4654
36 80 50655
36 81 52858
36 82 8581
36 83 21002
36 84 3437
36 85 1153
36 86 46744
36 87 52872
36 88 9727
36 89 20872
36 90 20515
36 91 3382
36 92 45769
36 93 57745
36 94 52524
36 95 48447
36 96 3338
36 97 21198
36 98 15179
36 99 37645
36 100 25056
36 101 2987
36 102 54783
36 103 20044
36 104 51938
36 105 18029
36 106 26462
36 107 18420
36 108 4974
36 109 20414
36 110 13902
36 111 53747
36 112 4943
36 113 22944
36 114 45818
36 115 9585
36 116 55831
36 117 21599
36 118 50668
36 119 46286
37 38 38574
37 39 75006
37 40 47554
37 41 24733
37 42 28718
37 43 75518
37 44 13499
37 45 74879
37 46 10933
37 47 5642
37 48 49302
37 49 24197
37 50 20464
37 51 23431
37 52 13558
37 53 6563
37 54 16877
37 55 2254
37 56 50016
37 57 74544
37 58 79556
37 59 70980
37 60 21677
37 61 23637
37 62 8519
37 63 21453
37 64 40859
37 65 44287
37 66 22023
37 67 1965
37 68 53886
37 69 22432
37 70 17732
37 71 22591
37 72 55761
37 73 4715
37 74 14084
37 75 48539
37 76 50694
37 77 47897
37 78 6299
37 79 20164
37 80 55879
37 81 72503
37 82 14125
37 83 40390
37 84 20899
37 85 19063
37 86 49954
37 87 72697
37 88 16171
37 89 6393
37 90 38102
37 91 20122
37 92 49660
37 93 77709
37 94 72526
37 95 53451
37 96 22723
37 97 41086
37 98 5506
37 99 41272
37 100 41695
37 101 19641
37 102 74415
37 103 9453
37 104 71906
37 105 15924
37 106 44951
37 107 38041
37 108 15262
37 109 2376
37 110 25607
37 111 73749
37 112 18638
37 113 39498
37 114 50105
37 115 23486
37 116 75821
37 117 3461
37 118 54224
37 119 50799
38 39 44683
38 40 61637
38 41 14811
38 42 20306
38 43 40480
38 44 25193
38 45 40494
38 46 30092
38 47 42230
38 48 60054
38 49 17059
38 50 18267
38 51 15750
38 52 27605
38 53 42283
38 54 22493
38 55 38672
38 56 59169
38 57 40256
38 58 46104
38 59 38699
38 60 17350
38 61 18123
38 62 38332
38 63 17510
38 64 2945
38 65 10173
38 66 17954
38 67 36906
38 68 64706
38 69 19090
38 70 22454
38 71 21611
38 72 64799
38 73 35529
38 74 24850
38 75 62246
38 76 57125
38 77 54472
38 78 44699
38 79 18426
38 80 61876
38 81 40850
38 82 24584
38 83 3441
38 84 21312
38 85 21017
38 86 59861
38 87 39826
38 88 23191
38 89 40510
38 90 3688
38 91 18625
38 92 58501
38 93 43409
38 94 38023
38 95 60064
38 96 16587
38 97 7043
38 98 34437
38 99 51525
38 100 7892
38 101 19175
38 102 42706
38 103 39897
38 104 37843
38 105 29269
38 106 6599
38 107 4420
38 108 23739
38 109 39453
38 110 16205
38 111 39185
38 112 24020
38 113 6958
38 114 58257
38 115 15798
38 116 41315
38 117 40746
38 118 63171
38 119 58505
39 40 68138
39 41 52054
39 42 64937
39 43 13387
39 44 62661
39 45 11262
39 46 64139
39 47 76135
39 48 63865
39 49 60415
39 50 56724
39 51 57746
39 52 68658
39 53 75595
39 54 63286
39 55 74010
39 56 61747
39 57 10995
39 58 9106
39 59 7008
39 60 55141
39 61 61518
39 62 70362
39 63 55424
39 64 41797
39 65 49621
39 66 53916
39 67 73044
39 68 66394
39 69 62192
39 70 64028
39 71 52417
39 72 64513
39 73 70570
39 74 61715
39 75 68083
39 76 57908
39 77 56983
39 78 79774
39 79 57613
39 80 59629
39 81 4588
39 82 63813
39 83 41284
39 84 54164
39 85 56433
39 86 62880
39 87 7416
39 88 63825
39 89 73647
39 90 47961
39 91 56957
39 92 61103
39 93 11088
39 94 12094
39 95 59431
39 96 53916
39 97 38261
39 98 69603
39 99 59646
39 100 49488
39 101 57186
39 102 3697
39 103 71262
39 104 11000
39 105 71635
39 106 42619
39 107 41891
39 108 60598
39 109 74723
39 110 59958
39 111 11993
39 112 56372
39 113 50146
39 114 60258
39 115 57919
39 116 11602
39 117 75629
39 118 63538
39 119 59893
40 41 50045
40 42 67245
40 43 76693
40 44 48204
40 45 74941
40 46 42616
40 47 43150
40 48 4951
40 49 59670
40 50 50406
40 51 56219
40 52 55649
40 53 41981
40 54 54203
40 55 45300
40 56 7277
40 57 74523
40 58 76513
40 59 68637
40 60 49789
40 61 60015
40 62 39156
40 63 49890
40 64 61658
40 65 71637
40 66 47724
40 67 46590
40 68 7086
40 69 59328
40 70 55940
40 71 42087
40 72 9863
40 73 44267
40 74 47292
40 75 1018
40 76 11140
40 77 11237
40 78 46294
40 79 51388
40 80 13075
40 81 68602
40 82 51257
40 83 60501
40 84 43677
40 85 46169
40 86 6208
40 87 70732
40 88 53940
40 89 41333
40 90 64090
40 91 50179
40 92 7711
40 93 76791
40 94 73535
40 95 11378
40 96 49508
40 97 57950
40 98 44398
40 99 10242
40 100 69040
40 101 49663
40 102 69941
40 103 38102
40 104 72295
40 105 59836
40 106 67186
40 107 57823
40 108 47400
40 109 45319
40 110 60767
40 111 74496
40 112 42097
40 113 67325
40 114 8700
40 115 56475
40 116 75840
40 117 44805
40 118 8975
40 119 9369
41 42 18972
41 43 51127
41 44 11294
41 45 50641
41 46 15387
41 47 27791
41 48 49314
41 49 11468
41 50 4684
41 51 7667
41 52 16645
41 53 27740
41 54 11353
41 55 24484
41 56 48859
41 57 50327
41 58 55625
41 59 47289
41 60 3160
41 61 12305
41 62 23574
41 63 3427
41 64 16600
41 65 23119
41 66 3145
41 67 22915
41 68 54159
41 69 12309
41 70 12368
41 71 7988
41 72 54793
41 73 21173
41 74 10651
41 75 50782
41 76 47561
41 77 44698
41 78 30584
41 79 5575
41 80 52706
41 81 49040
41 82 11834
41 83 15952
41 84 6875
41 85 6224
41 86 49360
41 87 48854
41 88 11836
41 89 25907
41 90 15659
41 91 4942
41 92 48251
41 93 53519
41 94 48235
41 95 50601
41 96 2015
41 97 16354
41 98 20080
41 99 40422
41 100 20349
41 101 5264
41 102 50968
41 103 25115
41 104 47719
41 105 19979
41 106 21410
41 107 13419
41 108 9476
41 109 25266
41 110 12031
41 111 49455
41 112 9389
41 113 18303
41 114 48207
41 115 7937
41 116 51561
41 117 26490
41 118 53121
41 119 48608
42 43 60478
42 44 19707
42 45 60628
42 46 25982
42 47 34021
42 48 67134
42 49 7726
42 50 17043
42 51 11487
42 52 15167
42 53 34624
42 54 13621
42 55 29966
42 56 66927
42 57 60407
42 58 66321
42 59 59005
42 60 17988
42 61 7242
42 62 32988
42 63 17817
42 64 23236
42 65 19611
42 66 20244
42 67 27853
42 68 72020
42 69 7944
42 70 12043
42 71 25997
42 72 72932
42 73 28117
42 74 20382
42 75 68070
42 76 65977
42 77 63071
42 78 34805
42 79 15964
42 80 71208
42 81 61151
42 82 16929
42 83 23664
42 84 23991
42 85 21176
42 86 67318
42 87 60117
42 88 14098
42 89 33483
42 90 17342
42 91 17220
42 92 66359
42 93 63528
42 94 58162
42 95 69020
42 96 18635
42 97 26761
42 98 27278
42 99 58196
42 100 17917
42 101 17684
42 102 63011
42 103 34676
42 104 58048
42 105 13678
42 106 24054
42 107 23206
42 108 20037
42 109 30601
42 110 6944
42 111 59300
42 112 25196
42 113 16251
42 114 66411
42 115 11212
42 116 61419
42 117 31950
42 118 71259
42 119 66876
43 44 62347
43 45 2170
43 46 65081
43 47 77597
43 48 72825
43 49 57374
43 50 55741
43 51 55393
43 52 67049
43 53 77244
43 54 61664
43 55 74898
43 56 70874
43 57 2517
43 58 7130
43 59 8570
43 60 54285
43 61 58465
43 62 72246
43 63 54547
43 64 37552
43 65 42806
43 66 53568
43 67 73609
43 68 75910
43 69 59341
43 70 62058
43 71 53505
43 72 74358
43 73 71448
43 74 61573
43 75 76782
43 76 67229
43 77 65875
43 78 80921
43 79 56415
43 80 69663
43 81 9781
43 82 62874
43 83 37414
43 84 54809
43 85 56460
43 86 71966
43 87 6731
43 88 62291
43 89 75290
43 90 43144
43 91 56033
43 92 70194
43 93 3583
43 94 3255
43 95 69126
43 96 53123
43 97 35331
43 98 70401
43 99 67411
43 100 43374
43 101 56389
43 102 9736
43 103 73397
43 104 4402
43 105 69362
43 106 36639
43 107 38876
43 108 60400
43 109 75657
43 110 56631
43 111 2197
43 112 57358
43 113 44547
43 114 69437
43 115 55512
43 116 1869
43 117 76730
43 118 73210
43 119 69185
44 45 61805
44 46 6327
44 47 17112
44 48 48605
44 49 12973
44 50 6974
44 51 10887
44 52 8297
44 53 17273
44 54 6125
44 55 13479
44 56 48688
44 57 61483
44 58 66671
44 59 58220
44 60 8192
44 61 12882
44 62 14097
44 63 7961
44 64 27396
44 65 31706
44 66 8822
44 67 11748
44 68 53472
44 69 11896
44 70 7816
44 71 11342
44 72 54705
44 73 10405
44 74 1174
44 75 49079
44 76 48294
44 77 45364
44 78 19520
44 79 6792
44 80 53609
44 81 59873
44 82 3065
44 83 26901
44 84 9088
44 85 6281
44 86 48938
44 87 59854
44 88 5768
44 89 15627
44 90 25027
44 91 6628
44 92 48180
44 93 64667
44 94 59417
44 95 51291
44 96 9280
44 97 27621
44 98 9328
44 99 39768
44 100 29007
44 101 6142
44 102 61798
44 103 15791
44 104 58860
44 105 12642
44 106 31662
44 107 24542
44 108 2086
44 109 14260
44 110 14353
44 111 60639
44 112 8107
44 113 26808
44 114 48368
44 115 11024
44 116 62734
44 117 15557
44 118 53052
44 119 48923
45 46 64350
45 47 76816
45 48 71022
45 49 57266
45 50 55284
45 51 55160
45 52 66730
45 53 76434
45 54 61331
45 55 74200
45 56 69050
45 57 419
45 58 5979
45 59 6525
45 60 53801
45 61 58362
45 62 71390
45 63 54067
45 64 37554
45 65 43328
45 66 53000
45 67 72958
45 68 74046
45 69 59207
45 70 61784
45 71 52712
45 72 72457
45 73 70743
45 74 61001
45 75 75014
45 76 65378
45 77 64071
45 78 80194
45 79 55995
45 80 67737
45 81 7617
45 82 62433
45 83 37346
45 84 54090
45 85 55843
45 86 70147
45 87 4602
45 88 61945
45 89 74477
45 90 43287
45 91 55567
45 92 68372
45 93 2920
45 94 2472
45 95 67237
45 96 52624
45 97 35079
45 98 69707
45 99 65742
45 100 43762
45 101 55904
45 102 7592
45 103 72506
45 104 3012
45 105 69158
45 106 36960
45 107 38668
45 108 59833
45 109 74953
45 110 56569
45 111 1358
45 112 56596
45 113 44843
45 114 67605
45 115 55289
45 116 972
45 117 76002
45 118 71327
45 119 67340
46 47 12614
46 48 43368
46 49 19283
46 50 12090
46 51 16955
46 52 13036
46 53 12435
46 54 12362
46 55 9894
46 56 43638
46 57 64005
46 58 68885
46 59 60256
46 60 12764
46 61 19209
46 62 8265
46 63 12626
46 64 31986
46 65 37423
46 66 12326
46 67 8970
46 68 48190
46 69 18218
46 70 13985
46 71 11743
46 72 49615
46 73 6439
46 74 5921
46 75 43523
46 76 43590
46 77 40681
46 78 15844
46 79 12351
46 80 48900
46 81 61722
46 82 9083
46 83 31332
46 84 10273
46 85 9195
46 86 43796
46 87 62014
46 88 11915
46 89 10555
46 90 30417
46 91 11730
46 92 43173
46 93 67148
46 94 62033
46 95 46529
46 96 13516
46 97 31434
46 98 5467
46 99 34686
46 100 34680
46 101 11128
46 102 63628
46 103 9885
46 104 61359
46 105 17273
46 106 36675
46 107 28744
46 108 6742
46 109 10629
46 110 20651
46 111 63254
46 112 7795
46 113 32503
46 114 43444
46 115 17121
46 116 65301
46 117 11652
46 118 47986
46 119 44048
47 48 45265
47 49 28979
47 50 23965
47 51 27741
47 52 18876
47 53 1169
47 54 21537
47 55 4056
47 56 46165
47 57 76464
47 58 81227
47 59 72547
47 60 24940
47 61 28528
47 62 6060
47 63 24757
47 64 44306
47 65 48683
47 66 24823
47 67 6168
47 68 49703
47 69 27347
47 70 22615
47 71 24103
47 72 51748
47 73 6711
47 74 17381
47 75 44151
47 76 47184
47 77 44482
47 78 3958
47 79 23898
47 80 52250
47 81 73923
47 82 18474
47 83 43721
47 84 22845
47 85 21709
47 86 46006
47 87 74350
47 88 20862
47 89 2619
47 90 42136
47 91 23606
47 92 45864
47 93 79589
47 94 74522
47 95 49819
47 96 25841
47 97 44001
47 98 7797
47 99 37649
47 100 46021
47 101 23055
47 102 75813
47 103 5919
47 104 73815
47 105 21517
47 106 48742
47 107 41208
47 108 18495
47 109 3445
47 110 30404
47 111 75741
47 112 20241
47 113 43819
47 114 46385
47 115 27833
47 116 77772
47 117 2181
47 118 50265
47 119 47114
48 49 59464
48 50 50132
48 51 55884
48 52 56362
48 53 44101
48 54 54457
48 55 47059
48 56 2337
48 57 70603
48 58 72368
48 59 64651
48 60 49370
48 61 59894
48 62 40800
48 63 49498
48 64 59850
48 65 70163
48 66 47219
48 67 48176
48 68 4887
48 69 59292
48 70 56200
48 71 41475
48 72 6483
48 73 45692
48 74 47621
48 75 4482
48 76 6273
48 77 6951
48 78 48627
48 79 51178
48 80 8420
48 81 64511
48 82 51670
48 83 58672
48 84 43254
48 85 45958
48 86 1265
48 87 66738
48 88 54256
48 89 43262
48 90 62710
48 91 49934
48 92 2847
48 93 72779
48 94 69703
48 95 6504
48 96 48972
48 97 55909
48 98 45707
48 99 8940
48 100 67638
48 101 49454
48 102 65793
48 103 39910
48 104 68439
48 105 60638
48 106 65328
48 107 56076
48 108 47607
48 109 47156
48 110 60481
48 111 70631
48 112 41950
48 113 66025
48 114 3808
48 115 56148
48 116 71904
48 117 46770
48 118 5059
48 119 4431
49 50 9337
49 51 3824
49 52 11323
49 53 29390
49 54 7451
49 55 24991
49 56 59228
49 57 57005
49 58 62720
49 59 54918
49 60 10266
49 61 1105
49 62 26922
49 63 10092
49 64 19912
49 65 20342
49 66 12528
49 67 22942
49 68 64347
49 69 2071
49 70 6478
49 71 18273
49 72 65228
49 73 22559
49 74 13423
49 75 60481
49 76 58253
49 77 55348
49 78 30490
49 79 8293
49 80 63483
49 81 56921
49 82 10673
49 83 19965
49 84 16272
49 85 13519
49 86 59631
49 87 56227
49 88 8117
49 89 27985
49 90 15246
49 91 9529
49 92 58656
49 93 60186
49 94 54798
49 95 61296
49 96 10952
49 97 22323
49 98 21589
49 99 50524
49 100 17912
49 101 10019
49 102 58824
49 103 28627
49 104 54519
49 105 12257
49 106 22459
49 107 18679
49 108 12869
49 109 25709
49 110 1426
49 111 55982
49 112 17575
49 113 15779
49 114 58700
49 115 3548
49 116 58118
49 117 27080
49 118 63555
49 119 59160
50 51 5826
50 52 12044
50 53 24040
50 54 6896
50 55 20430
50 56 49892
50 57 54973
50 58 60296
50 59 51971
50 60 1620
50 61 9842
50 62 20341
50 63 1332
50 64 20425
50 65 25354
50 66 3620
50 67 18723
50 68 55015
50 69 9423
50 70 8154
50 71 9063
50 72 55893
50 73 17262
50 74 6584
50 75 51204
50 76 48946
50 77 46036
50 78 26488
50 79 1205
50 80 54189
50 81 53723
50 82 7158
50 83 19928
50 84 6957
50 85 4257
50 86 50295
50 87 53531
50 88 7298
50 89 22301
50 90 18344
50 91 362
50 92 49320
50 93 58167
50 94 52871
50 95 51988
50 96 2843
50 97 20752
50 98 16170
50 99 41193
50 100 22602
50 101 966
50 102 55651
50 103 21975
50 104 52370
50 105 15593
50 106 24783
50 107 17596
50 108 5493
50 109 21211
50 110 10366
50 111 54090
50 112 8341
50 113 20433
50 114 49369
50 115 6076
50 116 56200
50 117 22492
50 118 54220
50 119 49834
51 52 11871
51 53 28011
51 54 6788
51 55 23892
51 56 55598
51 57 54881
51 58 60476
51 59 52476
51 60 6541
51 61 4641
51 62 24972
51 63 6394
51 64 18400
51 65 20944
51 66 8773
51 67 21949
51 68 60763
51 69 4775
51 70 6739
51 71 14546
51 72 61586
51 73 21107
51 74 11044
51 75 57012
51 76 54549
51 77 51652
51 78 29700
51 79 4962
51 80 59763
51 81 54402
51 82 9326
51 83 18235
51 84 12632
51 85 10082
51 86 56023
51 87 53873
51 88 7498
51 89 26445
51 90 14744
51 91 6079
51 92 55016
51 93 58076
51 94 52704
51 95 57594
51 96 7149
51 97 20082
51 98 20066
51 99 46946
51 100 18300
51 101 6638
51 102 56319
51 103 26660
51 104 52346
51 105 14010
51 106 21780
51 107 16517
51 108 10254
51 109 24648
51 110 4613
51 111 53904
51 112 14167
51 113 16098
51 114 55040
51 115 276
51 116 56037
51 117 26000
51 118 59912
51 119 55488
52 53 19522
52 54 5407
52 55 14827
52 56 56569
52 57 66437
52 58 71913
52 59 63725
52 60 13661
52 61 10551
52 62 18478
52 63 13373
52 64 30270
52 65 31658
52 66 15300
52 67 12714
52 68 61198
52 69 9344
52 70 5153
52 71 19248
52 72 62565
52 73 13284
52 74 9454
52 75 56558
52 76 56348
52 77 53423
52 78 19709
52 79 11070
52 80 61666
52 81 65547
52 82 5603
52 83 30087
52 84 16905
52 85 13749
52 86 56761
52 87 65217
52 88 4834
52 89 18502
52 90 26315
52 91 11860
52 92 56086
52 93 69635
52 94 64288
52 95 59323
52 96 14886
52 97 31729
52 98 12587
52 99 47620
52 100 29233
52 101 11755
52 102 67473
52 103 20102
52 104 63868
52 105 4367
52 106 33476
52 107 28247
52 108 10025
52 109 15446
52 110 12641
52 111 65497
52 112 16347
52 113 27091
52 114 56319
52 115 11810
52 116 67624
52 117 16789
52 118 60926
52 119 56899
53 54 21939
53 55 4737
53 56 45008
53 57 76078
53 58 80788
53 59 72093
53 60 24953
53 61 28977
53 62 5299
53 63 24780
53 64 44302
53 65 48935
53 66 24729
53 67 6828
53 68 48536
53 69 27808
53 70 23082
53 71 23740
53 72 50584
53 73 6904
53 74 17464
53 75 42982
53 76 46044
53 77 43348
53 78 4928
53 79 24032
53 80 51102
53 81 73439
53 82 18807
53 83 43690
53 84 22580
53 85 21602
53 86 44844
53 87 73911
53 88 21277
53 89 1959
53 90 42291
53 91 23679
53 92 44709
53 93 79194
53 94 74154
53 95 48671
53 96 25814
53 97 43869
53 98 7955
53 99 36505
53 100 46255
53 101 23116
53 102 75323
53 103 4927
53 104 73430
53 105 22315
53 106 48821
53 107 41141
53 108 18551
53 109 4248
53 110 30816
53 111 75371
53 112 19927
53 113 44054
53 114 45233
53 115 28114
53 116 77392
53 117 3147
53 118 49103
53 119 45963
54 55 17566
54 56 54452
54 57 61037
54 58 66507
54 59 58321
54 60 8506
54 61 7099
54 62 19604
54 63 8220
54 64 25075
54 65 27421
54 66 10385
54 67 15537
54 68 59336
54 69 5991
54 70 1744
54 71 15081
54 72 60475
54 73 15114
54 74 6925
54 75 55065
54 76 53882
54 77 50952
54 78 23174
54 79 5815
54 80 59184
54 81 60150
54 82 3337
54 83 24832
54 84 12744
54 85 9513
54 86 54746
54 87 59810
54 88 717
54 89 20543
54 90 21510
54 91 6775
54 92 53925
54 93 64236
54 94 58891
54 95 56902
54 96 9706
54 97 26358
54 98 14156
54 99 45573
54 100 24856
54 101 6809
54 102 62076
54 103 21307
54 104 58466
54 105 8697
54 106 28568
54 107 22907
54 108 6852
54 109 18293
54 110 8877
54 111 60102
54 112 12916
54 113 22668
54 114 54071
54 115 6786
54 116 62227
54 117 19663
54 118 58813
54 119 54598
55 56 47786
55 57 73857
55 58 78771
55 59 70149
55 60 21520
55 61 24514
55 62 6301
55 63 21317
55 64 40848
55 65 44830
55 66 21633
55 67 2113
55 68 51637
55 69 23328
55 70 18596
55 71 21637
55 72 53521
55 73 3460
55 74 13890
55 75 46285
55 76 48496
55 77 45709
55 78 6102
55 79 20260
55 80 53670
55 81 71615
55 82 14579
55 83 40319
55 84 20112
55 85 18579
55 86 47717
55 87 71901
55 88 16881
55 89 4218
55 90 38416
55 91 20076
55 92 47434
55 93 77008
55 94 71870
55 95 51241
55 96 22496
55 97 40808
55 98 4497
55 99 39059
55 100 42191
55 101 19555
55 102 73521
55 103 7199
55 104 71213
55 105 17584
55 106 45132
55 107 37882
55 108 15045
55 109 783
55 110 26413
55 111 73092
55 112 17689
55 113 39989
55 114 47886
55 115 23972
55 116 75148
55 117 2109
55 118 51987
55 119 48583
56 57 68632
56 58 70299
56 59 62654
56 60 49064
56 61 59698
56 62 41498
56 63 49203
56 64 58859
56 65 69310
56 66 46879
56 67 48818
56 68 5589
56 69 59138
56 70 56194
56 71 41109
56 72 6023
56 73 46267
56 74 47675
56 75 6815
56 76 3965
56 77 5125
56 78 49618
56 79 50964
56 80 6553
56 81 62469
56 82 51749
56 83 57673
56 84 42970
56 85 45763
56 86 1151
56 87 64736
56 88 54281
56 89 44082
56 90 61914
56 91 49708
56 92 707
56 93 70767
56 94 67770
56 95 4387
56 96 48611
56 97 54817
56 98 46229
56 99 8953
56 100 66823
56 101 49246
56 102 63726
56 103 40689
56 104 66497
56 105 60877
56 106 64303
56 107 55121
56 108 47603
56 109 47918
56 110 60206
56 111 68683
56 112 41803
56 113 65260
56 114 1508
56 115 55865
56 116 69925
56 117 47595
56 118 4363
56 119 2095
57 58 6089
57 59 6120
57 60 53487
57 61 58102
57 62 71030
57 63 53754
57 64 37314
57 65 43175
57 66 52675
57 67 72621
57 68 73630
57 69 58941
57 70 61498
57 71 52361
57 72 72042
57 73 70401
57 74 60675
57 75 74595
57 76 64961
57 77 63653
57 78 79848
57 79 55689
57 80 67324
57 81 7267
57 82 62124
57 83 37095
57 84 53746
57 85 55512
57 86 69729
57 87 4221
57 88 61649
57 89 74121
57 90 43069
57 91 55255
57 92 67954
57 93 3199
57 94 2253
57 95 66821
57 96 52308
57 97 34801
57 98 69365
57 99 65324
57 100 43585
57 101 55590
57 102 7312
57 103 72142
57 104 2649
57 105 68882
57 106 36774
57 107 38396
57 108 59508
57 109 74610
57 110 56315
57 111 1277
57 112 56248
57 113 44650
57 114 67187
57 115 55011
57 116 1369
57 117 75656
57 118 70911
57 119 66923
58 59 8756
58 60 58779
58 61 63821
58 62 75664
58 63 59051
58 64 43159
58 65 49252
58 66 57849
58 67 77617
58 68 75076
58 69 64630
58 70 67035
58 71 57170
58 72 73285
58 73 75311
58 74 65821
58 75 76508
58 76 66512
58 77 65445
58 78 84703
58 79 61060
58 80 68442
58 81 8010
58 82 67454
58 83 42888
58 84 58678
58 85 60605
58 86 71422
58 87 6877
58 88 67103
58 89 78829
58 90 48998
58 91 60566
58 92 69642
58 93 3568
58 94 8317
58 95 68151
58 96 57583
58 97 40433
58 98 74294
58 99 67706
58 100 49628
58 101 60874
58 102 6575
58 103 76704
58 104 8275
58 105 74486
58 106 42799
58 107 44058
58 108 64665
58 109 79513
58 110 62074
58 111 7329
58 112 61097
58 113 50657
58 114 68823
58 115 60616
58 116 5471
58 117 80517
58 118 72260
58 119 68493
59 60 50428
59 61 56023
59 62 66952
59 63 50704
59 64 35773
59 65 43015
59 66 49403
59 67 69034
59 68 67607
59 69 56771
59 70 58935
59 71 48525
59 72 65983
59 73 66690
59 74 57341
59 75 68686
59 76 58955
59 77 57703
59 78 76053
59 79 52780
59 80 61246
59 81 2435
59 82 59120
59 83 35366
59 84 50084
59 85 52098
59 86 63758
59 87 2101
59 88 58897
59 89 70134
59 90 41829
59 91 52229
59 92 61981
59 93 8167
59 94 6084
59 95 60774
59 96 49219
59 97 32605
59 98 65682
59 99 59569
59 100 43034
59 101 52511
59 102 4061
59 103 67977
59 104 4748
59 105 66464
59 106 36149
59 107 36253
59 108 56194
59 109 70885
59 110 54361
59 111 6539
59 112 52463
59 113 43822
59 114 61201
59 115 52631
59 116 7326
59 117 71871
59 118 64869
59 119 60922
60 61 10892
60 62 21024
60 63 289
60 64 19366
60 65 24926
60 66 2276
60 67 19888
60 68 54245
60 69 10607
60 70 9721
60 71 8011
60 72 55049
60 73 18270
60 74 7633
60 75 50568
60 76 48011
60 77 45113
60 78 27607
60 79 2726
60 80 53230
60 81 52165
60 82 8694
60 83 18803
60 84 6123
60 85 4058
60 86 49497
60 87 52002
60 88 8917
60 89 23164
60 90 17719
60 91 1818
60 92 48480
60 93 56679
60 94 51395
60 95 51055
60 96 1229
60 97 19429
60 98 17175
60 99 40435
60 100 22157
60 101 2104
60 102 54093
60 103 22620
60 104 50878
60 105 17202
60 106 23920
60 107 16376
60 108 6476
60 109 22303
60 110 11154
60 111 52615
60 112 7972
60 113 20023
60 114 48501
60 115 6811
60 116 54721
60 117 23555
60 118 53375
60 119 48947
61 62 26688
61 63 10698
61 64 20986
61 65 21123
61 66 13166
61 67 22446
61 68 64780
61 69 1215
61 70 5921
61 71 18863
61 72 65706
61 73 22192
61 74 13421
61 75 60836
61 76 58787
61 77 55876
61 78 29917
61 79 8738
61 80 64031
61 81 58026
61 82 10403
61 83 21053
61 84 16798
61 85 13938
61 86 60082
61 87 57331
61 88 7723
61 89 27622
61 90 16233
61 91 10002
61 92 59132
61 93 61282
61 94 55894
61 95 61828
61 96 11657
61 97 23427
61 98 21247
61 99 50957
61 100 18746
61 101 10452
61 102 59929
61 103 28392
61 104 55618
61 105 11247
61 106 23446
61 107 19783
61 108 12956
61 109 25220
61 110 2112
61 111 57077
61 112 17954
61 113 16638
61 114 59193
61 115 4374
61 116 59213
61 117 26591
61 118 64033
61 119 59665
62 63 20890
62 64 40166
62 65 45637
62 66 20468
62 67 7435
62 68 45408
62 69 25595
62 70 21014
62 71 18815
62 72 47253
62 73 5383
62 74 13979
62 75 40132
62 76 42197
62 77 39414
62 78 10001
62 79 20544
62 80 47370
62 81 68263
62 82 16285
62 83 39475
62 84 17880
62 85 17352
62 86 41442
62 87 68789
62 88 19025
62 89 3441
62 90 38678
62 91 19980
62 92 41142
62 93 74130
62 94 69133
62 95 44941
62 96 21745
62 97 39379
62 98 5903
62 99 32759
62 100 42904
62 101 19382
62 102 70140
62 103 1705
62 104 68382
62 105 22032
62 106 44921
62 107 36837
62 108 14922
62 109 6519
62 110 28331
62 111 70347
62 112 15141
62 113 40719
62 114 41588
62 115 25116
62 116 72352
62 117 6539
62 118 45711
62 119 42284
63 64 19553
63 65 25001
63 66 2488
63 67 19672
63 68 54375
63 69 10392
63 70 9442
63 71 8181
63 72 55192
63 73 18079
63 74 7427
63 75 50672
63 76 48170
63 77 45270
63 78 27400
63 79 2447
63 80 53394
63 81 52444
63 82 8417
63 83 19003
63 84 6243
63 85 4041
63 86 49631
63 87 52276
63 88 8628
63 89 23000
63 90 17827
63 91 1533
63 92 48622
63 93 56946
63 94 51660
63 95 51214
63 96 1516
63 97 19665
63 98 16984
63 99 40561
63 100 22234
63 101 1847
63 102 54372
63 103 22492
63 104 51146
63 105 16916
63 106 24073
63 107 16592
63 108 6277
63 109 22100
63 110 11005
63 111 52880
63 112 8010
63 113 20092
63 114 48648
63 115 6662
63 116 54986
63 117 23356
63 118 53518
63 119 49098
64 65 11180
64 66 19698
64 67 39143
64 68 64426
64 69 21925
64 70 25133
64 71 22768
64 72 64382
64 73 37632
64 74 26967
64 75 62228
64 76 56647
64 77 54063
64 78 46913
64 79 20702
64 80 61275
64 81 37934
64 82 26999
64 83 1203
64 84 22750
64 85 22816
64 86 59596
64 87 36887
64 88 25762
64 89 42489
64 90 6249
64 91 20775
64 92 58181
64 93 40469
64 94 35082
64 95 59542
64 96 18491
64 97 4864
64 98 36538
64 99 51475
64 100 9419
64 101 21294
64 102 39785
64 103 41690
64 104 34898
64 105 32078
64 106 5551
64 107 3884
64 108 25828
64 109 41631
64 110 19099
64 111 36246
64 112 25513
64 113 9071
64 114 57889
64 115 18467
64 116 38377
64 117 42901
64 118 62774
64 119 58097
65 66 26158
65 67 42867
65 68 74837
65 69 22321
65 70 26756
65 71 30720
65 72 74961
65 73 42033
65 74 31679
65 75 72269
65 76 67295
65 77 64635
65 78 50579
65 79 25093
65 80 72048
65 81 45363
65 82 30252
65 83 12354
65 84 29977
65 85 28938
65 86 69990
65 87 43715
65 88 28133
65 89 47330
65 90 7623
65 91 25710
65 92 68645
65 93 46126
65 94 40936
65 95 70236
65 96 24509
65 97 15994
65 98 40982
65 99 61576
65 100 2774
65 101 26320
65 102 47071
65 103 47292
65 104 41091
65 105 31966
65 106 7307
65 107 14443
65 108 30715
65 109 45582
65 110 19021
65 111 41971
65 112 32492
65 113 4921
65 114 68412
65 115 20859
65 116 44007
65 117 46938
65 118 73330
65 119 68666
66 67 20157
66 68 52089
66 69 12879
66 70 11737
66 71 5780
66 72 52856
66 73 18268
66 74 8005
66 75 48490
66 76 45782
66 77 42889
66 78 27733
66 79 4822
66 80 50992
66 81 51071
66 82 10004
66 83 19015
66 84 4084
66 85 3131
66 86 47327
66 87 51033
66 88 10709
66 89 22873
66 90 18754
66 91 3649
66 92 46291
66 93 55856
66 94 50619
66 95 48827
66 96 1797
66 97 19192
66 98 17181
66 99 38290
66 100 23384
66 101 3583
66 102 52998
66 103 21994
66 104 50049
66 105 19056
66 106 24553
66 107 16419
66 108 6834
66 109 22411
66 110 13381
66 111 51842
66 112 6347
66 113 21305
66 114 46299
66 115 9046
66 116 53931
66 117 23601
66 118 51182
66 119 46737
67 68 52812
67 69 21254
67 70 16525
67 71 20629
67 72 54615
67 73 2876
67 74 12267
67 75 47565
67 76 49377
67 77 46555
67 78 7799
67 79 18480
67 80 54593
67 81 70550
67 82 12623
67 83 38648
67 84 18950
67 85 17168
67 86 48792
67 87 70756
67 88 14846
67 89 6079
67 90 36545
67 91 18376
67 92 48443
67 93 75784
67 94 70609
67 95 52170
67 96 20910
67 97 39267
67 98 3566
67 99 40014
67 100 40245
67 101 17877
67 102 72462
67 103 8638
67 104 69982
67 105 15535
67 106 43326
67 107 36263
67 108 13440
67 109 2776
67 110 24362
67 111 71832
67 112 16675
67 113 38044
67 114 48860
67 115 22019
67 116 73901
67 117 4147
67 118 53059
67 119 49541
68 69 64179
68 70 61080
68 71 46339
68 72 3030
68 73 50372
68 74 52494
68 75 6101
68 76 8713
68 77 10629
68 78 52971
68 79 56062
68 80 7563
68 81 67322
68 82 56538
68 83 63241
68 84 48132
68 85 50844
68 86 4849
68 87 69677
68 88 59131
68 89 47773
68 90 67417
68 91 54818
68 92 6284
68 93 75678
68 94 72840
68 95 7011
68 96 53838
68 97 60400
68 98 50419
68 99 13824
68 100 72335
68 101 54339
68 102 68514
68 103 44461
68 104 71550
68 105 65463
68 106 69878
68 107 60679
68 108 52487
68 109 51706
68 110 65362
68 111 73724
68 112 46837
68 113 70750
68 114 6754
68 115 61027
68 116 74906
68 117 51272
68 118 3018
68 119 6816
69 70 4732
69 71 18486
69 72 65152
69 73 21043
69 74 12496
69 75 60159
69 76 58299
69 77 55382
69 78 28709
69 79 8268
69 80 63558
69 81 58750
69 82 9318
69 83 21947
69 84 16352
69 85 13389
69 86 59503
69 87 58105
69 88 6589
69 89 26472
69 90 17317
69 91 9544
69 92 58580
69 93 62126
69 94 56740
69 95 61338
69 96 11471
69 97 24205
69 98 20109
69 99 50361
69 100 19928
69 101 9945
69 102 60658
69 103 27298
69 104 56443
69 105 10197
69 106 24530
69 107 20572
69 108 12102
69 109 24030
69 110 3301
69 111 57929
69 112 17344
69 113 17810
69 114 58659
69 115 4535
69 116 60064
69 117 25401
69 118 63481
69 119 59143
70 71 16658
70 72 62217
70 73 16344
70 74 8654
70 75 56804
70 76 55613
70 77 52684
70 78 24020
70 79 6995
70 80 60913
70 81 60807
70 82 4903
70 83 24973
70 84 14338
70 85 11121
70 86 56489
70 87 60382
70 88 2070
70 89 21769
70 90 21193
70 91 8089
70 92 55666
70 93 64695
70 94 59334
70 95 58634
70 96 10876
70 97 26727
70 98 15431
70 99 47316
70 100 24262
70 101 8212
70 102 62730
70 103 22711
70 104 58946
70 105 7646
70 106 28338
70 107 23202
70 108 8595
70 109 19299
70 110 7878
70 111 60539
70 112 14620
70 113 22097
70 114 55809
70 115 6666
70 116 62669
70 117 20671
70 118 60555
70 119 56336
71 72 47081
71 73 18182
71 74 10201
71 75 42834
71 76 40004
71 77 37109
71 78 27533
71 79 10234
71 80 45219
71 81 49979
71 82 13647
71 83 21869
71 84 2354
71 85 5582
71 86 41567
71 87 50295
71 88 15217
71 89 21787
71 90 23127
71 91 8960
71 92 40518
71 93 55489
71 94 50421
71 95 43048
71 96 7502
71 97 21064
71 98 17196
71 99 32555
71 100 27976
71 101 8630
71 102 51884
71 103 20082
71 104 49713
71 105 23389
71 106 28063
71 107 19063
71 108 9339
71 109 22366
71 110 19157
71 111 51640
71 112 3956
71 113 26019
71 114 40520
71 115 14817
71 116 53669
71 117 23348
71 118 45407
71 119 40957
72 73 52107
72 74 53694
72 75 8926
72 76 7811
72 77 10328
72 78 55106
72 79 56970
72 80 5003
72 81 65607
72 82 57767
72 83 63189
72 84 48964
72 85 51774
72 86 5837
72 87 68038
72 88 60303
72 89 49739
72 90 67622
72 91 55713
72 92 6573
72 93 74004
72 94 71328
72 95 5283
72 96 54580
72 97 60229
72 98 52099
72 99 14947
72 100 72510
72 101 55254
72 102 66742
72 103 46381
72 104 70023
72 105 66866
72 106 69781
72 107 60689
72 108 53625
72 109 53625
72 110 66197
72 111 72182
72 112 47821
72 113 70992
72 114 6599
72 115 61854
72 116 73301
72 117 53248
72 118 1675
72 119 6295
73 74 10680
73 75 45230
73 76 46726
73 77 43886
73 78 9498
73 79 17188
73 80 51964
73 81 68160
73 82 11929
73 83 37069
73 84 16654
73 85 15189
73 86 46275
73 87 68441
73 88 14471
73 89 5430
73 90 35431
73 91 16904
73 92 45876
73 93 73550
73 94 68416
73 95 49546
73 96 19203
73 97 37459
73 98 1095
73 99 37418
73 100 39357
73 101 16359
73 102 70066
73 103 6896
73 104 67756
73 105 16684
73 106 42034
73 107 34590
73 108 11806
73 109 4210
73 110 23985
73 111 69638
73 112 14232
73 113 37155
73 114 46269
73 115 21211
73 116 71692
73 117 5335
73 118 50535
73 119 46938
74 75 48159
74 76 47235
74 77 44305
74 78 19975
74 79 6605
74 80 52549
74 81 58971
74 82 4098
74 83 26429
74 84 7972
74 85 5284
74 86 47939
74 87 58993
74 88 6651
74 89 15747
74 90 24853
74 91 6225
74 92 47161
74 93 63855
74 94 58623
74 95 50238
74 96 8644
74 97 27005
74 98 9588
74 99 38766
74 100 28957
74 101 5680
74 102 60895
74 103 15653
74 104 58048
74 105 13790
74 106 31365
74 107 24006
74 108 1179
74 109 14673
74 110 14770
74 111 59845
74 112 6933
74 113 26766
74 114 47337
74 115 11206
74 116 61934
74 117 15934
74 118 52038
74 119 47885
75 76 10751
75 77 11108
75 78 47304
75 79 52194
75 80 12329
75 81 68615
75 82 52135
75 83 61067
75 84 44451
75 85 46972
75 86 5698
75 87 70779
75 88 54809
75 89 42326
75 90 64734
75 91 50981
75 92 7317
75 93 76833
75 94 73635
75 95 10746
75 96 50271
75 97 58475
75 98 45353
75 99 10758
75 100 69682
75 101 50468
75 102 69934
75 103 39087
75 104 72388
75 105 60754
75 106 67749
75 107 58402
75 108 48254
75 109 46308
75 110 61568
75 111 74586
75 112 42906
75 113 67984
75 114 8288
75 115 57269
75 116 75907
75 117 45801
75 118 8115
75 119 8905
76 77 2931
76 78 50779
76 79 50057
76 80 5318
76 81 58716
76 82 51332
76 83 55451
76 84 41990
76 85 44916
76 86 5114
76 87 61030
76 88 53762
76 89 44975
76 90 60008
76 91 48787
76 92 3437
76 93 67045
76 94 64148
76 95 3044
76 96 47470
76 97 52455
76 98 46594
76 99 9559
76 100 64874
76 101 48359
76 102 59943
76 103 41532
76 104 62863
76 105 60695
76 106 62025
76 107 52979
76 108 47066
76 109 48691
76 110 59162
76 111 65041
76 112 41061
76 113 63397
76 114 2466
76 115 54821
76 116 66244
76 117 48475
76 118 6309
76 119 1985
77 78 48116
77 79 47144
77 80 8246
77 81 57576
77 82 48402
77 83 52871
77 84 39082
77 85 41997
77 86 6141
77 87 59790
77 88 50831
77 89 42238
77 90 57306
77 91 45875
77 92 4419
77 93 65833
77 94 62755
77 95 5957
77 96 44583
77 97 49938
77 98 43738
77 99 7031
77 100 62189
77 101 45444
77 102 58870
77 103 38786
77 104 61490
77 105 57771
77 106 59473
77 107 50363
77 108 44135
77 109 45918
77 110 56265
77 111 63681
77 112 38135
77 113 60682
77 114 3886
77 115 51923
77 116 64954
77 117 45731
77 118 8711
77 119 4035
78 79 26274
78 80 55788
78 81 77476
78 82 20379
78 83 46398
78 84 26113
78 85 24673
78 86 49412
78 87 77828
78 88 22469
78 89 6569
78 90 44334
78 91 26138
78 92 49342
78 93 82990
78 94 77877
78 95 53360
78 96 28593
78 97 46911
78 98 10569
78 99 41225
78 100 47979
78 101 25626
78 102 79374
78 103 9844
78 104 77202
78 105 21633
78 106 51125
78 107 43977
78 108 21135
78 109 5322
78 110 31897
78 111 79098
78 112 23612
78 113 45781
78 114 49896
78 115 29761
78 116 81145
78 117 4192
78 118 53655
78 119 50638
79 80 55308
79 81 54560
79 82 6474
79 83 20269
79 84 8086
79 85 5226
79 86 51355
79 87 54316
79 88 6268
79 89 22342
79 90 18261
79 91 1277
79 92 50396
79 93 58886
79 94 53573
79 95 53098
79 96 3899
79 97 21294
79 98 16106
79 99 42238
79 100 22363
79 101 1727
79 102 56488
79 103 22202
79 104 53095
79 105 14497
79 106 24873
79 107 18038
79 108 5623
79 109 21038
79 110 9389
79 111 54790
79 112 9291
79 113 20176
79 114 50455
79 115 5191
79 116 56905
79 117 22344
79 118 55297
79 119 50928
80 81 60812
80 82 56646
80 83 60075
80 84 47233
80 85 50182
80 86 7227
80 87 63289
80 88 59068
80 89 50086
80 90 64844
80 91 54036
80 92 6620
80 93 69229
80 94 66664
80 95 2432
80 96 52665
80 97 56969
80 98 51851
80 99 14620
80 100 69675
80 101 53615
80 102 61914
80 103 46657
80 104 65349
80 105 66013
80 106 66589
80 107 57668
80 108 52373
80 109 53846
80 110 64373
80 111 67495
80 112 46347
80 113 68253
80 114 5927
80 115 60036
80 116 68569
80 117 53594
80 118 4578
80 119 5158
81 82 60859
81 83 37492
81 84 51605
81 85 53709
81 86 63585
81 87 3152
81 88 60714
81 89 71483
81 90 44030
81 91 53973
81 92 61805
81 93 8457
81 94 7865
81 95 60435
81 96 50950
81 97 34639
81 98 67165
81 99 59722
81 100 45337
81 101 54237
81 102 1928
81 103 69246
81 104 6645
81 105 68366
81 106 38453
81 107 38286
81 108 57832
81 109 72344
81 110 56396
81 111 8019
81 112 53928
81 113 46085
81 114 61001
81 115 54563
81 116 8219
81 117 73304
81 118 64540
81 119 60692
82 83 26631
82 84 11307
82 85 8175
82 86 52002
82 87 60687
82 88 2835
82 89 17339
82 90 23980
82 91 6892
82 92 51240
82 93 65319
82 94 60017
82 95 54334
82 96 9910
82 97 27764
82 98 10935
82 99 42831
82 100 27623
82 101 6628
82 102 62787
82 103 17989
82 104 59523
82 105 9829
82 106 30876
82 107 24477
82 108 4470
82 109 15330
82 110 12093
82 111 61235
82 112 10819
82 113 25422
82 114 51423
82 115 9397
82 116 63347
82 117 16688
82 118 56113
82 119 51974
83 84 21940
83 85 22143
83 86 58413
83 87 36536
83 88 25508
83 89 41860
83 90 7025
83 91 20273
83 92 56993
83 93 40265
83 94 34875
83 95 58344
83 96 17881
83 97 3786
83 98 35974
83 99 50312
83 100 10520
83 101 20774
83 102 39358
83 103 40980
83 104 34646
83 105 32047
83 106 6687
83 107 2836
83 108 25278
83 109 41102
83 110 19226
83 111 36051
83 112 24714
83 113 10038
83 114 56698
83 115 18320
83 116 38185
83 117 42358
83 118 61581
83 119 56904
84 85 3234
84 86 43391
84 87 51813
84 88 12869
84 89 20650
84 90 22470
84 91 6810
84 92 42393
84 93 56896
84 94 51766
84 95 45033
84 96 5881
84 97 21540
84 98 15624
84 99 34318
84 100 27210
84 101 6422
84 102 53519
84 103 19269
84 104 51102
84 105 21036
84 106 27867
84 107 19200
84 108 7051
84 109 20863
84 110 17237
84 111 52987
84 112 2786
84 113 25176
84 114 42429
84 115 12898
84 116 55039
84 117 21921
84 118 47290
84 119 42888
85 86 46144
85 87 53766
85 88 9635
85 89 19743
85 90 21647
85 91 4013
85 92 45201
85 93 58685
85 94 53480
85 95 47953
85 96 4475
85 97 22293
85 98 14107
85 99 37020
85 100 26166
85 101 3500
85 102 55631
85 103 18892
85 104 52879
85 105 17830
85 106 27615
85 107 19550
85 108 4196
85 109 19355
85 110 14599
85 111 54703
85 112 4085
85 113 24045
85 114 45273
85 115 10331
85 116 56781
85 117 20524
85 118 50102
85 119 45755
86 87 65842
86 88 54561
86 89 43963
86 90 62568
86 91 50105
86 92 1780
86 93 71875
86 94 68856
86 95 5249
86 96 49069
86 97 55595
86 98 46263
86 99 9174
86 100 67486
86 101 49634
86 102 64848
86 103 40591
86 104 67586
86 105 61055
86 106 65055
86 107 55842
86 108 47894
86 109 47831
86 110 60628
86 111 69773
86 112 42160
86 113 65902
86 114 2659
86 115 56289
86 116 71025
86 117 47475
86 118 4270
86 119 3212
87 88 60396
87 89 71953
87 90 42866
87 91 53796
87 92 64064
87 93 6067
87 94 4736
87 95 62834
87 96 50800
87 97 33905
87 98 67426
87 99 61670
87 100 43859
87 101 54092
87 102 3835
87 103 69835
87 104 3584
87 105 67877
87 106 36979
87 107 37548
87 108 57840
87 109 72642
87 110 55631
87 111 4877
87 112 54224
87 113 44736
87 114 63281
87 115 54021
87 116 5327
87 117 73643
87 118 66932
87 119 62998
88 89 19901
88 90 22225
88 91 7148
88 92 53760
88 93 64848
88 94 59508
88 95 56776
88 96 10131
88 97 26996
88 98 13525
88 99 45387
88 100 25571
88 101 7126
88 102 62641
88 103 20726
88 104 59075
88 105 8348
88 106 29279
88 107 23560
88 108 6696
88 109 17606
88 110 9543
88 111 60720
88 112 12886
88 113 23383
88 114 53918
88 115 7499
88 116 62844
88 117 18976
88 118 58644
88 119 54454
89 90 40599
89 91 21939
89 92 43758
89 93 77236
89 94 72198
89 95 47654
89 96 23998
89 97 41984
89 98 6405
89 99 35469
89 100 44633
89 101 21366
89 102 73368
89 103 3466
89 104 71473
89 105 21572
89 106 47064
89 107 39291
89 108 16808
89 109 4045
89 110 29410
89 111 73415
89 112 17985
89 113 42435
89 114 44250
89 115 26559
89 116 75435
89 117 3513
89 118 48231
89 119 44966
90 91 18706
90 92 61256
90 93 46187
90 94 40822
90 95 62975
90 96 17177
90 97 10718
90 98 34355
90 99 54066
90 100 4952
90 101 19299
90 102 45862
90 103 40300
90 104 40723
90 105 27479
90 106 7213
90 107 7983
90 108 23814
90 109 39186
90 110 14181
90 111 41959
90 112 25047
90 113 3453
90 114 61052
90 115 14727
90 116 44077
90 117 40516
90 118 65981
90 119 61330
91 92 49139
91 93 58448
91 94 53156
91 95 51829
91 96 3046
91 97 21072
91 98 15812
91 99 40995
91 100 22959
91 101 616
91 102 55901
91 103 21614
91 104 52650
91 105 15469
91 106 25143
91 107 17930
91 108 5131
91 109 20858
91 110 10588
91 111 54376
91 112 8096
91 113 20789
91 114 49194
91 115 6323
91 116 56484
91 117 22137
91 118 54039
91 119 49664
92 93 70097
92 94 67087
92 95 4328
92 96 48018
92 97 54130
92 98 45823
92 99 8498
92 100 66163
92 101 48681
92 102 63068
92 103 40355
92 104 65815
92 105 60400
92 106 63622
92 107 54447
92 108 47077
92 109 47577
92 110 59626
92 111 68002
92 112 41251
92 113 64607
92 114 994
92 115 55284
92 116 69249
92 117 47271
92 118 4901
92 119 1743
93 94 5390
93 95 68815
93 96 55499
93 97 37995
93 98 72517
93 99 67735
93 100 46606
93 101 58781
93 102 7738
93 103 75227
93 104 5807
93 105 72075
93 106 39821
93 107 41586
93 108 62689
93 109 77759
93 110 59488
93 111 4228
93 112 59384
93 113 47713
93 114 69308
93 115 58205
93 116 2123
93 117 78799
93 118 72917
93 119 69016
94 95 66085
94 96 50222
94 97 32622
94 98 67375
94 99 64211
94 100 41335
94 101 53499
94 102 8425
94 103 70267
94 104 1365
94 105 66699
94 106 34521
94 107 36207
94 108 57453
94 109 72625
94 110 54099
94 111 1223
94 112 54291
94 113 42398
94 114 66339
94 115 52831
94 116 3336
94 117 73685
94 118 70161
94 119 66099
95 96 50514
95 97 55306
95 98 49440
95 99 12188
95 100 67830
95 101 51399
95 102 61598
95 103 44226
95 104 64784
95 105 63665
95 106 64897
95 107 55895
95 108 50080
95 109 51415
95 110 62206
95 111 66947
95 112 44091
95 113 66370
95 114 3546
95 115 57865
95 116 68086
95 117 51162
95 118 4109
95 119 2754
96 97 18363
96 98 18108
96 99 40048
96 100 21735
96 101 3292
96 102 52878
96 103 23312
96 104 49696
96 105 18395
96 106 23179
96 107 15390
96 108 7470
96 109 23278
96 110 11729
96 111 51443
96 112 8069
96 113 19634
96 114 48016
96 115 7425
96 116 53546
96 117 24511
96 118 52906
96 119 48446
97 98 36371
97 99 47721
97 100 14281
97 101 21502
97 102 36534
97 103 40802
97 104 32273
97 105 34082
97 106 9653
97 107 3649
97 108 25829
97 109 41589
97 110 21760
97 111 33823
97 112 24318
97 113 13816
97 114 53793
97 115 20211
97 116 35956
97 117 42790
97 118 58641
97 119 53964
98 99 37347
98 100 38300
98 101 15266
98 102 69073
98 103 7515
98 104 66721
98 105 16150
98 106 40945
98 107 33496
98 108 10712
98 109 5262
98 110 23013
98 111 68597
98 112 13241
98 113 36099
98 114 46194
98 115 20174
98 116 70654
98 117 6420
98 118 50515
98 119 46852
99 100 59010
99 101 40515
99 102 61168
99 103 32038
99 104 63009
99 105 51926
99 106 56994
99 107 47655
99 108 38721
99 109 39228
99 110 51542
99 111 65217
99 112 33017
99 113 57344
99 114 8850
99 115 47210
99 116 66663
99 117 38975
99 118 13306
99 119 9528
100 101 23568
100 102 47095
100 103 44555
100 104 41399
100 105 29756
100 106 6886
100 107 12286
100 108 27982
100 109 42948
100 110 16635
100 111 42411
100 112 29720
100 113 2203
100 114 65947
100 115 18226
100 116 44483
100 117 44300
100 118 70873
100 119 66216
101 102 56165
101 103 21013
101 104 52980
101 105 15473
101 106 25705
101 107 18400
101 108 4565
101 109 20337
101 110 11110
101 111 54719
101 112 7567
101 113 21400
101 114 48744
101 115 6877
101 116 56824
101 117 21608
101 118 53581
101 119 49219
102 103 71115
102 104 7385
102 105 70286
102 106 40209
102 107 40182
102 108 59757
102 109 74248
102 110 58293
102 111 8296
102 112 55835
102 113 47876
102 114 62250
102 115 56479
102 116 7990
102 117 75204
102 118 65706
102 119 61923
103 104 69495
103 105 23581
103 106 46492
103 107 38320
103 108 16579
103 109 7247
103 110 30035
103 111 71479
103 112 16505
103 113 42373
103 114 40834
103 115 26806
103 116 73470
103 117 6945
103 118 44860
103 119 41545
104 105 66353
104 106 34554
104 107 35882
104 108 56882
104 109 71965
104 110 53850
104 111 2208
104 112 53600
104 113 42399
104 114 65062
104 115 52480
104 116 3981
104 117 73010
104 118 68863
104 119 64817
105 106 34691
105 107 30494
105 108 14296
105 109 18089
105 110 13309
105 111 67897
105 112 20641
105 113 27717
105 114 60644
105 115 13873
105 116 70031
105 117 19349
105 118 65231
105 119 61230
106 107 9430
106 108 30270
106 109 45910
106 110 21389
106 111 35613
106 112 30591
106 113 7912
106 114 63312
106 115 21788
106 116 37699
106 117 47216
106 118 68182
106 119 63504
107 108 22842
107 109 38665
107 110 18111
107 111 37403
107 112 21981
107 113 11354
107 114 54173
107 115 16636
107 116 39538
107 117 39901
107 118 59072
107 119 54398
108 109 15828
108 110 14178
108 111 58676
108 112 6349
108 113 25797
108 114 47229
108 115 10433
108 116 60765
108 117 17080
108 118 51964
108 119 47761
109 110 27130
109 111 73847
109 112 18423
109 113 40746
109 114 48043
109 115 24726
109 116 75902
109 117 1372
109 118 52100
109 119 48747
110 111 55276
110 112 18676
110 113 14526
110 114 59653
110 115 4344
110 116 57411
110 117 28502
110 118 64523
110 119 60101
111 112 55511
111 113 43499
111 114 67246
111 115 54031
111 116 2135
111 117 74906
111 118 71030
111 119 66996
112 113 27649
112 114 41348
112 115 14416
112 116 57550
112 117 19423
112 118 46151
112 119 41847
113 114 64414
113 115 16025
113 116 45592
113 117 42097
113 118 69347
113 119 64702
114 115 55309
114 116 68477
114 117 47761
114 118 4938
114 119 815
115 116 56164
115 117 26080
115 118 60180
115 119 55758
116 117 76953
116 118 72179
116 119 68208
117 118 51742
117 119 48476
118 119 4678
