120 7140
0 1 51816
0 2 2772
0 3 37635
0 4 13241
0 5 52859
0 6 11964
0 7 55335
0 8 12777
0 9 19445
0 10 27409
0 11 1428
0 12 15736
0 13 57738
0 14 13330
0 15 2673
0 16 2319
0 17 12043
0 18 2194
0 19 60332
0 20 37642
0 21 56762
0 22 53044
0 23 27126
0 24 43302
0 25 55593
0 26 14736
0 27 4559
0 28 58302
0 29 26410
0 30 57821
0 31 37051
0 32 6419
0 33 29957
0 34 39493
0 35 57204
0 36 43744
0 37 36564
0 38 57816
0 39 10337
0 40 30002
0 41 43038
0 42 27745
0 43 56569
0 44 14569
0 45 25204
0 46 59285
0 47 18009
0 48 40907
0 49 42093
0 50 2324
0 51 24929
0 52 55614
0 53 56917
0 54 56519
0 55 53837
0 56 29971
0 57 20194
0 58 51227
0 59 28517
0 60 40653
0 61 22902
0 62 59617
0 63 4396
0 64 23721
0 65 38455
0 66 59645
0 67 17122
0 68 45706
0 69 58637
0 70 59059
0 71 4477
0 72 55801
0 73 46787
0 74 42024
0 75 45381
0 76 60751
0 77 16149
0 78 10834
0 79 38649
0 80 50214
0 81 15044
0 82 8309
0 83 1769
0 84 18076
0 85 29783
0 86 25356
0 87 38929
0 88 38549
0 89 54481
0 90 31843
0 91 15139
0 92 55428
0 93 54514
0 94 52587
0 95 54185
0 96 39276
0 97 40663
0 98 56199
0 99 32330
0 100 26964
0 101 45259
0 102 56286
0 103 57455
0 104 58262
0 105 39604
0 106 54865
0 107 2122
0 108 2124
0 109 44162
0 110 15455
0 111 24582
0 112 27166
0 113 7546
0 114 30705
0 115 43974
0 116 39406
0 117 19841
0 118 14239
0 119 54633
1 2 49045
1 3 14278
1 4 56150
1 5 63675
1 6 60390
1 7 63556
1 8 60074
1 9 55565
1 10 78589
1 11 51698
1 12 57723
1 13 66204
1 14 56266
1 15 53229
1 16 54134
1 17 56999
1 18 49668
1 19 8953
1 20 14448
1 21 4965
1 22 63186
1 23 78919
1 24 11263
1 25 7725
1 26 58881
1 27 56144
1 28 6508
1 29 78144
1 30 6685
1 31 14858
1 32 57458
1 33 81772
1 34 13552
1 35 71529
1 36 8617
1 37 15561
1 38 61976
1 39 49851
1 40 81315
1 41 10388
1 42 79530
1 43 6541
1 44 56540
1 45 77007
1 46 7492
1 47 61673
1 48 11285
1 49 10233
1 50 50721
1 51 76343
1 52 8719
1 53 11305
1 54 6392
1 55 8094
1 56 81706
1 57 71900
1 58 4473
1 59 79923
1 60 11165
1 61 74710
1 62 72013
1 63 53198
1 64 75460
1 65 17800
1 66 67577
1 67 60084
1 68 8902
1 69 68240
1 70 69495
1 71 47472
1 72 65570
1 73 61470
1 74 9985
1 75 6960
1 76 9416
1 77 58289
1 78 44516
1 79 13241
1 80 1622
1 81 61651
1 82 44136
1 83 50605
1 84 58696
1 85 81576
1 86 76795
1 87 13165
1 88 13269
1 89 3026
1 90 83659
1 91 59660
1 92 3659
1 93 67534
1 94 62082
1 95 2425
1 96 14403
1 97 11158
1 98 67797
1 99 83812
1 100 78632
1 101 7346
1 102 6804
1 103 5832
1 104 6467
1 105 12349
1 106 4840
1 107 53615
1 108 49904
1 109 7717
1 110 53988
1 111 75858
1 112 78770
1 113 57660
1 114 82380
1 115 7952
1 116 12860
1 117 61506
1 118 57507
1 119 67921
2 3 34863
2 4 14021
2 5 52129
2 6 13899
2 7 54497
2 8 14489
2 9 19595
2 10 30111
2 11 2955
2 12 16560
2 13 56964
2 14 14125
2 15 4770
2 16 5091
2 17 13165
2 18 811
2 19 57560
2 20 34883
2 21 53992
2 22 52275
2 23 29898
2 24 40580
2 25 52835
2 26 15901
2 27 7219
2 28 55530
2 29 29176
2 30 55059
2 31 34285
2 32 8896
2 33 32728
2 34 36756
2 35 56797
2 36 40973
2 37 33795
2 38 56787
2 39 9826
2 40 32723
2 41 40297
2 42 30508
2 43 53801
2 44 15286
2 45 27971
2 46 56513
2 47 19284
2 48 38148
2 49 39323
2 50 2543
2 51 27625
2 52 52862
2 53 54181
2 54 53751
2 55 51085
2 56 32725
2 57 22939
2 58 48460
2 59 31247
2 60 37882
2 61 25674
2 62 59128
2 63 5867
2 64 26487
2 65 35765
2 66 58876
2 67 18224
2 68 42972
2 69 57952
2 70 58435
2 71 1939
2 72 55070
2 73 46160
2 74 39252
2 75 42610
2 76 57980
2 77 17034
2 78 9075
2 79 35877
2 80 47443
2 81 16722
2 82 5758
2 83 1952
2 84 18836
2 85 32548
2 86 28087
2 87 36169
2 88 35779
2 89 51709
2 90 34614
2 91 16407
2 92 52658
2 93 53966
2 94 51765
2 95 51413
2 96 36556
2 97 37892
2 98 55592
2 99 35072
2 100 29705
2 101 42500
2 102 53520
2 103 54682
2 104 55490
2 105 36838
2 106 52095
2 107 4720
2 108 1305
2 109 41390
2 110 15608
2 111 27291
2 112 29918
2 113 9829
2 114 33467
2 115 41201
2 116 36649
2 117 20882
2 118 15188
2 119 54105
3 4 42040
3 5 55060
3 6 46134
3 7 55579
3 8 45848
3 9 41917
3 10 64629
3 11 37470
3 12 43711
3 13 58354
3 14 42158
3 15 39149
3 16 39952
3 17 42818
3 18 35507
3 19 22704
3 20 3809
3 21 19243
3 22 54699
3 23 64760
3 24 9643
3 25 18403
3 26 44774
3 27 41917
3 28 20709
3 29 64018
3 30 20632
3 31 2888
3 32 43198
3 33 67574
3 34 6529
3 35 62591
3 36 6196
3 37 1631
3 38 54947
3 39 35673
3 40 67328
3 41 8261
3 42 65306
3 43 19049
3 44 42492
3 45 62796
3 46 21689
3 47 47655
3 48 5126
3 49 4621
3 50 36478
3 51 62071
3 52 18652
3 53 20465
3 54 18984
3 55 16951
3 56 67465
3 57 57659
3 58 13757
3 59 65908
3 60 3272
3 61 60536
3 62 63555
3 63 39231
3 64 61330
3 65 8638
3 66 59955
3 67 46075
3 68 10735
3 69 60238
3 70 61366
3 71 33344
3 72 57349
3 73 51778
3 74 4393
3 75 7778
3 76 23128
3 77 44284
3 78 30971
3 79 1043
3 80 12716
3 81 47469
3 82 29869
3 83 36382
3 84 44810
3 85 67355
3 86 62765
3 87 3956
3 88 1888
3 89 16853
3 90 69465
3 91 45549
3 92 17931
3 93 58660
3 94 53670
3 95 16598
3 96 7663
3 97 3254
3 98 59278
3 99 69781
3 100 64381
3 101 8792
3 102 18836
3 103 19826
3 104 20669
3 105 3604
3 106 17294
3 107 39478
3 108 35764
3 109 6564
3 110 40060
3 111 61868
3 112 64694
3 113 43711
3 114 68282
3 115 6352
3 116 4674
3 117 47628
3 118 43415
3 119 59008
4 5 41552
4 6 6435
4 7 44313
4 8 5152
4 9 7003
4 10 31050
4 11 11889
4 12 2540
4 13 46489
4 14 124
4 15 15305
4 16 12943
4 17 2005
4 18 14271
4 19 63863
4 20 43200
4 21 61069
4 22 41848
4 23 28176
4 24 49657
4 25 58286
4 26 2734
4 27 11540
4 28 62363
4 29 28113
4 30 62649
4 31 42351
4 32 10089
4 33 29946
4 34 45645
4 35 45038
4 36 47579
4 37 40635
4 38 47376
4 39 6529
4 40 32976
4 41 48987
4 42 27324
4 43 59770
4 44 1345
4 45 25368
4 46 63315
4 47 5893
4 48 46323
4 49 45934
4 50 11605
4 51 22790
4 52 58044
4 53 58809
4 54 59758
4 55 56288
4 56 28868
4 57 20145
4 58 54533
4 59 31397
4 60 45298
4 61 24265
4 62 47613
4 63 17236
4 64 25773
4 65 40049
4 66 48362
4 67 4485
4 68 51741
4 69 47131
4 70 47390
4 71 15710
4 72 44458
4 73 35282
4 74 46183
4 75 49260
4 76 64230
4 77 3032
4 78 22994
4 79 43080
4 80 54652
4 81 5790
4 82 14580
4 83 12345
4 84 4844
4 85 29267
4 86 28552
4 87 44392
4 88 43413
4 89 58422
4 90 31757
4 91 3510
4 92 59801
4 93 42699
4 94 41555
4 95 58340
4 96 45784
4 97 45285
4 98 44512
4 99 34547
4 100 25723
4 101 50584
4 102 59344
4 103 61320
4 104 62326
4 105 44819
4 106 58263
4 107 14119
4 108 14635
4 109 48490
4 110 3850
4 111 28382
4 112 29490
4 113 18184
4 114 32275
4 115 48227
4 116 45012
4 117 6952
4 118 1418
4 119 42766
5 6 47302
5 7 3262
5 8 45735
5 9 34553
5 10 70778
5 11 51452
5 12 39879
5 13 4937
5 14 41530
5 15 55439
5 16 53507
5 17 43501
5 18 52771
5 19 66883
5 20 58499
5 21 67093
5 22 788
5 23 66452
5 24 64646
5 25 60476
5 26 41996
5 27 52736
5 28 67328
5 29 66893
5 30 69762
5 31 57383
5 32 51566
5 33 66996
5 34 61467
5 35 7932
5 36 56787
5 37 53515
5 38 7864
5 39 42527
5 40 72081
5 41 63145
5 42 64492
5 43 62973
5 44 40352
5 45 63435
5 46 67937
5 47 40812
5 48 60062
5 49 55839
5 50 50610
5 51 59435
5 52 59553
5 53 58492
5 54 63076
5 55 58442
5 56 65039
5 57 59161
5 58 59713
5 59 70600
5 60 57504
5 61 63403
5 62 8496
5 63 57255
5 64 65123
5 65 47192
5 66 6816
5 67 40271
5 68 65246
5 69 5877
5 70 6625
5 71 52919
5 72 2942
5 73 6320
5 74 56797
5 75 57918
5 76 66999
5 77 39845
5 78 58725
5 79 55698
5 80 62934
5 81 44669
5 82 48484
5 83 51317
5 84 37958
5 85 65953
5 86 68261
5 87 58987
5 88 56943
5 89 64149
5 90 68408
5 91 42259
5 92 66365
5 93 4001
5 94 1822
5 95 64701
5 96 62435
5 97 57440
5 98 4219
5 99 72903
5 100 62471
5 101 62586
5 102 62263
5 103 66002
5 104 67308
5 105 58637
5 106 62490
5 107 54448
5 108 53279
5 109 58628
5 110 38117
5 111 68445
5 112 68528
5 113 59324
5 114 70374
5 115 58271
5 116 59721
5 117 38365
5 118 41408
5 119 4422
6 7 50164
6 8 1577
6 9 12968
6 10 24623
6 11 11037
6 12 7466
6 13 52234
6 14 6397
6 15 13041
6 16 10575
6 17 4523
6 18 13778
6 19 68424
6 20 46869
6 21 65346
6 22 47644
6 23 21810
6 24 53057
6 25 63089
6 26 5307
6 27 8309
6 28 66735
6 29 21703
6 30 66743
6 31 46112
6 32 6222
6 33 23716
6 34 49096
6 35 50262
6 36 51931
6 37 44832
6 38 53405
6 39 10900
6 40 26542
6 41 52551
6 42 21118
6 43 64420
6 44 7290
6 45 19056
6 46 67702
6 47 7317
6 48 50079
6 49 50269
6 50 11404
6 51 16818
6 52 62928
6 53 63856
6 54 64395
6 55 61154
6 56 22804
6 57 13773
6 58 59117
6 59 24963
6 60 49339
6 61 17848
6 62 52938
6 63 14804
6 64 19341
6 65 45035
6 66 54081
6 67 7244
6 68 55291
6 69 52751
6 70 52922
6 71 15832
6 72 50173
6 73 40991
6 74 50409
6 75 53611
6 76 68810
6 77 7459
6 78 22771
6 79 47177
6 80 58845
6 81 3440
6 82 16808
6 83 11948
6 84 9370
6 85 23104
6 86 22121
6 87 48111
6 88 47353
6 89 62814
6 90 25558
6 91 5100
6 92 64048
6 93 48179
6 94 47419
6 95 62657
6 96 49085
6 97 49335
6 98 50053
6 99 28140
6 100 19630
6 101 54412
6 102 64038
6 103 65755
6 104 66696
6 105 48639
6 106 62839
6 107 11831
6 108 13940
6 109 52676
6 110 10281
6 111 21972
6 112 23062
6 113 14199
6 114 25897
6 115 52438
6 116 48680
6 117 9720
6 118 6054
6 119 48214
7 8 48604
7 9 37332
7 10 73808
7 11 53938
7 12 42717
7 13 2801
7 14 44297
7 15 57940
7 16 56067
7 17 46279
7 18 55159
7 19 66343
7 20 59104
7 21 66790
7 22 2656
7 23 69546
7 24 65095
7 25 59993
7 26 44860
7 27 55382
7 28 66937
7 29 69966
7 30 69501
7 31 57995
7 32 54274
7 33 70135
7 34 62045
7 35 9186
7 36 56959
7 37 54068
7 38 4730
7 39 44999
7 40 75150
7 41 63559
7 42 67621
7 43 62521
7 44 43139
7 45 66529
7 46 67508
7 47 43786
7 48 60510
7 49 56092
7 50 53064
7 51 62562
7 52 59034
7 53 57846
7 54 62631
7 55 58001
7 56 68198
7 57 62197
7 58 59490
7 59 73660
7 60 57895
7 61 66448
7 62 8654
7 63 59730
7 64 68162
7 65 47501
7 66 4596
7 67 43195
7 68 65568
7 69 4695
7 70 5944
7 71 55211
7 72 2276
7 73 9351
7 74 57081
7 75 58018
7 76 66438
7 77 42706
7 78 60825
7 79 56168
7 80 62891
7 81 47602
7 82 50652
7 83 53759
7 84 40851
7 85 69101
7 86 71286
7 87 59527
7 88 57451
7 89 63877
7 90 71564
7 91 45149
7 92 66119
7 93 5939
7 94 2762
7 95 64469
7 96 63057
7 97 57828
7 98 4904
7 99 76009
7 100 65606
7 101 62844
7 102 61802
7 103 65612
7 104 66919
7 105 59125
7 106 62131
7 107 56976
7 108 55671
7 109 58827
7 110 40806
7 111 71447
7 112 71592
7 113 61934
7 114 73485
7 115 58472
7 116 60252
7 117 41356
7 118 44225
7 119 6341
8 9 11455
8 10 26026
8 11 11729
8 12 5932
8 13 50666
8 14 5096
8 15 14088
8 16 11598
8 17 3415
8 18 14451
8 19 68012
8 20 46708
8 21 65022
8 22 46080
8 23 23027
8 24 52980
8 25 62594
8 26 3745
8 27 9465
8 28 66382
8 29 22981
8 30 66476
8 31 45924
8 32 7453
8 33 24807
8 34 49000
8 35 48686
8 36 51573
8 37 44514
8 38 51864
8 39 10315
8 40 27885
8 41 52428
8 42 22189
8 43 63976
8 44 5865
8 45 20216
8 46 67345
8 47 5848
8 48 49898
8 49 49915
8 50 11954
8 51 17728
8 52 62405
8 53 63276
8 54 63956
8 55 60636
8 56 23779
8 57 14999
8 58 58691
8 59 26309
8 60 49073
8 61 19142
8 62 51361
8 63 15909
8 64 20675
8 65 44463
8 66 52512
8 67 5679
8 68 55175
8 69 51178
8 70 51347
8 71 16399
8 72 48604
8 73 39423
8 74 50089
8 75 53255
8 76 68392
8 77 5899
8 78 23484
8 79 46892
8 80 58542
8 81 2269
8 82 16890
8 83 12559
8 84 7795
8 85 24145
8 86 23514
8 87 47938
8 88 47114
8 89 62452
8 90 26626
8 91 3524
8 92 63733
8 93 46602
8 94 45860
8 95 62318
8 96 49031
8 97 49066
8 98 48478
8 99 29411
8 100 20621
8 101 54215
8 102 63579
8 103 65382
8 104 66344
8 105 48437
8 106 62418
8 107 12863
8 108 14661
8 109 52371
8 110 8953
8 111 23406
8 112 24380
8 113 15583
8 114 27127
8 115 52124
8 116 48523
8 117 8201
8 118 4588
8 119 46638
9 10 37386
9 11 18026
9 12 5534
9 13 39490
9 14 6978
9 15 21772
9 16 19552
9 17 8949
9 18 20026
9 19 62695
9 20 43654
9 21 60368
9 22 34855
9 23 33984
9 24 50346
9 25 56780
9 26 7765
9 27 18408
9 28 61506
9 29 34093
9 30 62204
9 31 42698
9 32 17070
9 33 35372
9 34 46340
9 35 38108
9 36 46953
9 37 40392
9 38 40466
9 39 10060
9 40 39120
9 41 49468
9 42 32734
9 43 58502
9 44 5807
9 45 31052
9 46 62423
9 47 8068
9 48 46591
9 49 45365
9 50 17470
9 51 27888
9 52 56406
9 53 56875
9 54 58511
9 55 54698
9 56 33979
9 57 26078
9 58 53434
9 59 37559
9 60 45182
9 61 30318
9 62 40653
9 63 23688
9 64 31925
9 65 38521
9 66 41362
9 67 6800
9 68 52196
9 69 40128
9 70 40393
9 71 20990
9 72 37457
9 73 28280
9 74 45776
9 75 48605
9 76 63028
9 77 5673
9 78 28049
9 79 42930
9 80 54158
9 81 10952
9 82 18358
9 83 18228
9 84 4364
9 85 34558
9 86 34861
9 87 44751
9 88 43483
9 89 57575
9 90 37089
9 91 8229
9 92 59161
9 93 35711
9 94 34576
9 95 57611
9 96 46672
9 97 45158
9 98 37515
9 99 40466
9 100 30948
9 101 50677
9 102 58009
9 103 60377
9 104 61470
9 105 45029
9 106 57129
9 107 20646
9 108 20466
9 109 48101
9 110 4001
9 111 34814
9 112 35576
9 113 25061
9 114 38083
9 115 47806
9 116 45429
9 117 6611
9 118 6933
9 119 35784
10 11 27949
10 12 31865
10 13 75642
10 14 31016
10 15 25556
10 16 25181
10 17 29092
10 18 29384
10 19 87297
10 20 64189
10 21 83476
10 22 71207
10 23 5875
10 24 69220
10 25 82820
10 26 29629
10 27 23786
10 28 85097
10 29 4673
10 30 84280
10 31 63731
10 32 23354
10 33 8268
10 34 65667
10 35 72598
10 36 70805
10 37 63674
10 38 77377
10 39 34024
10 40 2796
10 41 69215
10 42 8938
10 43 83668
10 44 31888
10 45 8275
10 46 86081
10 47 30093
10 48 67428
10 49 69176
10 50 29086
10 51 12804
10 52 82890
10 53 84267
10 54 83607
10 55 81120
10 56 10555
10 57 11620
10 58 78346
10 59 1903
10 60 67505
10 61 7420
10 62 75441
10 63 25404
10 64 5675
10 65 65864
10 66 77416
10 67 30870
10 68 71751
10 69 75893
10 70 75875
10 71 31410
10 72 73543
10 73 64478
10 74 69016
10 75 72407
10 76 87730
10 77 31717
10 78 34359
10 79 65615
10 80 76971
10 81 26497
10 82 35691
10 83 28943
10 84 33327
10 85 9291
10 86 2531
10 87 65483
10 88 65366
10 89 81367
10 90 9049
10 91 29164
10 92 82132
10 93 71096
10 94 71115
10 95 80995
10 96 65241
10 97 67523
10 98 73066
10 99 5510
10 100 10691
10 101 71713
10 102 83424
10 103 84333
10 104 85056
10 105 66251
10 106 81923
10 107 25392
10 108 29055
10 109 71061
10 110 34899
10 111 2844
10 112 3075
10 113 20932
10 114 5361
10 115 70901
10 116 65876
10 117 32476
10 118 30613
10 119 71065
11 12 14400
11 13 56333
11 14 11981
11 15 4013
11 16 2837
11 17 10768
11 18 2741
11 19 60141
11 20 37622
11 21 56653
11 22 51640
11 23 27373
11 24 43410
11 25 55296
11 26 13482
11 27 4447
11 28 58168
11 29 26721
11 30 57778
11 31 36995
11 32 5968
11 33 30116
11 34 39559
11 35 55777
11 36 43539
11 37 36354
11 38 56443
11 39 8940
11 40 30490
11 41 43092
11 42 27836
11 43 56332
11 44 13209
11 45 25328
11 46 59150
11 47 16797
11 48 40884
11 49 41882
11 50 1167
11 51 24795
11 52 55288
11 53 56536
11 54 56286
11 55 53508
11 56 30011
11 57 20207
11 58 50987
11 59 28982
11 60 40533
11 61 23127
11 62 58193
11 63 5806
11 64 24037
11 65 37974
11 66 58240
11 67 15856
11 68 45780
11 69 57224
11 70 57643
11 71 4882
11 72 54393
11 73 45371
11 74 41851
11 75 45188
11 76 60555
11 77 14826
11 78 11758
11 79 38493
11 80 50104
11 81 13986
11 82 7786
11 83 1099
11 84 16731
11 85 29885
11 86 25823
11 87 38903
11 88 38446
11 89 54324
11 90 32011
11 91 13918
11 92 55324
11 93 53093
11 94 51188
11 95 54052
11 96 39389
11 97 40540
11 98 54781
11 99 32753
11 100 26955
11 101 45241
11 102 56032
11 103 57296
11 104 58128
11 105 39549
11 106 54645
11 107 3208
11 108 2934
11 109 44018
11 110 14034
11 111 25110
11 112 27555
11 113 8651
11 114 31044
11 115 43820
11 116 39400
11 117 18563
11 118 12926
11 119 53210
12 13 44814
12 14 2436
12 15 17732
12 16 15331
12 17 3917
12 18 16806
12 19 65278
12 20 45023
12 21 62617
12 22 40209
12 23 28579
12 24 51552
12 25 59590
12 26 2237
12 27 13773
12 28 63868
12 29 28641
12 30 64271
12 31 44145
12 32 12154
12 33 30102
12 34 47533
12 35 43065
12 36 49125
12 37 42270
12 38 45940
12 39 8665
12 40 33634
12 41 50829
12 42 27463
12 43 61149
12 44 1372
12 45 25680
12 46 64811
12 47 3950
12 48 48106
12 49 47492
12 50 14139
12 51 22725
12 52 59307
12 53 59977
12 54 61144
12 55 57562
12 56 28832
12 57 20623
12 58 55955
12 59 32068
12 60 46979
12 61 24843
12 62 45691
12 63 19660
12 64 26431
12 65 41305
12 66 46669
12 67 2364
12 68 53582
12 69 45373
12 70 45579
12 71 18246
12 72 42761
12 73 33576
12 74 47787
12 75 50801
12 76 65635
12 77 585
12 78 25528
12 79 44747
12 80 56248
12 81 5549
12 82 16951
12 83 14877
12 84 2351
12 85 29338
12 86 29343
12 87 46194
12 88 45138
12 89 59924
12 90 31858
12 91 2783
12 92 61365
12 93 40855
12 94 39969
12 95 59876
12 96 47718
12 97 46963
12 98 42704
12 99 35037
12 100 25744
12 101 52331
12 102 60703
12 103 62799
12 104 63831
12 105 46584
12 106 59680
12 107 16531
12 108 17166
12 109 50104
12 110 3947
12 111 29284
12 112 30100
12 113 20365
12 114 32685
12 115 49832
12 116 46830
12 117 4484
12 118 1617
12 119 40904
13 14 46467
13 15 60326
13 16 58411
13 17 48438
13 18 57615
13 19 68852
13 20 61888
13 21 69382
13 22 4693
13 23 71261
13 24 67860
13 25 62527
13 26 46927
13 27 57661
13 28 69499
13 29 71723
13 30 72104
13 31 60780
13 32 56499
13 33 71746
13 34 64826
13 35 7746
13 36 59679
13 37 56847
13 38 5586
13 39 47402
13 40 76913
13 41 66319
13 42 69259
13 43 65064
13 44 45289
13 45 68246
13 46 70057
13 47 45714
13 48 63276
13 49 58828
13 50 55480
13 51 64207
13 52 61556
13 53 60319
13 54 65177
13 55 60551
13 56 69758
13 57 64022
13 58 62110
13 59 75440
13 60 60652
13 61 68257
13 62 6469
13 63 62133
13 64 69981
13 65 50250
13 66 1912
13 67 45190
13 68 68313
13 69 2127
13 70 3504
13 71 57719
13 72 2106
13 73 11243
13 74 59822
13 75 60722
13 76 68938
13 77 44777
13 78 63423
13 79 58937
13 80 65559
13 81 49584
13 82 53218
13 83 56183
13 84 42886
13 85 70692
13 86 73127
13 87 62303
13 88 60224
13 89 66480
13 90 73134
13 91 47186
13 92 68729
13 93 5601
13 94 5272
13 95 67084
13 96 65841
13 97 60586
13 98 3806
13 99 77697
13 100 67230
13 101 65578
13 102 64343
13 103 68175
13 104 69482
13 105 61896
13 106 64706
13 107 59344
13 108 58125
13 109 61552
13 110 43047
13 111 73327
13 112 73365
13 113 64241
13 114 75162
13 115 61197
13 116 63028
13 117 43259
13 118 46344
13 119 5892
14 15 15384
14 16 13016
14 17 2001
14 18 14371
14 19 63976
14 20 43320
14 21 61184
14 22 41829
14 23 28123
14 24 49779
14 25 58395
14 26 2616
14 27 11595
14 28 62478
14 29 28065
14 30 62767
14 31 42471
14 32 10128
14 33 29882
14 34 45767
14 35 44997
14 36 47694
14 37 40752
14 38 47369
14 39 6652
14 40 32935
14 41 49108
14 42 27258
14 43 59882
14 44 1275
14 45 25310
14 46 63429
14 47 5770
14 48 46443
14 49 46050
14 50 11704
14 51 22716
14 52 58153
14 53 58915
14 54 59870
14 55 56396
14 56 28796
14 57 20093
14 58 54645
14 59 31356
14 60 45416
14 61 24218
14 62 47576
14 63 17314
14 64 25731
14 65 40156
14 66 48339
14 67 4363
14 68 51862
14 69 47104
14 70 47360
14 71 15818
14 72 44435
14 73 35258
14 74 46300
14 75 49375
14 76 64342
14 77 2921
14 78 23102
14 79 43198
14 80 54769
14 81 5695
14 82 14702
14 83 12444
14 84 4750
14 85 29199
14 86 28517
14 87 44512
14 88 43532
14 89 58536
14 90 31690
14 91 3394
14 92 59917
14 93 42667
14 94 41539
14 95 58455
14 96 45906
14 97 45403
14 98 44482
14 99 34498
14 100 25653
14 101 50703
14 102 59455
14 103 61434
14 104 62440
14 105 44938
14 106 58375
14 107 14195
14 108 14734
14 109 48607
14 110 3885
14 111 28352
14 112 29446
14 113 18236
14 114 32222
14 115 48344
14 116 45133
14 117 6837
14 118 1294
14 119 42733
15 16 2493
15 17 13905
15 18 3975
15 19 61848
15 20 38930
15 21 58153
15 22 55634
15 23 25744
15 24 44361
15 25 57273
15 26 16504
15 27 4801
15 28 59731
15 29 24924
15 30 59107
15 31 38398
15 32 6931
15 33 28707
15 34 40633
15 35 59682
15 36 45304
15 37 38150
15 38 60456
15 39 12947
15 40 28216
15 41 44189
15 42 26626
15 43 58159
15 44 16649
15 45 24044
15 46 60716
15 47 19635
15 48 42191
15 49 43666
15 50 4997
15 51 24230
15 52 57336
15 53 58717
15 54 58103
15 55 55564
15 56 28928
15 57 19280
15 58 52828
15 59 26774
15 60 42091
15 61 21587
15 62 62122
15 63 1931
15 64 22246
15 65 40415
15 66 62232
15 67 18902
15 68 46816
15 69 61202
15 70 61608
15 71 5856
15 72 58380
15 73 49341
15 74 43541
15 75 46921
15 76 62274
15 77 18098
15 78 10588
15 79 40147
15 80 51617
15 81 16337
15 82 10529
15 83 4414
15 84 20083
15 85 28632
15 86 23624
15 87 40223
15 88 39966
15 89 55952
15 90 30569
15 91 16818
15 92 56813
15 93 57041
15 94 55189
15 95 55617
15 96 40339
15 97 42106
15 98 58743
15 99 30637
15 100 26023
15 101 46523
15 102 57902
15 103 58924
15 104 59691
15 105 40940
15 106 56429
15 107 1230
15 108 3566
15 109 45630
15 110 17814
15 111 22761
15 112 25549
15 113 5061
15 114 29152
15 115 45456
15 116 40664
15 117 21633
15 118 16176
15 119 57153
16 17 11472
16 18 4490
16 19 62648
16 20 39957
16 21 59081
16 22 53723
16 23 24811
16 24 45595
16 25 57894
16 26 14041
16 27 2485
16 28 60621
16 29 24103
16 30 60137
16 31 39368
16 32 4563
16 33 27638
16 34 41795
16 35 57576
16 36 46058
16 37 38877
16 38 58699
16 39 11220
16 40 27750
16 41 45342
16 42 25431
16 43 58880
16 44 14288
16 45 22887
16 46 61604
16 47 17148
16 48 43222
16 49 44406
16 50 4004
16 51 22670
16 52 57909
16 53 59197
16 54 58831
16 55 56131
16 56 27663
16 57 17895
16 58 53538
16 59 26255
16 60 42972
16 61 20584
16 62 60053
16 63 4369
16 64 21415
16 65 40697
16 66 60313
16 67 16437
16 68 48005
16 69 59236
16 70 59609
16 71 6754
16 72 56444
16 73 47362
16 74 44341
16 75 47697
16 76 63067
16 77 15679
16 78 12630
16 79 40967
16 80 52533
16 81 13850
16 82 10511
16 83 3767
16 84 17680
16 85 27467
16 86 23094
16 87 41244
16 88 40868
16 89 56799
16 90 29524
16 91 14340
16 92 57746
16 93 55008
16 94 53309
16 95 56503
16 96 41569
16 97 42982
16 98 56738
16 99 30054
16 100 24665
16 101 47573
16 102 58595
16 103 59773
16 104 60581
16 105 41921
16 106 57178
16 107 1265
16 108 4336
16 109 46481
16 110 15638
16 111 22347
16 112 24878
16 113 6022
16 114 28405
16 115 46292
16 116 41719
16 117 19168
16 118 13758
16 119 55109
17 18 13313
17 19 64844
17 20 43817
17 21 61937
17 22 43805
17 23 26328
17 24 50185
17 25 59360
17 26 2736
17 27 9856
17 28 63269
17 29 26226
17 30 63448
17 31 43002
17 32 8261
17 33 28183
17 34 46186
17 35 46885
17 36 48464
17 37 41451
17 38 49367
17 39 7149
17 40 31050
17 41 49574
17 42 25572
17 43 60784
17 44 3153
17 45 23556
17 46 64227
17 47 6135
17 48 46978
17 49 46811
17 50 10659
17 51 21142
17 52 59152
17 53 59985
17 54 60767
17 55 57387
17 56 27187
17 57 18291
17 58 55516
17 59 29469
17 60 46060
17 61 22370
17 62 49483
17 63 15824
17 64 23855
17 65 41184
17 66 50307
17 67 5089
17 68 52326
17 69 49058
17 70 49301
17 71 14962
17 72 46402
17 73 37221
17 74 47018
17 75 50146
17 76 65218
17 77 4217
17 78 22231
17 79 43860
17 80 55482
17 81 4652
17 82 14512
17 83 11366
17 84 6242
17 85 27538
17 86 26601
17 87 45030
17 88 44133
17 89 59332
17 90 30011
17 91 3285
17 92 60656
17 93 44598
17 94 43522
17 95 59221
17 96 46270
17 97 46050
17 98 46424
17 99 32663
17 100 24025
17 101 51271
17 102 60375
17 103 62250
17 104 63231
17 105 45496
17 106 59246
17 107 12691
17 108 13627
17 109 49312
17 110 5828
17 111 26410
17 112 27579
17 113 16452
17 114 30418
17 115 49058
17 116 45632
17 117 7799
17 118 2307
17 119 44659
18 19 58210
18 20 35470
18 21 54610
18 22 52924
18 23 29256
18 24 41110
18 25 53520
18 26 16045
18 27 6741
18 28 56159
18 29 28514
18 30 55652
18 31 34888
18 32 8528
18 33 32113
18 34 37306
18 35 57377
18 36 41630
18 37 34456
18 38 57482
18 39 10376
18 40 32007
18 41 40852
18 42 29919
18 43 54467
18 44 15559
18 45 27371
18 46 57142
18 47 19402
18 48 38736
18 49 39983
18 50 2668
18 51 27123
18 52 53557
18 53 54893
18 54 54415
18 55 51781
18 56 32153
18 57 22382
18 58 49127
18 59 30539
18 60 38509
18 61 25042
18 62 59724
18 63 5063
18 64 25826
18 65 36508
18 66 59527
18 67 18393
18 68 43517
18 69 58586
18 70 59058
18 71 2285
18 72 55712
18 73 46781
18 74 39899
18 75 43263
18 76 58631
18 77 17264
18 78 9035
18 79 36518
18 80 48064
18 81 16701
18 82 6558
18 83 1947
18 84 19105
18 85 31954
18 86 27380
18 87 36758
18 88 36400
18 89 52346
18 90 33996
18 91 16521
18 92 53275
18 93 54573
18 94 52424
18 95 52042
18 96 37085
18 97 38520
18 98 56212
18 99 34373
18 100 29152
18 101 43085
18 102 54192
18 103 55320
18 104 56119
18 105 37440
18 106 52755
18 107 3999
18 108 522
18 109 42025
18 110 16029
18 111 26569
18 112 29232
18 113 9028
18 114 32793
18 115 41840
18 116 37230
18 117 21074
18 118 15394
18 119 54708
19 20 23319
19 21 4898
19 22 66318
19 23 87458
19 24 19992
19 25 6476
19 26 66577
19 27 64584
19 28 3111
19 29 86721
19 30 6583
19 31 23645
19 32 65811
19 33 90255
19 34 22503
19 35 74813
19 36 16604
19 37 23789
19 38 64180
19 39 57717
19 40 90007
19 41 19272
19 42 87967
19 43 4244
19 44 64154
19 45 85468
19 46 2550
19 47 69217
19 48 20209
19 49 18264
19 50 59131
19 51 84629
19 52 7333
19 53 8698
19 54 4211
19 55 8607
19 56 90102
19 57 80302
19 58 9331
19 59 88596
19 60 19799
19 61 83231
19 62 74962
19 63 61894
19 64 84034
19 65 24193
19 66 70047
19 67 67623
19 68 17480
19 69 70949
19 70 72267
19 71 56048
19 72 68477
19 73 65449
19 74 18312
19 75 14953
19 76 470
19 77 65831
19 78 53359
19 79 21701
19 80 10552
19 81 69478
19 82 52481
19 83 59056
19 84 66077
19 85 90019
19 86 85456
19 87 22049
19 88 21944
19 89 5991
19 90 92149
19 91 67359
19 92 6018
19 93 70843
19 94 65188
19 95 6551
19 96 23328
19 97 19779
19 98 70860
19 99 92474
19 100 87000
19 101 16281
19 102 4841
19 103 3159
19 104 3144
19 105 21189
19 106 5601
19 107 62182
19 108 58468
19 109 16237
19 110 61451
19 111 84547
19 112 87395
19 113 66368
19 114 90986
19 115 16397
19 116 21782
19 117 68861
19 118 65186
19 119 71249
20 21 19292
20 22 58158
20 23 64665
20 24 6776
20 25 19922
20 26 45925
20 27 42054
20 28 20942
20 29 63853
20 30 20184
20 31 1120
20 32 43482
20 33 67574
20 34 3001
20 35 65956
20 36 7980
20 37 5098
20 38 58579
20 39 36726
20 40 66926
20 41 5820
20 42 65387
20 43 20096
20 44 43757
20 45 62841
20 46 21924
20 47 48939
20 48 3265
20 49 6878
20 50 36698
20 51 62390
20 52 20367
20 53 22455
20 54 20002
20 55 18789
20 56 67607
20 57 57813
20 58 15087
20 59 65548
20 60 4041
20 61 60481
20 62 66994
20 63 38824
20 64 61175
20 65 12441
20 66 63512
20 67 47379
20 68 8565
20 69 63749
20 70 64856
20 71 33239
20 72 60838
20 73 55042
20 74 6064
20 75 9151
20 76 23770
20 77 45604
20 78 30068
20 79 3753
20 80 12827
20 81 48448
20 82 30260
20 83 36524
20 84 46282
20 85 67424
20 86 62430
20 87 1294
20 88 2384
20 89 17330
20 90 69452
20 91 46689
20 92 17947
20 93 62046
20 94 57143
20 95 16870
20 96 3957
20 97 4099
20 98 62718
20 99 69443
20 100 64572
20 101 7619
20 102 20018
20 103 20257
20 104 20901
20 105 2153
20 106 18266
20 107 39373
20 108 35677
20 109 7369
20 110 41510
20 111 61473
20 112 64434
20 113 43271
20 114 68060
20 115 7336
20 116 1815
20 117 49096
20 118 44598
20 119 62388
21 22 66570
21 23 83856
21 24 15325
21 25 7586
21 26 63798
21 27 61099
21 28 1842
21 29 83073
21 30 2827
21 31 19759
21 32 62420
21 33 86719
21 34 18133
21 35 74994
21 36 13494
21 37 20514
21 38 64944
21 39 54788
21 40 86209
21 41 14757
21 42 84483
21 43 5154
21 44 61443
21 45 81958
21 46 2741
21 47 66566
21 48 16074
21 49 15135
21 50 55680
21 51 81306
21 52 8734
21 53 11007
21 54 4984
21 55 9121
21 56 86663
21 57 76858
21 58 7504
21 59 84823
21 60 16121
21 61 79651
21 62 75333
21 63 58097
21 64 80390
21 65 22267
21 66 70678
21 67 64976
21 68 12762
21 69 71449
21 70 72734
21 71 52409
21 72 68861
21 73 65208
21 74 14937
21 75 11816
21 76 5355
21 77 63181
21 78 49334
21 79 18206
21 80 6550
21 81 66587
21 82 49099
21 83 55560
21 84 63557
21 85 86529
21 86 81700
21 87 18000
21 88 18213
21 89 2994
21 90 88605
21 91 64578
21 92 1345
21 93 71003
21 94 65452
21 95 2758
21 96 18851
21 97 16115
21 98 71160
21 99 88716
21 100 83592
21 101 11905
21 102 5835
21 103 2125
21 104 1803
21 105 17228
21 106 4769
21 107 58551
21 108 54842
21 109 12681
21 110 58862
21 111 80754
21 112 83686
21 113 62552
21 114 87302
21 115 12911
21 116 17641
21 117 66363
21 118 62421
21 119 71398
22 23 66918
22 24 64273
22 25 59920
22 26 42338
22 27 52986
22 28 66790
22 29 67346
22 30 69247
22 31 57043
22 32 51841
22 33 67492
22 34 61122
22 35 8527
22 36 56354
22 37 53161
22 38 7143
22 39 42708
22 40 72532
22 41 62763
22 42 64981
22 43 62423
22 44 40659
22 45 63901
22 46 67392
22 47 41209
22 48 59687
22 49 55422
22 50 50786
22 51 59923
22 52 58991
22 53 57908
22 54 62527
22 55 57893
22 56 65550
22 57 59592
22 58 59203
22 59 71046
22 60 57116
22 61 63840
22 62 8880
22 63 57440
22 64 65556
22 65 46784
22 66 6603
22 67 40642
22 68 64845
22 69 5902
22 70 6789
22 71 53039
22 72 2880
22 73 6729
22 74 56387
22 75 57470
22 76 66431
22 77 40185
22 78 58782
22 79 55327
22 80 62460
22 81 45045
22 82 48561
22 83 51490
22 84 38314
22 85 66455
22 86 68687
22 87 58632
22 88 56580
22 89 63632
22 90 68916
22 91 42613
22 92 65853
22 93 4664
22 94 1137
22 95 64191
22 96 62099
22 97 57052
22 98 4618
22 99 73377
22 100 62964
22 101 62172
22 102 61711
22 103 65463
22 104 66770
22 105 58271
22 106 61956
22 107 54653
22 108 53434
22 109 58200
22 110 38382
22 111 68859
22 112 68976
22 113 59561
22 114 70851
22 115 57844
22 116 59364
22 117 38770
22 118 41729
22 119 5090
23 24 70072
23 25 82669
23 26 26371
23 27 22963
23 28 85413
23 29 1419
23 30 84846
23 31 64115
23 32 22026
23 33 3303
23 34 66371
23 35 67855
23 36 70869
23 37 63687
23 38 73284
23 39 32100
23 40 5856
23 41 69928
23 42 3071
23 43 83686
23 44 28825
23 45 3017
23 46 86396
23 47 26266
23 48 67928
23 49 69217
23 50 28432
23 51 7328
23 52 82657
23 53 83876
23 54 83638
23 55 80877
23 56 4982
23 57 8037
23 58 78343
23 59 4665
23 60 67762
23 61 4254
23 62 70732
23 63 26032
23 64 3602
23 65 65220
23 66 72995
23 67 27254
23 68 72544
23 69 71401
23 70 71313
23 71 31448
23 72 69156
23 73 60195
23 74 69150
23 75 72508
23 76 87878
23 77 28342
23 78 35521
23 79 65772
23 80 77313
23 81 23048
23 82 35133
23 83 28442
23 84 29740
23 85 3892
23 86 4538
23 87 65957
23 88 65650
23 89 81602
23 90 4960
23 91 25804
23 92 82519
23 93 66546
23 94 66894
23 95 81296
23 96 66055
23 97 67774
23 98 68541
23 99 6512
23 100 4860
23 101 72264
23 102 83395
23 103 84576
23 104 85372
23 105 66663
23 106 81988
23 107 25305
23 108 29015
23 109 71281
23 110 31971
23 111 5836
23 112 2801
23 113 21775
23 114 4106
23 115 71095
23 116 66405
23 117 28508
23 118 27514
23 119 66492
24 25 18453
24 26 52370
24 27 47797
24 28 17146
24 29 69189
24 30 15392
24 31 7831
24 32 49341
24 33 73068
24 34 4020
24 35 72210
24 36 9530
24 37 11245
24 38 64312
24 39 43150
24 40 71989
24 41 1667
24 42 70968
24 43 17750
24 44 50266
24 45 68395
24 46 18065
24 47 55446
24 48 4586
24 49 9626
24 50 42551
24 51 68200
24 52 19230
24 53 21693
24 54 17612
24 55 18035
24 56 73238
24 57 63489
24 58 13856
24 59 70664
24 60 7258
24 61 65943
24 62 73139
24 63 44063
24 64 66533
24 65 17693
24 66 69432
24 67 53899
24 68 2607
24 69 69767
24 70 70912
24 71 38840
24 72 66899
24 73 61420
24 74 8519
24 75 9545
24 76 20462
24 77 52134
24 78 34866
24 79 8950
24 80 9856
24 81 54789
24 82 36305
24 83 42313
24 84 52879
24 85 72985
24 86 67588
24 87 5882
24 88 7758
24 89 14268
24 90 74926
24 91 53126
24 92 14048
24 93 68271
24 94 63234
24 95 13515
24 96 4026
24 97 7329
24 98 68861
24 99 74571
24 100 70260
24 101 4335
24 102 17920
24 103 16837
24 104 17105
24 105 6039
24 106 15965
24 107 44911
24 108 41269
24 109 7758
24 110 48106
24 111 66568
24 112 69667
24 113 48431
24 114 73321
24 115 8021
24 116 5140
24 117 55685
24 118 51065
24 119 68623
25 26 60979
25 27 59715
25 28 7133
25 29 81996
25 30 10393
25 31 19971
25 32 60822
25 33 85375
25 34 19904
25 35 68404
25 36 12241
25 37 19188
25 38 57930
25 39 52279
25 40 85489
25 41 17280
25 42 83025
25 43 2582
25 44 58506
25 45 80565
25 46 7566
25 47 63510
25 48 17211
25 49 13782
25 50 54245
25 51 79506
25 52 1152
25 53 3646
25 54 2720
25 55 2158
25 56 85102
25 57 75331
25 58 4849
25 59 84041
25 60 15995
25 61 78422
25 62 68595
25 63 57470
25 64 79308
25 65 18296
25 66 63754
25 67 61917
25 68 16338
25 69 64616
25 70 65925
25 71 51427
25 72 62111
25 73 58981
25 74 14159
25 75 10815
25 76 6667
25 77 60133
25 78 49372
25 79 17499
25 80 8746
25 81 63967
25 82 47550
25 83 54228
25 84 60282
25 85 85081
25 86 80886
25 87 18762
25 88 18093
25 89 5540
25 90 87274
25 91 61761
25 92 7575
25 93 64428
25 94 58792
25 95 6507
25 96 20971
25 97 15954
25 98 64475
25 99 87890
25 100 81970
25 101 14186
25 102 1847
25 103 5860
25 104 7124
25 105 17784
25 106 3129
25 107 57517
25 108 53815
25 109 12556
25 110 55719
25 111 80034
25 112 82752
25 113 61952
25 114 86298
25 115 12589
25 116 18698
25 117 63043
25 118 59579
25 119 64832
26 27 12252
26 28 65089
26 29 26417
26 30 65383
26 31 45079
26 32 10468
26 33 27943
26 34 48360
26 35 45027
26 36 50307
26 37 43368
26 38 48125
26 39 9223
26 40 31402
26 41 51709
26 42 25306
26 43 62478
26 44 2626
26 45 23485
26 46 66039
26 47 3420
26 48 49051
26 49 48663
26 50 13394
26 51 20620
26 52 60728
26 53 61468
26 54 62467
26 55 58974
26 56 26724
26 57 18401
26 58 57247
26 59 29834
26 60 48032
26 61 22614
26 62 47683
26 63 18409
26 64 24197
26 65 42728
26 66 48776
26 67 2398
26 68 54463
26 69 47452
26 70 47632
26 71 17694
26 72 44867
26 73 35685
26 74 48916
26 75 51988
26 76 66943
26 77 2154
26 78 24966
26 79 45814
26 80 57384
26 81 3406
26 82 17055
26 83 14098
26 84 4095
26 85 27200
26 86 27106
26 87 47119
26 88 46145
26 89 61147
26 90 29714
26 91 782
26 92 62532
26 93 42894
26 94 42116
26 95 61068
26 96 48489
26 97 48019
26 98 44761
26 99 32820
26 100 23617
26 101 53315
26 102 62048
26 103 64043
26 104 65051
26 105 47549
26 106 60977
26 107 15281
26 108 16355
26 109 51223
26 110 5813
26 111 27049
26 112 27869
26 113 18722
26 114 30477
26 115 50960
26 116 47737
26 117 5130
26 118 1404
26 119 42935
27 28 62615
27 29 22346
27 30 62216
27 31 41434
27 32 2131
27 33 25677
27 34 43964
27 35 56516
27 36 47981
27 37 40796
27 38 58178
27 39 11117
27 40 26260
27 41 47502
27 42 23389
27 43 60767
27 44 12866
27 45 20884
27 46 63597
27 47 15181
27 48 45317
27 49 46324
27 50 5470
27 51 20406
27 52 59696
27 53 60918
27 54 60722
27 55 57916
27 56 25567
27 57 15764
27 58 55423
27 59 24730
27 60 44979
27 61 18712
27 62 59053
27 63 6500
27 64 19670
27 65 42302
27 66 59552
27 67 14618
27 68 50182
27 69 58406
27 70 58725
27 71 9025
27 72 55664
27 73 46528
27 74 46297
27 75 49632
27 76 64998
27 77 14057
27 78 15114
27 79 42939
27 80 54550
27 81 11674
27 82 12171
27 83 5540
27 84 16093
27 85 25439
27 86 21583
27 87 43337
27 88 42891
27 89 58770
27 90 27573
27 91 12457
27 92 59770
27 93 54075
27 94 52620
27 95 58498
27 96 43773
27 97 44986
27 98 55848
27 99 28455
27 100 22518
27 101 49674
27 102 60463
27 103 61742
27 104 62575
27 105 43989
27 106 59085
27 107 3648
27 108 6675
27 109 48465
27 110 14639
27 111 20942
27 112 23236
27 113 6654
27 114 26683
27 115 48266
27 116 43829
27 117 17328
27 118 12163
27 119 54159
28 29 84643
28 30 3707
28 31 21367
28 32 63907
28 33 88256
28 34 19883
28 35 75244
28 36 14809
28 37 21921
28 38 64970
28 39 56124
28 40 87823
28 41 16542
28 42 86004
28 43 4554
28 44 62710
28 45 83486
28 46 984
28 47 67815
28 48 17751
28 49 16468
28 50 57183
28 51 82777
28 52 8229
28 53 10241
28 54 4414
28 55 8966
28 56 88170
28 57 78365
28 58 8216
28 59 86430
28 60 17650
28 61 81200
28 62 75513
28 63 59706
28 64 81959
28 65 23205
28 66 70758
28 67 66223
28 68 14591
28 69 71578
28 70 72876
28 71 53969
28 72 69032
28 73 65609
28 74 16356
28 75 13127
28 76 3554
28 77 64428
28 78 51006
28 79 19680
28 80 8127
28 81 67916
28 82 50578
28 83 57077
28 84 64761
28 85 88051
28 86 83302
28 87 19655
28 88 19766
28 89 3944
28 90 90144
28 91 65869
28 92 3103
28 93 71259
28 94 65667
28 95 4118
28 96 20631
28 97 17639
28 98 71364
28 99 90319
28 100 85089
28 101 13646
28 102 5288
28 103 1326
28 104 41
28 105 18853
28 106 4865
28 107 60110
28 108 56399
28 109 14151
28 110 60087
28 111 82366
28 112 85275
28 113 64168
28 114 88883
28 115 14357
28 116 19323
28 117 67561
28 118 63707
28 119 71659
29 30 84026
29 31 63321
29 32 21523
29 33 4623
29 34 65515
29 35 68448
29 36 70144
29 37 62969
29 38 73648
29 39 31787
29 40 5193
29 41 69072
29 42 4411
29 43 82977
29 44 28819
29 45 3677
29 46 85627
29 47 26494
29 48 67113
29 49 68496
29 50 27801
29 51 8195
29 52 82002
29 53 83255
29 54 82926
29 55 80223
29 56 6401
29 57 8018
29 58 77636
29 59 3783
29 60 66996
29 61 3864
29 62 71313
29 63 25127
29 64 2689
29 65 64645
29 66 73472
29 67 27416
29 68 71674
29 69 71903
29 70 71840
29 71 30678
29 72 69619
29 73 60619
29 74 68410
29 75 71776
29 76 87143
29 77 28430
29 78 34545
29 79 65025
29 80 76534
29 81 23142
29 82 34501
29 83 27778
29 84 29898
29 85 5299
29 86 3125
29 87 65146
29 88 64877
29 89 80847
29 90 6130
29 91 25880
29 92 81734
29 93 67067
29 94 67299
29 95 80527
29 96 65178
29 97 67009
29 98 69053
29 99 6438
29 100 6033
29 101 71441
29 102 82696
29 103 83821
29 104 84603
29 105 65864
29 106 81268
29 107 24540
29 108 28254
29 109 70524
29 110 31934
29 111 4417
29 112 1715
29 113 20811
29 114 4349
29 115 70344
29 116 65583
29 117 28790
29 118 27515
29 119 67022
30 31 20783
30 32 63605
30 33 87758
30 34 18641
30 35 77653
30 36 15257
30 37 22014
30 38 67701
30 39 56302
30 40 87029
30 41 15124
30 42 85566
30 43 7910
30 44 63072
30 45 83023
30 46 4033
30 47 68219
30 48 16920
30 49 16839
30 50 56835
30 51 82513
30 52 11536
30 53 13748
30 54 7746
30 55 11946
30 56 87778
30 57 77980
30 58 10062
30 59 85669
30 60 17405
30 61 80665
30 62 78028
30 63 58963
30 64 81351
30 65 24452
30 66 73414
30 67 66634
30 68 12785
30 69 74165
30 70 75445
30 71 53423
30 72 71560
30 73 67783
30 74 16485
30 75 13621
30 76 6962
30 77 64840
30 78 50005
30 79 19589
30 80 8046
30 81 68100
30 82 50323
30 83 56680
30 84 65287
30 85 87604
30 86 82563
30 87 18894
30 88 19405
30 89 5624
30 90 89636
30 91 66159
30 92 3404
30 93 73660
30 94 68132
30 95 5084
30 96 19190
30 97 17411
30 98 73843
30 99 89570
30 100 84733
30 101 12585
30 102 8613
30 103 4679
30 104 3692
30 105 18229
30 106 7590
30 107 59557
30 108 55861
30 109 14166
30 110 60564
30 111 81586
30 112 84588
30 113 63391
30 114 88222
30 115 14441
30 116 18443
30 117 68100
30 118 64017
30 119 74053
31 32 42827
31 33 67001
31 34 4120
31 35 64836
31 36 7838
31 37 4037
31 38 57486
31 39 35894
31 40 66458
31 41 6780
31 42 64793
31 43 20289
31 44 42888
31 45 62255
31 46 22350
31 47 48069
31 48 3976
31 49 6561
31 50 36053
31 51 61737
31 52 20357
31 53 22363
31 54 20203
31 55 18734
31 56 66998
31 57 57198
31 58 15171
31 59 65068
31 60 3977
31 61 59919
31 62 65877
31 63 38342
31 64 60640
31 65 11453
31 66 62407
31 67 46504
31 68 9498
31 69 62638
31 70 63743
31 71 32671
31 72 59725
31 73 53921
31 74 5890
31 75 9157
31 76 24090
31 77 44725
31 78 29715
31 79 3072
31 80 13240
31 81 47640
31 82 29566
31 83 35898
31 84 45375
31 85 66833
31 86 61942
31 87 2055
31 88 1935
31 89 17673
31 90 68882
31 91 45846
31 92 18418
31 93 60928
31 94 56029
31 95 17267
31 96 5061
31 97 4018
31 98 61602
31 99 68959
31 100 63950
31 101 8302
31 102 20170
31 103 20625
31 104 21326
31 105 2554
31 106 18473
31 107 38812
31 108 35108
31 109 7498
31 110 40604
31 111 61001
31 112 63927
31 113 42802
31 114 67545
31 115 7412
31 116 2739
31 117 48190
31 118 43746
31 119 61269
32 33 24583
32 34 45472
32 35 55124
32 36 49210
32 37 42029
32 38 57195
32 39 10821
32 40 25711
32 41 48996
32 42 22203
32 43 61944
32 44 11372
32 45 19764
32 46 64886
32 47 13244
32 48 46739
32 49 47548
32 50 6793
32 51 18910
32 52 60768
32 53 61920
32 54 61904
32 55 58987
32 56 24295
32 57 14509
32 58 56602
32 59 24153
32 60 46302
32 61 17778
32 62 57703
32 63 8618
32 64 18883
32 65 43214
32 66 58381
32 67 12789
32 68 51695
32 69 57183
32 70 57461
32 71 10784
32 72 54482
32 73 45319
32 74 47562
32 75 50871
32 76 66218
32 77 12384
32 78 17151
32 79 44228
32 80 55873
32 81 9623
32 82 13332
32 83 7053
32 84 14427
32 85 24259
32 86 21046
32 87 44757
32 88 44234
32 89 60039
32 90 26483
32 91 10599
32 92 61096
32 93 52780
32 94 51513
32 95 59795
32 96 45323
32 97 46306
32 98 54583
32 99 27775
32 100 21190
32 101 51097
32 102 61620
32 103 63007
32 104 63867
32 105 45380
32 106 60284
32 107 5766
32 108 8538
32 109 49758
32 110 13470
32 111 20525
32 112 22539
32 113 8254
32 114 25873
32 115 49550
32 116 45269
32 117 15468
32 118 10537
32 119 52851
33 34 69335
33 35 68016
33 36 73654
33 37 66469
33 38 74000
33 39 34298
33 40 7142
33 41 72890
33 42 2639
33 43 86444
33 44 30478
33 45 4821
33 46 89239
33 47 27459
33 48 70839
33 49 71998
33 50 31141
33 51 7621
33 52 85337
33 53 86503
33 54 86399
33 55 83556
33 56 2511
33 57 10159
33 58 81099
33 59 6577
33 60 70608
33 61 7131
33 62 70920
33 63 29089
33 64 6846
33 65 67786
33 66 73442
33 67 28580
33 68 75523
33 69 71789
33 70 71637
33 71 34335
33 72 69640
33 73 60793
33 74 71959
33 75 75302
33 76 90670
33 77 29812
33 78 38640
33 79 68592
33 80 80171
33 81 24556
33 82 37827
33 83 31199
33 84 31052
33 85 1218
33 86 7585
33 87 68864
33 88 68506
33 89 84426
33 90 1900
33 91 27320
33 92 85385
33 93 66893
33 94 67522
33 95 84138
33 96 69046
33 97 70618
33 98 68904
33 99 6422
33 100 4539
33 101 75184
33 102 86138
33 103 87399
33 104 88216
33 105 69552
33 106 84761
33 107 28204
33 108 31897
33 109 74112
33 110 33666
33 111 8928
33 112 5417
33 113 24901
33 114 3995
33 115 73919
33 116 69326
33 117 29565
33 118 29164
33 119 66819
34 35 68940
34 36 8890
34 37 7981
34 38 61464
34 39 39141
34 40 68424
34 41 3557
34 42 67203
34 43 19690
34 44 46249
34 45 64639
34 46 20845
34 47 51429
34 48 2862
34 49 8280
34 50 38679
34 51 64354
34 52 20502
34 53 22782
34 54 19575
34 55 19068
34 56 69455
34 57 59687
34 58 15077
34 59 67077
34 60 5340
34 61 62219
34 62 69963
34 63 40406
34 64 62849
34 65 15101
34 66 66440
34 67 49881
34 68 6223
34 69 66696
34 70 67810
34 71 35046
34 72 63792
34 73 58038
34 74 7241
34 75 9605
34 76 22967
34 77 48116
34 78 31366
34 79 6151
34 80 11973
34 81 50796
34 82 32373
34 83 38460
34 84 48859
34 85 69228
34 86 63983
34 87 2602
34 88 4742
34 89 16556
34 90 71201
34 91 49117
34 92 16801
34 93 65027
34 94 60102
34 95 15955
34 96 1297
34 97 5417
34 98 65687
34 99 70981
34 100 66456
34 101 6239
34 102 19722
34 103 19365
34 104 19842
34 105 3334
34 106 17851
34 107 41146
34 108 37481
34 109 7659
34 110 44087
34 111 62988
34 112 66034
34 113 44810
34 114 69678
34 115 7766
34 116 1979
34 117 51666
34 118 47052
34 119 65369
35 36 64528
35 37 61024
35 38 13284
35 39 47004
35 40 73628
35 41 70734
35 42 65629
35 43 70898
35 44 43753
35 45 64867
35 46 75858
35 47 43306
35 48 67633
35 49 63539
35 50 55042
35 51 60631
35 52 67483
35 53 66423
35 54 71000
35 55 66366
35 56 65887
35 57 61030
35 58 67598
35 59 72216
35 60 65118
35 61 65178
35 62 2948
35 63 61561
35 64 66925
35 65 54875
35 66 8096
35 67 43041
35 68 72892
35 69 6044
35 70 4950
35 71 57786
35 72 6917
35 73 11318
35 74 64478
35 75 65692
35 76 74931
35 77 42929
35 78 64020
35 79 63262
35 80 70763
35 81 47315
35 82 53701
35 83 55778
35 84 40932
35 85 66907
35 86 70125
35 87 66494
35 88 64477
35 89 72045
35 90 69273
35 91 45163
35 92 74254
35 93 3995
35 94 9663
35 95 72587
35 96 69872
35 97 65056
35 98 4283
35 99 74167
35 100 63567
35 101 70274
35 102 70188
35 103 73919
35 104 75225
35 105 66183
35 106 70403
35 107 58612
35 108 57867
35 109 66352
35 110 41945
35 111 70456
35 112 70131
35 113 63169
35 114 71614
35 115 65995
35 116 67233
35 117 40807
35 118 44662
35 119 3611
36 37 7186
36 38 55820
36 39 41318
36 40 73498
36 41 7876
36 42 71363
36 43 12863
36 44 47950
36 45 68865
36 46 15773
36 47 53074
36 48 6042
36 49 1664
36 50 42527
36 51 68042
36 52 12556
36 53 14525
36 54 12802
36 55 10906
36 56 73499
36 57 63698
36 58 7561
36 59 72072
36 60 3939
36 61 66637
36 62 65230
36 63 45412
36 64 67456
36 65 9780
36 66 61166
36 67 51484
36 68 8988
36 69 61653
36 70 62854
36 71 39485
36 72 58870
36 73 54104
36 74 1949
36 75 1682
36 76 17016
36 77 49689
36 78 37155
36 79 5262
36 80 7220
36 81 53112
36 82 35879
36 83 42455
36 84 50082
36 85 73415
36 86 68926
36 87 7003
36 88 5916
36 89 10883
36 90 75548
36 91 51087
36 92 12243
36 93 60547
36 94 55278
36 95 10761
36 96 10160
36 97 3882
36 98 60970
36 99 75940
36 100 70399
36 101 6052
36 102 12640
36 103 13830
36 104 14771
36 105 5983
36 106 11127
36 107 45611
36 108 41898
36 109 1920
36 110 45378
36 111 68038
36 112 70840
36 113 49893
36 114 74419
36 115 1585
36 116 7182
36 117 52891
36 118 48929
36 119 60918
37 38 53494
37 39 34302
37 40 66357
37 41 9886
37 42 64177
37 43 20013
37 44 41063
37 45 61680
37 46 22894
37 47 46217
37 48 6752
37 49 5530
37 50 35342
37 51 60873
37 52 19351
37 53 21019
37 54 19959
37 55 17612
37 56 66316
37 57 56514
37 58 14678
37 59 64924
37 60 4806
37 61 59455
37 62 62011
37 63 38298
37 64 60280
37 65 7481
37 66 58459
37 67 44633
37 68 12366
37 69 58721
37 70 59840
37 71 32322
37 72 55823
37 73 50188
37 74 5577
37 75 8842
37 76 24202
37 77 42841
37 78 30250
37 79 2561
37 80 14032
37 81 46103
37 82 28697
37 83 35270
37 84 43334
37 85 66229
37 86 61774
37 87 5472
37 88 3492
37 89 18024
37 90 68363
37 91 44145
37 92 19219
37 93 57099
37 94 52137
37 95 17829
37 96 9044
37 97 4777
37 98 57734
37 99 68786
37 100 63219
37 101 10377
37 102 19752
37 103 20986
37 104 21882
37 105 5214
37 106 18300
37 107 38441
37 108 34729
37 109 7861
37 110 38593
37 111 60898
37 112 63676
37 113 42781
37 114 67249
37 115 7610
37 116 6209
37 117 46151
37 118 42003
37 119 57446
38 39 47522
38 40 78816
38 41 62733
38 42 71456
38 43 60489
38 44 46257
38 45 70268
38 46 65488
38 47 47287
38 48 59748
38 49 55072
38 50 55515
38 51 66399
38 52 56928
38 53 55575
38 54 60609
38 55 56005
38 56 72125
38 57 65798
38 58 57784
38 59 77306
38 60 57063
38 61 70065
38 62 11991
38 63 62193
38 64 71760
38 65 46623
38 66 6094
38 67 46592
38 68 64600
38 69 7599
38 70 8977
38 71 57365
38 72 6632
38 73 13378
38 74 56100
38 75 56770
38 76 64244
38 77 45974
38 78 62625
38 79 55461
38 80 61418
38 81 51002
38 82 52617
38 83 56186
38 84 44191
38 85 72991
38 86 74848
38 87 58903
38 88 56792
38 89 62085
38 90 75474
38 91 48466
38 92 64352
38 93 10531
38 94 6711
38 95 62729
38 96 62534
38 97 56994
38 98 9131
38 99 79773
38 100 69463
38 101 61796
38 102 59761
38 103 63651
38 104 64955
38 105 58428
38 106 60226
38 107 59546
38 108 58000
38 109 57717
38 110 43749
38 111 74951
38 112 75250
38 113 64642
38 114 77265
38 115 57366
38 116 59612
38 117 44905
38 118 47398
38 119 10907
39 40 36268
39 41 42501
39 42 31754
39 43 53670
39 44 7305
39 45 29533
39 46 57083
39 47 12399
39 48 39869
39 49 39664
39 50 8085
39 51 27662
39 52 52092
39 53 52980
39 54 53651
39 55 50322
39 56 33569
39 57 24170
39 58 48392
39 59 34692
39 60 38918
39 61 27943
39 62 49368
39 63 14733
39 64 29238
39 65 34162
39 66 49310
39 67 10918
39 68 45254
39 69 48313
39 70 48752
39 71 11031
39 72 45469
39 73 36475
39 74 39869
39 75 43000
39 76 58094
39 77 9244
39 78 17996
39 79 36715
39 80 48334
39 81 11801
39 82 8480
39 83 8803
39 84 10489
39 85 33778
39 86 31645
39 87 37929
39 88 37001
39 89 52189
39 90 36174
39 91 9977
39 92 53508
39 93 44235
39 94 42250
39 95 52074
39 96 39265
39 97 38908
39 98 45897
39 99 38170
39 100 30389
39 101 44151
39 102 53269
39 103 55109
39 104 56086
39 105 38378
39 106 52120
39 107 12025
39 108 10863
39 109 42163
39 110 6250
39 111 31219
39 112 32960
39 113 17226
39 114 36101
39 115 41909
39 116 38540
39 117 13096
39 118 7946
39 119 44363
40 41 71973
40 42 8603
40 43 86359
40 44 33745
40 45 8776
40 46 88807
40 47 31616
40 48 70168
40 49 71866
40 50 31616
40 51 13184
40 52 85547
40 53 86900
40 54 86300
40 55 83774
40 56 9633
40 57 13074
40 58 81033
40 59 1583
40 60 70220
40 61 8809
40 62 76497
40 63 28119
40 64 7210
40 65 68447
40 66 78663
40 67 32494
40 68 74516
40 69 77095
40 70 77031
40 71 34064
40 72 74810
40 73 65804
40 74 71717
40 75 75105
40 76 90438
40 77 33449
40 78 37133
40 79 68317
40 80 79698
40 81 28177
40 82 38256
40 83 31501
40 84 34971
40 85 8320
40 86 4677
40 87 68220
40 88 68083
40 89 84084
40 90 7365
40 91 30893
40 92 84865
40 93 72259
40 94 72479
40 95 83718
40 96 68006
40 97 70237
40 98 74246
40 99 2746
40 100 10598
40 101 74458
40 102 86109
40 103 87052
40 104 87782
40 105 68981
40 106 84620
40 107 28010
40 108 31691
40 109 73773
40 110 36817
40 111 5461
40 112 3568
40 113 23656
40 114 3390
40 115 73610
40 116 68618
40 117 33936
40 118 32452
40 119 72213
41 42 70754
41 43 16758
41 44 49558
41 45 68191
41 46 17489
41 47 54741
41 48 3136
41 49 7963
41 50 42203
41 51 67886
41 52 18002
41 53 20418
41 54 16628
41 55 16729
41 56 73004
41 57 63232
41 58 12582
41 59 70629
41 60 5672
41 61 65775
41 62 71634
41 63 43962
41 64 66406
41 65 16110
41 66 67881
41 67 53184
41 68 2754
41 69 68235
41 70 69388
41 71 38595
41 72 65377
41 73 59987
41 74 6857
41 75 7963
41 76 19741
41 77 51410
41 78 34901
41 79 7492
41 80 8884
41 81 54196
41 82 35862
41 83 41993
41 84 52100
41 85 72780
41 86 67537
41 87 4739
41 88 6401
41 89 13414
41 90 74757
41 91 52470
41 92 13442
41 93 66789
41 94 61719
41 95 12733
41 96 4098
41 97 5740
41 98 67357
41 99 74533
41 100 70000
41 101 3108
41 102 16873
41 103 16116
41 104 16501
41 105 4685
41 106 14943
41 107 44698
41 108 41030
41 109 6133
41 110 47328
41 111 66539
41 112 69589
41 113 48364
41 114 73234
41 115 6384
41 116 4042
41 117 54913
41 118 50388
41 119 67143
42 43 84128
42 44 27845
42 45 2600
42 46 86985
42 47 24828
42 48 68653
42 49 69703
42 50 28836
42 51 5059
42 52 82971
42 53 84105
42 54 84086
42 55 81190
42 56 2431
42 57 7703
42 58 78784
42 59 7610
42 60 68365
42 61 5343
42 62 68525
42 63 27122
42 64 5672
42 65 65362
42 66 70966
42 67 25943
42 68 73403
42 69 69330
42 70 69197
42 71 32163
42 72 67153
42 73 58274
42 74 69685
42 75 73016
42 76 88378
42 77 27173
42 78 36741
42 79 66329
42 80 77934
42 81 21917
42 82 35498
42 83 28927
42 84 28416
42 85 2056
42 86 7509
42 87 66675
42 88 66272
42 89 82159
42 90 4440
42 91 24682
42 92 83152
42 93 64445
42 94 64998
42 95 81887
42 96 66943
42 97 68373
42 98 66452
42 99 8562
42 100 2072
42 101 73003
42 102 83812
42 103 85131
42 104 85964
42 105 67346
42 106 82456
42 107 26059
42 108 29726
42 109 71854
42 110 31035
42 111 8744
42 112 5863
42 113 23056
42 114 6010
42 115 71656
42 116 67149
42 117 26948
42 118 26531
42 119 64377
43 44 60037
43 45 81646
43 46 4999
43 47 65083
43 48 17159
43 49 14494
43 50 55303
43 51 80713
43 52 3678
43 53 5854
43 54 177
43 55 4532
43 56 86239
43 57 76448
43 58 5345
43 59 84930
43 60 16345
43 61 79449
43 62 71115
43 63 58275
43 64 80289
43 65 19985
43 66 66302
43 67 63489
43 68 15438
43 69 67150
43 70 68455
43 71 52334
43 72 64631
43 73 61400
43 74 14682
43 75 11279
43 76 4538
43 77 61699
43 78 49941
43 79 18083
43 80 7898
43 81 65410
43 82 48630
43 83 55254
43 84 61917
43 85 86182
43 86 81783
43 87 18871
43 88 18489
43 89 3747
43 90 88340
43 91 63260
43 92 5380
43 93 66918
43 94 61297
43 95 4701
43 96 20656
43 97 16315
43 98 66985
43 99 88796
43 100 83124
43 101 13657
43 102 735
43 103 3298
43 104 4546
43 105 17943
43 106 1841
43 107 58453
43 108 54742
43 109 12792
43 110 57308
43 111 80899
43 112 83689
43 113 62756
43 114 87260
43 115 12895
43 116 18705
43 117 64694
43 118 61083
43 119 67321
44 45 25971
44 46 63656
44 47 5182
44 48 46853
44 49 46313
44 50 12896
44 51 23206
44 52 58239
44 53 58947
44 54 60029
44 55 56490
44 56 29305
44 57 20818
44 58 54826
44 59 32171
44 60 45758
44 61 24990
44 62 46342
44 63 18579
44 64 26536
44 65 40236
44 66 47157
44 67 3640
44 68 52312
44 69 45906
44 70 46149
44 71 16945
44 72 43251
44 73 34070
44 74 46592
44 75 49628
44 76 64514
44 77 1942
44 78 24219
44 79 43530
44 80 55057
44 81 6009
44 82 15579
44 83 13641
44 84 3549
44 85 29757
44 86 29377
44 87 44935
44 88 43903
44 89 58766
44 90 32264
44 91 3368
44 92 60186
44 93 41448
44 94 40383
44 95 58706
44 96 46421
44 97 45743
44 98 43272
44 99 35241
44 100 26185
44 101 51090
44 102 59598
44 103 61650
44 104 62673
44 105 45336
44 106 58554
44 107 15463
44 108 15932
44 109 48906
44 110 3203
44 111 29255
44 112 30235
44 113 19503
44 114 32930
44 115 48637
44 116 45566
44 117 5855
44 118 1315
44 119 41511
45 46 84468
45 47 23286
45 48 66107
45 49 67208
45 50 26343
45 51 4531
45 52 80524
45 53 81684
45 54 81602
45 55 78742
45 56 4998
45 57 5364
45 58 76301
45 59 7443
45 60 65842
45 61 2834
45 62 67741
45 63 24525
45 64 3622
45 65 62965
45 66 69982
45 67 24301
45 68 70836
45 69 68391
45 70 68307
45 71 29608
45 72 66141
45 73 57178
45 74 67178
45 75 70516
45 76 85882
45 77 25427
45 78 34141
45 79 63816
45 80 75409
45 81 20137
45 82 33022
45 83 26414
45 84 26786
45 85 4589
45 86 6267
45 87 64130
45 88 63745
45 89 79649
45 90 6721
45 91 22900
45 92 80625
45 93 63539
45 94 63876
45 95 79369
45 96 64371
45 97 65851
45 98 65532
45 99 9514
45 100 2950
45 101 70455
45 102 81336
45 103 82621
45 104 83446
45 105 64808
45 106 79967
45 107 23493
45 108 27170
45 109 69339
45 110 29136
45 111 7287
45 112 5391
45 113 20458
45 114 7051
45 115 69143
45 116 64599
45 117 25511
45 118 24657
45 119 63487
46 47 68758
46 48 18730
46 49 17433
46 50 58164
46 51 83754
46 52 8615
46 53 10454
46 54 4881
46 55 9507
46 56 89151
46 57 79345
46 58 9070
46 59 87415
46 60 18634
46 61 82184
46 62 76097
46 63 60691
46 64 82943
46 65 24081
46 66 71298
46 67 67165
46 68 15499
46 69 72141
46 70 73444
46 71 54952
46 72 69614
46 73 66286
46 74 17332
46 75 14092
46 76 2937
46 77 65370
46 78 51986
46 79 20660
46 80 9111
46 81 68873
46 82 51556
46 83 58059
46 84 65694
46 85 89033
46 86 84286
46 87 20636
46 88 20751
46 89 4894
46 90 91127
46 91 66820
46 92 4049
46 93 71876
46 94 66267
46 95 5101
46 96 21581
46 97 18623
46 98 71959
46 99 91304
46 100 86069
46 101 14610
46 102 5728
46 103 2075
46 104 1025
46 105 19836
46 106 5590
46 107 61094
46 108 57383
46 109 15132
46 110 61025
46 111 83350
46 112 86259
46 113 65152
46 114 89868
46 115 15336
46 116 20301
46 117 68492
46 118 64656
46 119 72277
47 48 52033
47 49 51442
47 50 16765
47 51 19911
47 52 63217
47 53 63862
47 54 65079
47 55 61476
47 56 25977
47 57 18550
47 58 59895
47 59 30083
47 60 50922
47 61 22823
47 62 46040
47 63 21511
47 64 24498
47 65 45220
47 66 47525
47 67 1594
47 68 57494
47 69 46097
47 70 46185
47 71 21094
47 72 43628
47 73 34494
47 74 51736
47 75 54750
47 76 69573
47 77 3387
47 78 28357
47 79 48691
47 80 60198
47 81 4047
47 82 20426
47 83 17457
47 84 3712
47 85 26602
47 86 27564
47 87 50116
47 88 49075
47 89 63872
47 90 29136
47 91 2882
47 92 65314
47 93 41415
47 94 41074
47 95 63825
47 96 51596
47 97 50907
47 98 43335
47 99 32776
47 100 22989
47 101 56265
47 102 64633
47 103 66744
47 104 67779
47 105 50514
47 106 63620
47 107 18405
47 108 19695
47 109 54053
47 110 7798
47 111 27673
47 112 28050
47 113 21425
47 114 30338
47 115 53781
47 116 50748
47 117 2499
47 118 4481
47 119 41424
48 49 5567
48 50 39957
48 51 65648
48 52 17762
48 53 19995
48 54 17054
48 55 16285
48 56 70871
48 57 61077
48 58 12365
48 59 68794
48 60 2795
48 61 63745
48 62 68554
48 63 42074
48 64 64436
48 65 13147
48 66 64851
48 67 50466
48 68 5679
48 69 65182
48 70 66326
48 71 36504
48 72 62313
48 73 56865
48 74 4485
48 75 6756
48 76 20665
48 77 48685
48 78 33260
48 79 4372
48 80 9669
48 81 51616
48 82 33503
48 83 39786
48 84 49317
48 85 70689
48 86 65679
48 87 1981
48 88 3275
48 89 14220
48 90 72716
48 91 49819
48 92 14729
48 93 63692
48 94 58648
48 95 13711
48 96 4119
48 97 2872
48 98 64276
48 99 72691
48 100 67836
48 101 4358
48 102 17140
48 103 17114
48 104 17710
48 105 1585
48 106 15319
48 107 42637
48 108 38942
48 109 4817
48 110 44549
48 111 64717
48 112 67689
48 113 46516
48 114 71317
48 115 4910
48 116 1574
48 117 52134
48 118 47716
48 119 64044
49 50 40868
49 51 66378
49 52 14038
49 53 15903
49 54 14437
49 55 12349
49 56 71838
49 57 62038
49 58 9171
49 59 70436
49 60 2974
49 61 64984
49 62 64302
49 63 43788
49 64 65807
49 65 8670
49 66 60342
49 67 49853
49 68 9533
49 69 60782
49 70 61967
49 71 37843
49 72 57972
49 73 53020
49 74 1112
49 75 3342
49 76 18675
49 77 48058
49 78 35590
49 79 3754
49 80 8793
49 81 51460
49 82 34218
49 83 40799
49 84 48466
49 85 71756
49 86 67289
49 87 6078
49 88 4629
49 89 12545
49 90 73892
49 91 49443
49 92 13873
49 93 59566
49 94 54356
49 95 12410
49 96 9576
49 97 2901
49 98 60034
49 99 74302
49 100 68737
49 101 6752
49 102 14252
49 103 15494
49 104 16429
49 105 5091
49 106 12772
49 107 43965
49 108 40253
49 109 2915
49 110 43756
49 111 66406
49 112 69198
49 113 48271
49 114 72774
49 115 2571
49 116 6408
49 117 51277
49 118 47287
49 119 59932
50 51 25694
50 52 54226
50 53 55455
50 54 55259
50 55 52446
50 56 30987
50 57 21182
50 58 49959
50 59 30103
50 60 39558
50 61 24181
50 62 57430
50 63 6679
50 64 25120
50 65 36867
50 66 57388
50 67 15734
50 68 44901
50 69 56399
50 70 56836
50 71 4446
50 72 53552
50 73 44560
50 74 40853
50 75 44180
50 76 59543
50 77 14596
50 78 11609
50 79 37503
50 80 49131
50 81 14182
50 82 6702
50 83 759
50 84 16441
50 85 30888
50 86 26946
50 87 37975
50 88 37480
50 89 53329
50 90 33038
50 91 13884
50 92 54353
50 93 52310
50 94 50318
50 95 53068
50 96 38534
50 97 39565
50 98 53980
50 99 33863
50 100 27912
50 101 44315
50 102 54997
50 103 56300
50 104 57143
50 105 38607
50 106 53625
50 107 4313
50 108 3040
50 109 43032
50 110 13469
50 111 26245
50 112 28658
50 113 9773
50 114 32131
50 115 42829
50 116 38482
50 117 18410
50 118 12727
50 119 52434
51 52 79401
51 53 80434
51 54 80678
51 55 77621
51 56 6107
51 57 5198
51 58 75379
51 59 11928
51 60 65194
51 61 6282
51 62 63520
51 63 25047
51 64 7745
51 65 61630
51 66 65917
51 67 21088
51 68 70575
51 69 64288
51 70 64165
51 71 29405
51 72 62100
51 73 53215
51 74 66423
51 75 69710
51 76 85030
51 77 22400
51 78 34701
51 79 63105
51 80 74763
51 81 17215
51 82 32208
51 83 25894
51 84 23544
51 85 6698
51 86 10715
51 87 63667
51 88 63135
51 89 78895
51 90 9231
51 91 19959
51 92 79986
51 93 59409
51 94 59938
51 95 78668
51 96 64176
51 97 65198
51 98 61413
51 99 13538
51 100 3092
51 101 70006
51 102 80367
51 103 81859
51 104 82737
51 105 64290
51 106 79079
51 107 23481
51 108 27004
51 109 68635
51 110 26408
51 111 11615
51 112 9904
51 113 21426
51 114 10987
51 115 68421
51 116 64176
51 117 21969
51 118 21898
51 119 59344
52 53 2585
52 54 3827
52 55 1781
52 56 85030
52 57 75272
52 58 5439
52 59 84091
52 60 16391
52 61 78408
52 62 67646
52 63 57571
52 64 79315
52 65 18004
52 66 62769
52 67 61626
52 68 17188
52 69 63649
52 70 64962
52 71 51484
52 72 61161
52 73 58135
52 74 14496
52 75 11220
52 76 7473
52 77 59845
52 78 49588
52 79 17782
52 80 9644
52 81 63745
52 82 47526
52 83 54225
52 84 59957
52 85 85027
52 86 80934
52 87 19241
52 88 18456
52 89 6664
52 90 87237
52 91 61509
52 92 8724
52 93 63512
52 94 57862
52 95 7624
52 96 21603
52 97 16345
52 98 63537
52 99 87930
52 100 81891
52 101 14929
52 102 2949
52 103 6974
52 104 8222
52 105 18248
52 106 4254
52 107 57555
52 108 53860
52 109 13033
52 110 55422
52 111 80096
52 112 82779
52 113 62051
52 114 86313
52 115 13036
52 116 19217
52 117 62708
52 118 59327
52 119 63918
53 54 6024
53 55 3715
53 56 86129
53 57 76402
53 58 7841
53 59 85428
53 60 18434
53 61 79623
53 62 66483
53 63 59023
53 64 80572
53 65 18821
53 66 61477
53 67 62276
53 68 19709
53 69 62424
53 70 63752
53 71 52861
53 72 60002
53 73 57329
53 74 16473
53 75 13325
53 76 8710
53 77 60506
53 78 51253
53 79 19654
53 80 12203
53 81 64546
53 82 48755
53 83 55486
53 84 60533
53 85 86161
53 86 82268
53 87 21377
53 88 20438
53 89 9178
53 90 88403
53 91 62248
53 92 11144
53 93 62470
53 94 56774
53 95 10148
53 96 23918
53 97 18383
53 98 62419
53 99 89248
53 100 82977
53 101 17373
53 102 5188
53 103 9085
53 104 10241
53 105 20370
53 106 6770
53 107 58890
53 108 55213
53 109 15206
53 110 56066
53 111 81459
53 112 84074
53 113 63495
53 114 87580
53 115 15173
53 116 21406
53 117 63256
53 118 60065
53 119 62880
54 55 4635
54 56 86199
54 57 76407
54 58 5302
54 59 84873
54 60 16264
54 61 79401
54 62 71224
54 63 58213
54 64 80238
54 65 19997
54 66 66418
54 67 63485
54 68 15291
54 69 67262
54 70 68567
54 71 52280
54 72 64740
54 73 61488
54 74 14613
54 75 11211
54 76 4520
54 77 61694
54 78 49864
54 79 18014
54 80 7762
54 81 65394
54 82 48587
54 83 55207
54 84 61918
54 85 86140
54 86 81726
54 87 18773
54 88 18409
54 89 3580
54 90 88295
54 91 63249
54 92 5203
54 93 67020
54 94 61401
54 95 4531
54 96 20535
54 97 16234
54 98 67091
54 99 88740
54 100 83085
54 101 13529
54 102 879
54 103 3147
54 104 4404
54 105 17849
54 106 1737
54 107 58400
54 108 54688
54 109 12707
54 110 57305
54 111 80840
54 112 83634
54 113 62694
54 114 87208
54 115 12814
54 116 18602
54 117 64697
54 118 61073
54 119 67422
55 56 83249
55 57 73491
55 58 4190
55 59 82317
55 60 14784
55 61 76627
55 62 66591
55 63 55807
55 64 77536
55 65 16257
55 66 61800
55 67 59885
55 68 16126
55 69 62635
55 70 63937
55 71 49712
55 72 60107
55 73 56883
55 74 12853
55 75 9643
55 76 8813
55 77 58103
55 78 47858
55 79 16100
55 80 8759
55 81 61984
55 82 45746
55 83 52446
55 84 58228
55 85 83246
55 86 79159
55 87 17692
55 88 16820
55 89 6611
55 90 85456
55 91 59755
55 92 8845
55 93 62386
55 94 56767
55 95 7494
55 96 20203
55 97 14735
55 98 62457
55 99 86155
55 100 80111
55 101 13705
55 102 3831
55 103 7649
55 104 8951
55 105 16689
55 106 4361
55 107 55780
55 108 52086
55 109 11506
55 110 53682
55 111 78324
55 112 81002
55 113 60286
55 114 84534
55 115 11483
55 116 17705
55 117 60983
55 118 57573
55 119 62789
56 57 9806
56 58 80897
56 59 8967
56 60 70542
56 61 7773
56 62 68801
56 63 29471
56 64 8038
56 65 67357
56 66 71435
56 67 27180
56 68 75662
56 69 69756
56 70 69575
56 71 34409
56 72 67653
56 73 58869
56 74 71838
56 75 75157
56 76 90510
56 77 28506
56 78 39105
56 79 68491
56 80 80114
56 81 23319
56 82 37621
56 83 31106
56 84 29628
56 85 1312
56 86 9516
56 87 68892
56 88 68457
56 89 84314
56 90 3387
56 91 26066
56 92 85334
56 93 64845
56 94 65608
56 95 84055
56 96 69212
56 97 70549
56 98 66862
56 99 8879
56 100 3180
56 101 75225
56 102 85914
56 103 87285
56 104 88130
56 105 69552
56 106 84579
56 107 28328
56 108 31975
56 109 74019
56 110 32507
56 111 10818
56 112 7563
56 113 25445
56 114 6500
56 115 73816
56 116 69374
56 117 27981
56 118 27996
56 119 64761
57 58 71105
57 59 11534
57 60 60736
57 61 4272
57 62 63861
57 63 19985
57 64 5965
57 65 57660
57 66 65795
57 67 19422
57 68 65899
57 69 64275
57 70 64264
57 71 24649
57 72 61923
57 73 52863
57 74 62033
57 75 65355
57 76 80711
57 77 20413
57 78 29651
57 79 58685
57 80 70308
57 81 15127
57 82 27822
57 83 21302
57 84 21901
57 85 9759
57 86 9114
57 87 59097
57 88 58652
57 89 74510
57 90 12051
57 91 17862
57 92 75529
57 93 59484
57 94 59509
57 95 74249
57 96 59463
57 97 60743
57 98 61452
57 99 14424
57 100 6771
57 101 65432
57 102 76128
57 103 77480
57 104 78325
57 105 59752
57 106 74783
57 107 18611
57 108 22221
57 109 64214
57 110 23949
57 111 9447
57 112 9513
57 113 16256
57 114 12130
57 115 64011
57 116 59584
57 117 20895
57 118 19510
57 119 59457
58 59 79601
58 60 11196
58 61 74105
58 62 67996
58 63 52960
58 64 74947
58 65 15016
58 66 63446
58 67 58301
58 68 11940
58 69 64162
58 70 65433
58 71 46999
58 72 61535
58 73 57731
58 74 9428
58 75 6038
58 76 9702
58 77 56509
58 78 44705
58 79 12812
58 80 4728
58 81 60150
58 82 43286
58 83 49909
58 84 56773
58 85 80838
58 86 76452
58 87 13918
58 88 13316
58 89 4510
58 90 82996
58 91 58029
58 92 6659
58 93 63605
58 94 58091
58 95 4989
58 96 16167
58 97 11159
58 98 63803
58 99 83464
58 100 77783
58 101 9532
58 102 5082
58 103 6997
58 104 8185
58 105 12945
58 106 3730
58 107 53115
58 108 49404
58 109 7719
58 110 52135
58 111 75573
58 112 78352
58 113 57442
58 114 81921
58 115 7766
58 116 13849
58 117 59562
58 118 55856
58 119 63997
59 60 68815
59 61 7262
59 62 75078
59 63 26726
59 64 5638
59 65 66949
59 66 77196
59 67 30945
59 68 73184
59 69 75639
59 70 75586
59 71 32614
59 72 73337
59 73 64317
59 74 70298
59 75 73684
59 76 89025
59 77 31886
59 78 35829
59 79 66900
59 80 78306
59 81 26619
59 82 36755
59 83 30000
59 84 33420
59 85 7672
59 86 3161
59 87 66842
59 88 66681
59 89 82680
59 90 7204
59 91 29330
59 92 83480
59 93 70812
59 94 70985
59 95 82323
59 96 66675
59 97 68832
59 98 72794
59 99 3907
59 100 9514
59 101 73093
59 102 84675
59 103 85649
59 104 86390
59 105 67596
59 106 83196
59 107 26540
59 108 30231
59 109 72365
59 110 35239
59 111 4099
59 112 2085
59 113 22279
59 114 3458
59 115 72199
59 116 67248
59 117 32415
59 118 30879
59 119 70769
60 61 63550
60 62 65990
60 63 42102
60 64 64311
60 65 10440
60 66 62211
60 67 49343
60 68 7819
60 69 62573
60 70 63729
60 71 36320
60 72 59720
60 73 54427
60 74 2040
60 75 5181
60 76 20236
60 77 47553
60 78 33609
60 79 2252
60 80 9573
60 81 50710
60 82 32987
60 83 39440
60 84 48082
60 85 70411
60 86 65681
60 87 3120
60 88 2149
60 89 13865
60 90 72496
60 91 48806
60 92 14795
60 93 61166
60 94 56068
60 95 13533
60 96 6637
60 97 78
60 98 61714
60 99 72699
60 100 67471
60 101 5589
60 102 16209
60 103 16835
60 104 17610
60 105 2119
60 106 14540
60 107 42461
60 108 38749
60 109 3569
60 110 43332
60 111 64760
60 112 67639
60 113 46574
60 114 71242
60 115 3450
60 116 3437
60 117 50900
60 118 46675
60 119 61523
61 62 68021
61 63 21960
61 64 1751
61 65 60966
61 66 70024
61 67 23686
61 68 68403
61 69 68490
61 70 68464
61 71 27248
61 72 66157
61 73 57111
61 74 64925
61 75 68279
61 76 83649
61 77 24648
61 78 31527
61 79 61551
61 80 73106
61 81 19371
61 82 30882
61 83 24199
61 84 26162
61 85 7191
61 86 4971
61 87 61772
61 88 61441
61 89 77383
61 90 8983
61 91 22094
61 92 78315
61 93 63685
61 94 63765
61 95 77083
61 96 61923
61 97 63561
61 98 65659
61 99 10299
61 100 5676
61 101 68086
61 102 79154
61 103 80356
61 104 81160
61 105 62468
61 106 77754
61 107 21109
61 108 24812
61 109 67063
61 110 28092
61 111 5562
61 112 5258
61 113 17800
61 114 8159
61 115 66875
61 116 62227
61 117 25164
61 118 23689
61 119 63652
62 63 63988
62 64 69766
62 65 55663
62 66 6154
62 67 45734
62 68 73724
62 69 4392
62 70 3017
62 71 60064
62 72 6485
62 73 13173
62 74 65267
62 75 66340
62 76 75061
62 77 45572
62 78 66177
62 79 64191
62 80 71306
62 81 50034
62 82 55869
62 83 58161
62 84 43589
62 85 69815
62 86 72962
62 87 67483
62 88 65438
62 89 72407
62 90 72187
62 91 47839
62 92 74639
62 93 5281
62 94 9954
62 95 72982
62 96 70929
62 97 65926
62 98 4278
62 99 77058
62 100 66465
62 101 71051
62 102 70399
62 103 74187
62 104 75495
62 105 67131
62 106 70694
62 107 61069
62 108 60220
62 109 67079
62 110 44446
62 111 73278
62 112 72993
62 113 65700
62 114 74505
62 115 66722
62 116 68217
62 117 43543
62 118 47279
62 119 5071
63 64 22477
63 65 40904
63 66 64041
63 67 20805
63 68 46552
63 69 63030
63 70 63448
63 71 6416
63 72 60197
63 73 51177
63 74 43615
63 75 47009
63 76 62326
63 77 20022
63 78 9667
63 79 40213
63 80 51581
63 81 18143
63 82 11488
63 83 6016
63 84 22010
63 85 29094
63 86 23606
63 87 40119
63 88 39965
63 89 55966
63 90 30924
63 91 18708
63 92 56754
63 93 58895
63 94 56982
63 95 55600
63 96 40053
63 97 42120
63 98 60586
63 99 30620
63 100 26659
63 101 46381
63 102 58040
63 103 58933
63 104 59666
63 105 40870
63 106 56525
63 107 3133
63 108 4563
63 109 45658
63 110 19723
63 111 22660
63 112 25629
63 113 4483
63 114 29272
63 115 45498
63 116 40531
63 117 23536
63 118 18099
63 119 59011
64 65 61972
64 66 71751
64 67 25329
64 68 69013
64 69 70223
64 70 70201
64 71 27992
64 72 67881
64 73 58827
64 74 65722
64 75 69088
64 76 84455
64 77 26252
64 78 31935
64 79 62338
64 80 73851
64 81 20990
64 82 31819
64 83 25092
64 84 27800
64 85 7201
64 86 3221
64 87 62468
64 88 62192
64 89 78161
64 90 8561
64 91 23695
64 92 79051
64 93 65422
64 94 65475
64 95 77843
64 96 62519
64 97 64324
64 98 67394
64 99 8933
64 100 6563
64 101 68766
64 102 80007
64 103 81135
64 104 81918
64 105 63184
64 106 78580
64 107 21853
64 108 25567
64 109 67838
64 110 29612
64 111 3895
64 112 3736
64 113 18190
64 114 7013
64 115 67657
64 116 62908
64 117 26856
64 118 25243
64 119 65391
65 66 51793
65 67 43628
65 68 18069
65 69 52186
65 70 53357
65 71 34589
65 72 49355
65 73 44357
65 74 9606
65 75 11150
65 76 24517
65 77 41845
65 78 34013
65 79 8962
65 80 16656
65 81 45763
65 82 30194
65 83 36949
65 84 41987
65 85 67416
65 86 63789
65 87 12499
65 88 10359
65 89 19345
65 90 69685
65 91 43509
65 92 21176
65 93 50905
65 94 45724
65 95 19534
65 96 16281
65 97 10370
65 98 51392
65 99 70728
65 100 64198
65 101 15399
65 102 19488
65 103 22011
65 104 23172
65 105 11902
65 106 18661
65 107 40484
65 108 36865
65 109 11524
65 110 37426
65 111 63037
65 112 65525
65 113 45325
65 114 68984
65 115 11168
65 116 13164
65 117 44751
65 118 41326
65 119 51270
66 67 47020
66 68 69843
66 69 2083
66 70 3215
66 71 59632
66 72 3909
66 73 13093
66 74 61346
66 75 62182
66 76 70123
66 77 46627
66 78 65329
66 79 60522
66 80 66962
66 81 51409
66 82 55128
66 83 58092
66 84 44727
66 85 72380
66 86 74904
66 87 63908
66 88 61820
66 89 67792
66 90 74814
66 91 49026
66 92 70048
66 93 6840
66 94 7172
66 95 68412
66 96 67468
66 97 62144
66 98 4844
66 99 79420
66 100 68931
66 101 67089
66 102 65577
66 103 69435
66 104 70741
66 105 63484
66 106 65983
66 107 61248
66 108 60036
66 109 63047
66 110 44933
66 111 75116
66 112 75119
66 113 66137
66 114 76882
66 115 62692
66 116 64629
66 117 45064
66 118 48205
66 119 7050
67 68 55937
67 69 45643
67 70 45778
67 71 19989
67 72 43116
67 73 33951
67 74 50150
67 75 53160
67 76 67979
67 77 1795
67 78 27272
67 79 47111
67 80 58611
67 81 4411
67 82 19065
67 83 16447
67 84 2486
67 85 27759
67 86 28339
67 87 48553
67 88 47501
67 89 62279
67 90 30290
67 91 2203
67 92 63725
67 93 41021
67 94 40467
67 95 62234
67 96 50058
67 97 49327
67 98 42915
67 99 33752
67 100 24148
67 101 54693
67 102 63039
67 103 65151
67 104 66186
67 105 48945
67 106 62026
67 107 17678
67 108 18714
67 109 52467
67 110 6210
67 111 28381
67 112 28935
67 113 21036
67 114 31345
67 115 52194
67 116 49187
67 117 2732
67 118 3118
67 119 41046
68 69 70254
68 70 71426
68 71 41254
68 72 67424
68 73 62237
68 74 8502
68 75 8548
68 76 17950
68 77 54163
68 78 37407
68 79 9872
68 80 7613
68 81 56947
68 82 38587
68 83 44682
68 84 54847
68 85 75425
68 86 70101
68 87 7446
68 88 8934
68 89 11861
68 90 77385
68 91 55224
68 92 11503
68 93 68932
68 94 63789
68 95 11064
68 96 6510
68 97 7875
68 98 69450
68 99 77090
68 100 72669
68 101 2976
68 102 15661
68 103 14334
68 104 14551
68 105 7264
68 106 13694
68 107 47344
68 108 43687
68 109 7075
68 110 50075
68 111 69090
68 112 72170
68 113 50936
68 114 75820
68 115 7403
68 116 6771
68 117 57661
68 118 53143
68 119 69292
69 70 1387
69 71 58764
69 72 3027
69 73 11879
69 74 61769
69 75 62713
69 76 71037
69 77 45309
69 78 64599
69 79 60836
69 80 67581
69 81 50015
69 82 54353
69 83 57111
69 84 43384
69 85 70717
69 86 73388
69 87 64184
69 88 62113
69 89 68542
69 90 73138
69 91 47678
69 92 70787
69 93 4952
69 94 6740
69 95 69140
69 96 67698
69 97 62507
69 98 2919
69 99 77806
69 100 67289
69 101 67535
69 102 66429
69 103 70254
69 104 71561
69 105 63790
69 106 66780
69 107 60196
69 108 59092
69 109 63521
69 110 43769
69 111 73626
69 112 73558
69 113 65015
69 114 75264
69 115 63165
69 116 64911
69 117 43623
69 118 46925
69 119 5109
70 71 59286
70 72 4018
70 73 12278
70 74 62948
70 75 63928
70 76 72357
70 77 45498
70 78 65209
70 79 61974
70 80 68823
70 81 50131
70 82 54939
70 83 57554
70 84 43552
70 85 70554
70 86 73377
70 87 65307
70 88 63243
70 89 69822
70 90 72960
70 91 47837
70 92 72063
70 93 4780
70 94 7734
70 95 70414
70 96 68803
70 97 63664
70 98 2878
70 99 77695
70 100 67149
70 101 68720
70 102 67736
70 103 71551
70 104 72859
70 105 64925
70 106 68072
70 107 60587
70 108 59561
70 109 64717
70 110 44086
70 111 73640
70 112 73504
70 113 65350
70 114 75148
70 115 64361
70 116 66036
70 117 43702
70 118 47144
70 119 4821
71 72 55855
71 73 47028
71 74 37737
71 75 41110
71 76 56472
71 77 18738
71 78 7287
71 79 34349
71 80 45866
71 81 18622
71 82 5237
71 83 3890
71 84 20487
71 85 34194
71 86 29460
71 87 34529
71 88 34204
71 89 50169
71 90 36214
71 91 18224
71 92 51071
71 93 54870
71 94 52495
71 95 49852
71 96 34815
71 97 36332
71 98 56458
71 99 36468
71 100 31419
71 101 40850
71 102 52070
71 103 53143
71 104 53928
71 105 35221
71 106 50612
71 107 6142
71 108 2438
71 109 39846
71 110 17037
71 111 28612
71 112 31355
71 113 10748
71 114 34938
71 115 39666
71 116 34993
71 117 22619
71 118 16923
71 119 55022
72 73 9185
72 74 58949
72 75 59956
72 76 68576
72 77 42718
72 78 61637
72 79 57960
72 80 64880
72 81 47506
72 82 51405
72 83 54260
72 84 40820
72 85 68586
72 86 71029
72 87 61289
72 88 59227
72 89 65938
72 90 71029
72 91 45119
72 92 68173
72 93 3916
72 94 3732
72 95 66519
72 96 64784
72 97 59655
72 98 2634
72 99 75591
72 100 65124
72 101 64724
72 102 63914
72 103 67706
72 104 69014
72 105 60910
72 106 64216
72 107 57388
72 108 56221
72 109 60729
72 110 41040
72 111 71233
72 112 71262
72 113 62256
72 114 73056
72 115 60373
72 116 62019
72 117 41171
72 118 44297
72 119 4280
73 74 53915
73 75 55357
73 76 65608
73 77 33536
73 78 53038
73 79 52496
73 80 60596
73 81 38348
73 82 42742
73 83 45277
73 84 31643
73 85 59763
73 86 61959
73 87 55639
73 88 53665
73 89 62226
73 90 62230
73 91 35943
73 92 64380
73 93 7902
73 94 6744
73 95 62699
73 96 58926
73 97 54368
73 98 9433
73 99 66658
73 100 56262
73 101 59707
73 102 60712
73 103 64290
73 104 65586
73 105 55381
73 106 60744
73 107 48328
73 108 47284
73 109 55880
73 110 31894
73 111 62135
73 112 62247
73 113 53136
73 114 64135
73 115 55524
73 116 56383
73 117 32050
73 118 35113
73 119 8105
74 75 3403
74 76 18735
74 77 48356
74 78 35279
74 79 3403
74 80 8469
74 81 51669
74 82 34230
74 83 40764
74 84 48808
74 85 71735
74 86 67156
74 87 5153
74 88 3968
74 89 12477
74 90 73851
74 91 49694
74 92 13644
74 93 60510
74 94 55325
74 95 12257
74 96 8534
74 97 1976
74 98 60996
74 99 74172
74 100 68749
74 101 5797
74 102 14493
74 103 15447
74 104 16317
74 105 4143
74 106 12913
74 107 43871
74 108 40156
74 109 2325
74 110 44081
74 111 66256
74 112 69086
74 113 48094
74 114 72674
74 115 2045
74 116 5417
74 117 51622
74 118 47546
74 119 60874
75 76 15370
75 77 51365
75 78 38678
75 79 6803
75 80 5610
75 81 54795
75 82 37539
75 83 44103
75 84 51751
75 85 75068
75 86 70540
75 87 8052
75 88 7283
75 89 9204
75 90 77195
75 91 52768
75 92 10571
75 93 61705
75 94 56387
75 95 9080
75 96 10819
75 97 5139
75 98 62088
75 99 77556
75 100 72060
75 101 5578
75 102 11093
75 103 12154
75 104 13089
75 105 7047
75 106 9516
75 107 47240
75 108 43526
75 109 1950
75 110 47051
75 111 69645
75 112 72463
75 113 51489
75 114 76047
75 115 1857
75 116 8099
75 117 54559
75 118 50609
75 119 62081
76 77 66187
76 78 53804
76 79 22127
76 80 11012
76 81 69851
76 82 52890
76 83 59471
76 84 66424
76 85 90431
76 86 85885
76 87 22501
76 88 22382
76 89 6446
76 90 92564
76 91 67725
76 92 6486
76 93 70963
76 94 65300
76 95 7017
76 96 23795
76 97 20216
76 98 70967
76 99 92902
76 100 87407
76 101 16747
76 102 5098
76 103 3628
76 104 3588
76 105 21638
76 106 5973
76 107 62605
76 108 58891
76 109 16673
76 110 61804
76 111 84978
76 112 87821
76 113 66801
76 114 91410
76 115 16829
76 116 22238
76 117 69205
76 118 65550
76 119 71370
77 78 26022
77 79 45320
77 80 56816
77 81 5295
77 82 17512
77 83 15329
77 84 2044
77 85 29032
77 86 29191
77 87 46774
77 88 45715
77 89 60484
77 90 31557
77 91 2556
77 92 61930
77 93 40765
77 94 39962
77 95 60439
77 96 48302
77 97 47537
77 98 42626
77 99 34814
77 100 25432
77 101 52908
77 102 61250
77 103 63357
77 104 64391
77 105 47162
77 106 60234
77 107 16891
77 108 17616
77 109 50674
77 110 4450
77 111 29158
77 112 29906
77 113 20619
77 114 32445
77 115 50400
77 116 47411
77 117 3936
77 118 1923
77 119 40808
78 79 31895
78 80 42895
78 81 25736
78 82 10321
78 83 10951
78 84 27756
78 85 38692
78 86 32781
78 87 31353
78 88 31460
78 89 47380
78 90 40450
78 91 25480
78 92 47989
78 93 60931
78 94 58159
78 95 46938
78 96 30899
78 97 33635
78 98 62426
78 99 39735
78 100 36319
78 101 37482
78 102 49771
78 103 50320
78 104 50965
78 105 32179
78 106 48146
78 107 11543
78 108 8834
78 109 37175
78 110 24154
78 111 31730
78 112 34910
78 113 13747
78 114 38577
78 115 37053
78 116 31693
78 117 29906
78 118 24210
78 119 61110
79 80 11675
79 81 48512
79 82 30900
79 83 37403
79 84 45839
79 85 68378
79 86 63759
79 87 3551
79 88 1429
79 89 15833
79 90 70483
79 91 46589
79 92 16892
79 93 59322
79 94 54290
79 95 15567
79 96 7363
79 97 2228
79 98 59913
79 99 70776
79 100 65409
79 101 7815
79 102 17886
79 103 18807
79 104 19640
79 105 2967
79 106 16316
79 107 40485
79 108 36771
79 109 5531
79 110 41091
79 111 62857
79 112 65694
79 113 44692
79 114 69286
79 115 5327
79 116 4202
79 117 48657
79 118 44454
79 119 59674
80 81 60134
80 82 42555
80 83 49010
80 84 57247
80 85 79979
80 86 75179
80 87 11544
80 88 11665
80 89 4583
80 90 82057
80 91 58162
80 92 5223
80 93 66770
80 94 61362
80 95 4045
80 96 12855
80 97 9567
80 98 67075
80 99 82196
80 100 77043
80 101 5805
80 102 8070
80 103 7445
80 104 8086
80 105 10728
80 106 6110
80 107 52008
80 108 48298
80 109 6172
80 110 52530
80 111 74241
80 112 77157
80 113 56042
80 114 80769
80 115 6426
80 116 11243
80 117 60060
80 118 56014
80 119 67153
81 82 18884
81 83 14800
81 84 6834
81 85 23802
81 86 23967
81 87 49665
81 88 48781
81 89 63979
81 90 26319
81 91 2766
81 92 65307
81 93 45368
81 94 44875
81 95 63870
81 96 50862
81 97 50701
81 98 47273
81 99 29520
81 100 20215
81 101 55914
81 102 64996
81 103 66893
81 104 67878
81 105 50137
81 106 63879
81 107 15114
81 108 16919
81 109 53964
81 110 9209
81 111 23984
81 112 24628
81 113 17636
81 114 27151
81 115 53710
81 116 50264
81 117 6534
81 118 4718
81 119 45385
82 83 6755
82 84 18920
82 85 37553
82 86 33595
82 87 31524
82 88 30931
82 89 46707
82 90 39725
82 91 17729
82 92 47778
82 93 50630
82 94 47965
82 95 46467
82 96 32316
82 97 32990
82 98 52144
82 99 40537
82 100 34521
82 101 37858
82 102 48315
82 103 49675
82 104 50538
82 105 32115
82 106 46961
82 107 10394
82 108 7001
82 109 36431
82 110 14701
82 111 32857
82 112 35341
82 113 15586
82 114 38828
82 115 36220
82 116 32060
82 117 21433
82 118 15965
82 119 50805
83 84 17185
83 85 30975
83 86 26840
83 87 37805
83 88 37352
83 89 53235
83 90 33093
83 91 14575
83 92 54230
83 93 53035
83 94 51016
83 95 52961
83 96 38292
83 97 39447
83 98 54699
83 99 33784
83 100 28053
83 101 44143
83 102 54956
83 103 56207
83 104 57037
83 105 38452
83 106 53564
83 107 3864
83 108 2291
83 109 42928
83 110 14227
83 111 26107
83 112 28594
83 113 9311
83 114 32096
83 115 42730
83 116 38302
83 117 19130
83 118 13454
83 119 53161
84 85 30223
84 86 30796
84 87 47429
84 88 46292
84 89 60820
84 90 32755
84 91 4300
84 92 62322
84 93 38810
84 94 38114
84 95 60807
84 96 49095
84 97 48063
84 98 40683
84 99 36238
84 100 26610
84 101 53496
84 102 61449
84 103 63666
84 104 64725
84 105 47778
84 106 60489
84 107 18882
84 108 19475
84 109 51131
84 110 4773
84 111 30818
84 112 31413
84 113 22662
84 114 33830
84 115 50849
84 116 48081
84 117 2818
84 118 3935
84 119 38847
85 86 8378
85 87 68712
85 88 68316
85 89 84209
85 90 2534
85 91 26561
85 92 85197
85 93 65815
85 94 66497
85 95 83935
85 96 68961
85 97 70419
85 98 67828
85 99 7632
85 100 3614
85 101 75039
85 102 85867
85 103 87181
85 104 88011
85 105 69386
85 106 84510
85 107 28082
85 108 31756
85 109 73902
85 110 32953
85 111 9701
85 112 6338
85 113 24982
85 114 5212
85 115 73705
85 116 69183
85 117 28667
85 118 28444
85 119 65737
86 87 63724
86 88 63548
86 89 79545
86 90 8839
86 91 26637
86 92 80357
86 93 68598
86 94 68592
86 95 79193
86 96 63594
86 97 65697
86 98 70565
86 99 7018
86 100 8976
86 101 69984
86 102 81525
86 103 82515
86 104 83261
86 105 64473
86 106 80051
86 107 23381
86 108 27074
86 109 69228
86 110 32401
86 111 1349
86 112 2336
86 113 19174
86 114 5906
86 115 69061
86 116 64135
86 117 29949
86 118 28099
86 119 68570
87 88 2139
87 89 16058
87 90 70742
87 91 47885
87 92 16655
87 93 62570
87 94 57606
87 95 15588
87 96 3818
87 97 3189
87 98 63205
87 99 70738
87 100 65855
87 101 6339
87 102 18809
87 103 18979
87 104 19614
87 105 1020
87 106 17037
87 107 40663
87 108 36967
87 109 6211
87 110 42658
87 111 62767
87 112 65729
87 113 44565
87 114 69354
87 115 6210
87 116 746
87 117 50244
87 118 45788
87 119 62916
88 89 16002
88 90 70392
88 91 46917
88 92 16880
88 93 60546
88 94 55549
88 95 15651
88 96 5939
88 97 2175
88 98 61160
88 99 70566
88 100 65392
88 101 7204
88 102 18345
88 103 18969
88 104 19726
88 105 1723
88 106 16687
88 107 40346
88 108 36635
88 109 5717
88 110 41532
88 111 62624
88 112 65512
88 113 44434
88 114 69118
88 115 5594
88 116 2823
88 117 49111
88 118 44797
88 119 60894
89 90 86316
89 91 61927
89 92 2286
89 93 68053
89 94 62516
89 95 978
89 96 17424
89 97 13849
89 98 68226
89 99 86563
89 100 81226
89 101 10367
89 102 4178
89 103 2974
89 104 3907
89 105 15204
89 106 2412
89 107 56309
89 108 52595
89 109 10323
89 110 56144
89 111 78625
89 112 81500
89 113 60436
89 114 85100
89 115 10507
89 116 15793
89 117 63620
89 118 59764
89 119 68447
90 91 29080
90 92 87270
90 93 68229
90 94 68967
90 95 86027
90 96 70905
90 97 72506
90 98 70245
90 99 5931
90 100 6147
90 101 77060
90 102 88035
90 103 89290
90 104 90104
90 105 71433
90 106 86656
90 107 30080
90 108 33776
90 109 76001
90 110 35457
90 111 10184
90 112 6536
90 113 26705
90 114 3976
90 115 75809
90 116 71201
90 117 31198
90 118 30950
90 119 68146
91 92 63311
91 93 43089
91 94 42410
91 95 61848
91 96 49241
91 97 48794
91 98 44969
91 99 32268
91 100 22970
91 101 54085
91 102 62830
91 103 64824
91 104 65832
91 105 48318
91 106 61759
91 107 15590
91 108 16814
91 109 52001
91 110 6526
91 111 26613
91 112 27351
91 113 18841
91 114 29909
91 115 51737
91 116 48502
91 117 4874
91 118 2183
91 119 43122
92 93 70261
92 94 64739
92 95 1684
92 96 17533
92 97 14790
92 98 70451
92 99 87373
92 100 82265
92 101 10569
92 102 5976
92 103 2959
92 104 3063
92 105 15885
92 106 4525
92 107 57214
92 108 53505
92 109 11373
92 110 57621
92 111 79410
92 112 82345
92 113 61209
92 114 85962
92 115 11611
92 116 16296
92 117 65130
92 118 61157
92 119 70654
93 94 5791
93 95 68593
93 96 65969
93 97 61103
93 98 2033
93 99 72935
93 100 62399
93 101 66304
93 102 66210
93 103 69933
93 104 71239
93 105 62248
93 106 66416
93 107 56004
93 108 55072
93 109 62374
93 110 39443
93 111 68860
93 112 68729
93 113 60711
93 114 70390
93 115 62017
93 116 63308
93 117 38930
93 118 42426
93 119 427
94 95 63078
94 96 61087
94 97 56004
94 98 5715
94 99 73365
94 100 62990
94 101 61107
94 102 60584
94 103 64340
94 104 65647
94 105 57237
94 106 60835
94 107 54222
94 108 52936
94 109 57128
94 110 38044
94 111 68742
94 112 68919
94 113 59174
94 114 70845
94 115 56772
94 116 58337
94 117 38652
94 118 41473
94 119 6216
95 96 16779
95 97 13522
95 98 68791
95 99 86210
95 100 80975
95 101 9730
95 102 5152
95 103 3412
95 104 4077
95 105 14766
95 106 3379
95 107 55994
95 108 52282
95 109 10036
95 110 56116
95 111 78261
95 112 81162
95 113 60064
95 114 84769
95 115 10248
95 116 15285
95 117 63612
95 118 59690
95 119 68986
96 97 6714
96 98 66655
96 99 70581
96 100 66234
96 101 7057
96 102 20719
96 103 20176
96 104 20590
96 105 4614
96 106 18823
96 107 40886
96 108 37243
96 109 8869
96 110 44327
96 111 62581
96 112 65665
96 113 44430
96 114 69317
96 115 8995
96 116 3252
96 117 51894
96 118 47195
96 119 66308
97 98 61650
97 99 72715
97 100 67477
97 101 5628
97 102 16176
97 103 16819
97 104 17599
97 105 2191
97 106 14512
97 107 42473
97 108 38761
97 109 3545
97 110 43314
97 111 64777
97 112 67653
97 113 46592
97 114 71256
97 115 3420
97 116 3512
97 117 50881
97 118 46662
97 119 61460
98 99 74936
98 100 64408
98 101 66783
98 102 66271
98 103 70038
98 104 71345
98 105 62853
98 106 66537
98 107 57719
98 108 56714
98 109 62815
98 110 41210
98 111 70818
98 112 70713
98 113 62474
98 114 72392
98 115 62459
98 116 63939
98 117 40854
98 118 44268
98 119 2208
99 100 10633
99 101 76992
99 102 88536
99 103 89533
99 104 90278
99 105 71489
99 106 87066
99 107 30375
99 108 34075
99 109 76246
99 110 38364
99 111 8005
99 112 5236
99 113 26179
99 114 2554
99 115 76078
99 116 71146
99 117 35020
99 118 33934
99 119 72874
100 101 72192
100 102 82793
100 103 84195
100 104 85049
100 105 66505
100 106 81469
100 107 25376
100 108 28992
100 109 70939
100 110 29385
100 111 10100
100 112 7638
100 113 22761
100 114 8082
100 115 70733
100 116 66346
100 117 25059
100 118 24874
100 119 62329
101 102 13766
101 103 13135
101 104 13605
101 105 5778
101 106 11838
101 107 46980
101 108 43288
101 109 4132
101 110 48734
101 111 69012
101 112 72004
101 113 50814
101 114 75637
101 115 4471
101 116 5859
101 117 56314
101 118 51972
101 119 66669
102 103 4025
102 104 5280
102 105 17865
102 106 1968
102 107 58181
102 108 54472
102 109 12677
102 110 56852
102 111 80650
102 112 83420
102 113 62522
102 114 86985
102 115 12761
102 116 18672
102 117 64222
102 118 60652
102 119 66613
103 104 1308
103 105 18141
103 106 3550
103 107 59282
103 108 55569
103 109 13297
103 110 59004
103 111 81592
103 112 84472
103 113 63402
103 114 88073
103 115 13481
103 116 18689
103 117 66462
103 118 62658
103 119 70333
104 105 18812
104 106 4842
104 107 60070
104 108 56358
104 109 14111
104 110 60051
104 111 82325
104 112 85234
104 113 64127
104 114 88843
104 115 14318
104 116 19282
104 117 67525
104 118 63669
104 119 71639
105 106 16114
105 107 41360
105 108 37658
105 109 5228
105 110 43011
105 111 63526
105 112 66464
105 113 45325
105 114 70084
105 115 5212
105 116 1364
105 117 50595
105 118 46209
105 119 62598
106 107 56737
106 108 53024
106 109 10980
106 110 55857
106 111 79159
106 112 81967
106 113 61005
106 114 85545
106 115 11093
106 116 16866
106 117 63275
106 118 59585
106 119 66814
107 108 3714
107 109 45986
107 110 16705
107 111 22574
107 112 25239
107 113 5462
107 114 28808
107 115 45804
107 116 41122
107 117 20409
107 118 14968
107 119 56112
108 109 42272
108 110 16467
108 111 26247
108 112 28948
108 113 8597
108 114 32521
108 115 42091
108 116 37431
108 117 21405
108 118 15736
108 119 55206
109 110 46403
109 111 68313
109 112 71178
109 113 50131
109 114 74777
109 115 357
109 116 6200
109 117 53946
109 118 49855
109 119 62743
110 111 32230
110 112 33324
110 113 21268
110 114 36074
110 115 46124
110 116 43309
110 117 7586
110 118 4511
110 119 39532
111 112 3663
111 113 18202
111 114 7143
111 115 68150
111 116 63169
111 117 30091
111 118 27992
111 119 68840
112 113 21237
112 114 3669
112 115 71005
112 116 66151
112 117 30369
112 118 28937
112 119 68687
113 114 24893
113 115 49973
113 116 44969
113 117 23700
113 118 18749
113 119 60798
114 115 74600
114 116 69782
114 117 32557
114 118 31619
114 119 70327
115 116 6242
115 117 53663
115 118 49590
115 119 62386
116 117 50895
116 118 46410
116 119 63654
117 118 5696
117 119 38936
118 119 42480
