120 7140
0 1 1344
0 2 41876
0 3 78804
0 4 70151
0 5 1525
0 6 35580
0 7 47721
0 8 80197
0 9 43521
0 10 69685
0 11 78898
0 12 71366
0 13 35749
0 14 81355
0 15 81716
0 16 62438
0 17 66667
0 18 42962
0 19 37989
0 20 67938
0 21 56955
0 22 73643
0 23 72504
0 24 40453
0 25 55662
0 26 79762
0 27 67321
0 28 77604
0 29 75377
0 30 79524
0 31 41147
0 32 7533
0 33 64938
0 34 62491
0 35 77247
0 36 33254
0 37 65036
0 38 4252
0 39 41835
0 40 1433
0 41 39036
0 42 46669
0 43 71086
0 44 27470
0 45 65407
0 46 41367
0 47 60649
0 48 3464
0 49 40898
0 50 62772
0 51 3662
0 52 41320
0 53 62387
0 54 7603
0 55 57535
0 56 4926
0 57 40022
0 58 40241
0 59 4603
0 60 43780
0 61 40468
0 62 32459
0 63 58893
0 64 59461
0 65 4868
0 66 46575
0 67 6158
0 68 80177
0 69 6460
0 70 77909
0 71 80091
0 72 45281
0 73 36577
0 74 64100
0 75 87667
0 76 31712
0 77 5240
0 78 67089
0 79 69974
0 80 1250
0 81 79419
0 82 41254
0 83 31564
0 84 69070
0 85 33664
0 86 826
0 87 3355
0 88 65668
0 89 77320
0 90 36939
0 91 66247
0 92 63846
0 93 75077
0 94 4380
0 95 78559
0 96 33353
0 97 67110
0 98 60080
0 99 62829
0 100 35588
0 101 5776
0 102 68397
0 103 39252
0 104 63480
0 105 5500
0 106 78708
0 107 60833
0 108 45146
0 109 68310
0 110 33772
0 111 36267
0 112 3072
0 113 81892
0 114 63992
0 115 73806
0 116 78958
0 117 45811
0 118 80952
0 119 63582
1 2 40543
1 3 77477
1 4 68822
1 5 2659
1 6 35889
1 7 46393
1 8 78857
1 9 43971
1 10 68367
1 11 77555
1 12 70040
1 13 35943
1 14 80012
1 15 80383
1 16 61244
1 17 65338
1 18 41620
1 19 38162
1 20 66769
1 21 55811
1 22 72323
1 23 71180
1 24 40588
1 25 54518
1 26 78420
1 27 65998
1 28 76273
1 29 74037
1 30 78183
1 31 39813
1 32 7301
1 33 63791
1 34 61281
1 35 75910
1 36 33633
1 37 63703
1 38 3399
1 39 40492
1 40 694
1 41 39460
1 42 45325
1 43 69796
1 44 27976
1 45 64065
1 46 40033
1 47 59508
1 48 4320
1 49 41408
1 50 61444
1 51 2820
1 52 39984
1 53 61229
1 54 6450
1 55 56383
1 56 3597
1 57 40171
1 58 38911
1 59 3464
1 60 42437
1 61 39125
1 62 32921
1 63 57705
1 64 58312
1 65 5854
1 66 45233
1 67 5150
1 68 78842
1 69 5476
1 70 76567
1 71 78753
1 72 43943
1 73 36817
1 74 62914
1 75 86330
1 76 32197
1 77 6482
1 78 65765
1 79 68849
1 80 127
1 81 78079
1 82 41388
1 83 31971
1 84 67880
1 85 34180
1 86 669
1 87 2012
1 88 64356
1 89 75979
1 90 37002
1 91 64959
1 92 62709
1 93 73746
1 94 3205
1 95 77215
1 96 33654
1 97 65769
1 98 58873
1 99 61645
1 100 35958
1 101 4455
1 102 67080
1 103 39617
1 104 62312
1 105 4512
1 106 77372
1 107 59689
1 108 43811
1 109 67000
1 110 33913
1 111 36663
1 112 4415
1 113 80554
1 114 62887
1 115 72463
1 116 77634
1 117 44472
1 118 79614
1 119 62444
2 3 36982
2 4 31725
2 5 43100
2 6 57397
2 7 5984
2 8 38446
2 9 66270
2 10 32557
2 11 37312
2 12 33239
2 13 55203
2 14 39959
2 15 39840
2 16 27216
2 17 28398
2 18 3366
2 19 56270
2 20 33218
2 21 25502
2 22 36064
2 23 30751
2 24 57132
2 25 24599
2 26 38101
2 27 29805
2 28 35737
2 29 33654
2 30 37842
2 31 783
2 32 41495
2 33 31738
2 34 26410
2 35 35387
2 36 57117
2 37 26329
2 38 39285
2 39 4029
2 40 40549
2 41 62231
2 42 7716
2 43 36406
2 44 55321
2 45 25084
2 46 537
2 47 28514
2 48 43426
2 49 65443
2 50 25178
2 51 39590
2 52 782
2 53 29027
2 54 35924
2 55 25506
2 56 36950
2 57 57141
2 58 1805
2 59 37593
2 60 6476
2 61 6016
2 62 58097
2 63 24566
2 64 27168
2 65 44855
2 66 5489
2 67 36676
2 68 38308
2 69 37646
2 70 36277
2 71 38246
2 72 3704
2 73 56699
2 74 29072
2 75 45808
2 76 57970
2 77 46885
2 78 29584
2 79 37120
2 80 40649
2 81 37668
2 82 57668
2 83 56453
2 84 33246
2 85 59969
2 86 41084
2 87 38539
2 88 29568
2 89 35597
2 90 53217
2 91 32410
2 92 31351
2 93 33206
2 94 38205
2 95 37300
2 96 55704
2 97 26979
2 98 24507
2 99 28045
2 100 58613
2 101 36365
2 102 31489
2 103 61191
2 104 29457
2 105 38159
2 106 36849
2 107 28507
2 108 3308
2 109 32179
2 110 52851
2 111 59605
2 112 44910
2 113 40062
2 114 32988
2 115 32435
2 116 37184
2 117 9576
2 118 39137
2 119 31010
3 4 23908
3 5 80054
3 6 88316
3 7 31085
3 8 7141
3 9 96286
3 10 27324
3 11 9106
3 12 24750
3 13 85572
3 14 11523
3 15 3821
3 16 27470
3 17 24677
3 18 36406
3 19 85957
3 20 27961
3 21 33917
3 22 26532
3 23 6405
3 24 85959
3 25 34585
3 26 8344
3 27 26412
3 28 1982
3 29 7857
3 30 8028
3 31 37731
3 32 78365
3 33 30784
3 34 25998
3 35 4474
3 36 88849
3 37 23984
3 38 76265
3 39 37724
3 40 77457
3 41 92973
3 42 33774
3 43 33253
3 44 88643
3 45 19666
3 46 37502
3 47 32617
3 48 80194
3 49 96319
3 50 26964
3 51 76572
3 52 37584
3 53 30573
3 54 72885
3 55 33077
3 56 73881
3 57 86161
3 58 38574
3 59 74448
3 60 36569
3 61 39612
3 62 90326
3 63 29657
3 64 32474
3 65 81568
3 66 32781
3 67 73428
3 68 4011
3 69 74605
3 70 8523
3 71 5031
3 72 33768
3 73 87065
3 74 27539
3 75 10003
3 76 90432
3 77 83851
3 78 26456
3 79 32007
3 80 77585
3 81 6974
3 82 86270
3 83 88647
3 84 25639
3 85 92193
3 86 78004
3 87 75480
3 88 29610
3 89 7386
3 90 82679
3 91 34148
3 92 31990
3 93 4164
3 94 75184
3 95 11995
3 96 87101
3 97 19496
3 98 27508
3 99 28145
3 100 89807
3 101 73338
3 102 27818
3 103 91568
3 104 29377
3 105 75133
3 106 4250
3 107 32316
3 108 33770
3 109 29599
3 110 83525
3 111 90773
3 112 81818
3 113 6239
3 114 34520
3 115 11595
3 116 1054
3 117 35858
3 118 6153
3 119 31853
4 5 71089
4 6 89102
4 7 28144
4 8 18832
4 9 97931
4 10 3420
4 11 16313
4 12 1623
4 13 86858
4 14 16496
4 15 23436
4 16 40906
4 17 3491
4 18 29137
4 19 87849
4 20 44459
4 21 44777
4 22 4636
4 23 22575
4 24 88579
4 25 44760
4 26 17529
4 27 3389
4 28 21949
4 29 16053
4 30 17604
4 31 32161
4 32 67524
4 33 45791
4 34 39277
4 35 19484
4 36 88842
4 37 5401
4 38 66706
4 39 29771
4 40 69012
4 41 93936
4 42 24619
4 43 9550
4 44 86905
4 45 8269
4 46 32045
4 47 45455
4 48 72415
4 49 97159
4 50 7401
4 51 67151
4 52 31872
4 53 44238
4 54 63053
4 55 44174
4 56 65414
4 57 88622
4 58 33498
4 59 66460
4 60 27216
4 61 30408
4 62 89803
4 63 41091
4 64 44637
4 65 73966
4 66 26243
4 67 65966
4 68 21447
4 69 64662
4 70 16200
4 71 20493
4 72 28104
4 73 88359
4 74 41989
4 75 25967
4 76 89659
4 77 74583
4 78 3572
4 79 49245
4 80 68905
4 81 18381
4 82 89078
4 83 88164
4 84 42734
4 85 91671
4 86 69448
4 87 66845
4 88 6537
4 89 16899
4 90 84741
4 91 10445
4 92 46466
4 93 20617
4 94 65954
4 95 13846
4 96 87425
4 97 6635
4 98 39360
4 99 41890
4 100 90332
4 101 64376
4 102 4027
4 103 92868
4 104 43580
4 105 65414
4 106 20204
4 107 45234
4 108 28805
4 109 5742
4 110 84524
4 111 91324
4 112 73207
4 113 21198
4 114 49069
4 115 12313
4 116 24891
4 117 24631
4 118 20307
4 119 46195
5 6 36411
5 7 48969
5 8 81366
5 9 44199
5 10 70565
5 11 80039
5 12 72286
5 13 36686
5 14 82472
5 15 82938
5 16 63897
5 17 67611
5 18 44115
5 19 38943
5 20 69412
5 21 58442
5 22 74529
5 23 73767
5 24 41438
5 25 57150
5 26 80915
5 27 68227
5 28 78836
5 29 76543
5 30 80680
5 31 42365
5 32 6918
5 33 66424
5 34 63937
5 35 78449
5 36 34019
5 37 66006
5 38 4583
5 39 42967
5 40 2931
5 41 39747
5 42 47757
5 43 71855
5 44 28110
5 45 66461
5 46 42587
5 47 62138
5 48 4083
5 49 41512
5 50 63701
5 51 4049
5 52 42532
5 53 63868
5 54 8195
5 55 59018
5 56 6211
5 57 40996
5 58 41482
5 59 6079
5 60 44862
5 61 41553
5 62 33137
5 63 60356
5 64 60946
5 65 5155
5 66 47737
5 67 7674
5 68 81385
5 69 6818
5 70 79058
5 71 81285
5 72 46474
5 73 37472
5 74 65564
5 75 88866
5 76 32367
5 77 3832
5 78 67995
5 79 71470
5 80 2538
5 81 80588
5 82 42239
5 83 32302
5 84 70532
5 85 34282
5 86 2315
5 87 4591
5 88 66521
5 89 78484
5 90 37987
5 91 67007
5 92 65337
5 93 76306
5 94 5136
5 95 79663
5 96 34194
5 97 68148
5 98 61529
5 99 64294
5 100 36357
5 101 6796
5 102 69272
5 103 40023
5 104 64955
5 105 5911
5 106 79910
5 107 62320
5 108 46359
5 109 69152
5 110 34758
5 111 37010
5 112 2309
5 113 83081
5 114 65496
5 115 74926
5 116 80220
5 117 46832
5 118 82137
5 119 65073
6 7 61315
6 8 92342
6 9 9104
6 10 89919
6 11 91972
6 12 90629
6 13 3111
6 14 94997
6 15 91966
6 16 63485
6 17 85794
6 18 60178
6 19 4454
6 20 66860
6 21 56472
6 22 93461
6 23 82109
6 24 6919
6 25 55409
6 26 92441
6 27 87182
6 28 87853
6 29 88015
6 30 92113
6 31 57001
6 32 43106
6 33 63170
6 34 64418
6 35 88570
6 36 2951
6 37 83715
6 38 39155
6 39 59787
6 40 35201
6 41 4834
6 42 64797
6 43 93352
6 44 9366
6 45 82063
6 46 57102
6 47 59314
6 48 32328
6 49 8100
6 50 82522
6 51 38627
6 52 57299
6 53 61600
6 54 40921
6 55 57319
6 56 36356
6 57 6323
6 58 55645
6 59 34674
6 60 62565
6 61 59775
6 62 5084
6 63 60261
6 64 58718
6 65 31452
6 66 62866
6 67 33471
6 68 91067
6 69 40800
6 70 90838
6 71 91416
6 72 60998
6 73 2129
6 74 64436
6 75 98277
6 76 5983
6 77 37095
6 78 86958
6 79 66409
6 80 35947
6 81 91614
6 82 7547
6 83 4715
6 84 68909
6 85 5917
6 86 35433
6 87 36369
6 88 86723
6 89 89828
6 90 6833
6 91 88984
6 92 61739
6 93 85671
6 94 38356
6 95 92760
6 96 2242
6 97 83999
6 98 62250
6 99 63305
6 100 1688
6 101 38075
6 102 88817
6 103 4037
6 104 62986
6 105 39946
6 106 89918
6 107 59607
6 108 60309
6 109 89389
6 110 4791
6 111 2522
6 112 34929
6 113 93275
6 114 60423
6 115 87927
6 116 88036
6 117 65598
6 118 92551
6 119 61636
7 8 32871
7 9 70018
7 10 29506
7 11 31892
7 12 29731
7 13 58954
7 14 34660
7 15 34030
7 16 22860
7 17 25049
7 18 6686
7 19 59850
7 20 28710
7 21 22478
7 22 32680
7 23 24814
7 24 60496
7 25 21801
7 26 32613
7 27 26729
7 28 29895
7 29 28130
7 30 32337
7 31 6760
7 32 47472
7 33 27712
7 34 21831
7 35 29668
7 36 61255
7 37 22877
7 38 45212
7 39 8109
7 40 46378
7 41 66138
7 42 7874
7 43 34094
7 44 59900
7 45 20759
7 46 6518
7 47 25005
7 48 49170
7 49 69407
7 50 22367
7 51 45507
7 52 6666
7 53 25119
7 54 41878
7 55 22297
7 56 42797
7 57 60555
7 58 7493
7 59 43385
7 60 8840
7 61 10433
7 62 62380
7 63 20693
7 64 23721
7 65 50571
7 66 4526
7 67 42406
7 68 32557
7 69 43599
7 70 30824
7 71 32549
7 72 3779
7 73 60462
7 74 24669
7 75 40075
7 76 62317
7 77 52767
7 78 26525
7 79 32935
7 80 46501
7 81 32096
7 82 60979
7 83 60715
7 84 28445
7 85 64262
7 86 46922
7 87 44396
7 88 27110
7 89 30063
7 90 56705
7 91 30622
7 92 27542
7 93 27378
7 94 44113
7 95 32115
7 96 59739
7 97 22698
7 98 20218
7 99 23774
7 100 62615
7 101 42259
7 102 28584
7 103 64994
7 104 25328
7 105 44099
7 106 31126
7 107 24942
7 108 3177
7 109 29552
7 110 56662
7 111 63607
7 112 50740
7 113 34386
7 114 29484
7 115 27222
7 116 31259
7 117 10821
7 118 33485
7 119 27201
8 9 100568
8 10 22129
8 11 2538
8 12 19342
8 13 89701
8 14 4382
8 15 4879
8 16 33489
8 17 20412
8 18 37257
8 19 90235
8 20 34610
8 21 39538
8 22 20627
8 23 11013
8 24 90409
8 25 40067
8 26 1387
8 27 21795
8 28 5954
8 29 4828
8 30 1232
8 31 39142
8 32 79089
8 33 37211
8 34 31932
8 35 4003
8 36 92683
8 37 20294
8 38 77362
8 39 38442
8 40 78899
8 41 97072
8 42 33915
8 43 27647
8 44 92037
8 45 16893
8 46 38935
8 47 38644
8 48 81857
8 49 100408
8 50 23437
8 51 77714
8 52 38947
8 53 36726
8 54 73864
8 55 38730
8 56 75279
8 57 90575
8 58 40165
8 59 75994
8 60 36815
8 61 40049
8 62 94041
8 63 35285
8 64 38351
8 65 83296
8 66 33629
8 67 75115
8 68 3264
8 69 75568
8 70 2786
8 71 2159
8 72 34937
8 73 91206
8 74 33781
8 75 7945
8 76 94085
8 77 85105
8 78 21889
8 79 38832
8 80 78959
8 81 778
8 82 90766
8 83 92361
8 84 32350
8 85 95921
8 86 79418
8 87 76846
8 88 25094
8 89 2900
8 90 86974
8 91 29277
8 92 38338
8 93 7131
8 94 76369
8 95 5370
8 96 91005
8 97 16052
8 98 33159
8 99 34252
8 100 93779
8 101 74584
8 102 22858
8 103 95740
8 104 35613
8 105 76170
8 106 3097
8 107 38352
8 108 35142
8 109 24557
8 110 87570
8 111 94758
8 112 83251
8 113 2380
8 114 40927
8 115 7427
8 116 8156
8 117 35507
8 118 1489
8 119 38172
9 10 98820
9 11 100297
9 12 99470
9 13 11074
9 14 103355
9 15 99985
9 16 70766
9 17 94650
9 18 69107
9 19 10336
9 20 73711
9 21 63735
9 22 102324
9 23 90163
9 24 10614
9 25 62744
9 26 100722
9 27 96074
9 28 95914
9 29 96331
9 30 100387
9 31 65896
9 32 51041
9 33 70009
9 34 71804
9 35 96743
9 36 10521
9 37 92554
9 38 47314
9 39 68752
9 40 43296
9 41 4580
9 42 73731
9 43 102343
9 44 16102
9 45 90777
9 46 65989
9 47 66346
9 48 40149
9 49 3292
9 50 91430
9 51 46763
9 52 66197
9 53 68649
9 54 49347
9 55 64595
9 56 44777
9 57 10295
9 58 64533
9 59 43080
9 60 71543
9 61 68792
9 62 11064
9 63 67680
9 64 65865
9 65 39100
9 66 71721
9 67 41999
9 68 99168
9 69 49088
9 70 99158
9 71 99562
9 72 69840
9 73 9572
9 74 71582
9 75 106278
9 76 11840
9 77 44405
9 78 95852
9 79 72834
9 80 44016
9 81 99852
9 82 10526
9 83 12047
9 84 75859
9 85 10032
9 86 43465
9 87 44643
9 88 95680
9 89 98114
9 90 13608
9 91 98006
9 92 68565
9 93 93794
9 94 46626
9 95 101189
9 96 11158
9 97 92716
9 98 69728
9 99 70504
9 100 8345
9 101 46509
9 102 97733
9 103 5117
9 104 70041
9 105 48199
9 106 98065
9 107 66648
9 108 69126
9 109 98337
9 110 13424
9 111 7477
9 112 42509
9 113 101409
9 114 67037
9 115 96386
9 116 95958
9 117 74597
9 118 100716
9 119 68494
10 11 19597
10 12 2886
10 13 87756
10 14 19562
10 15 26787
10 16 43678
10 17 4646
10 18 29752
10 19 88825
10 20 47432
10 21 47253
10 22 3981
10 23 25926
10 24 89650
10 25 47169
10 26 20805
10 27 2779
10 28 25366
10 29 19467
10 30 20898
10 31 32925
10 32 66715
10 33 48630
10 34 42063
10 35 22893
10 36 89549
10 37 6821
10 38 66121
10 39 30235
10 40 68591
10 41 94751
10 42 25146
10 43 6227
10 44 87377
10 45 10891
10 46 32831
10 47 48108
10 48 72072
10 49 97940
10 50 7400
10 51 66585
10 52 32624
10 53 46981
10 54 62458
10 55 46683
10 56 65023
10 57 89671
10 58 34288
10 59 66136
10 60 27551
10 61 30616
10 62 90432
10 63 43684
10 64 47239
10 65 73639
10 66 27141
10 67 65732
10 68 24810
10 69 64032
10 70 19539
10 71 23841
10 72 29043
10 73 89250
10 74 44829
10 75 29084
10 76 90253
10 77 73982
10 78 2989
10 79 52236
10 80 68445
10 81 21705
10 82 90171
10 83 88808
10 84 45770
10 85 92290
10 86 69004
10 87 66412
10 88 4276
10 89 20277
10 90 85759
10 91 7238
10 92 49252
10 93 24032
10 94 65432
10 95 17031
10 96 88187
10 97 9540
10 98 42022
10 99 44673
10 100 91105
10 101 63913
10 102 1316
10 103 93735
10 104 46378
10 105 64815
10 106 23591
10 107 47898
10 108 29821
10 109 2493
10 110 85398
10 111 92095
10 112 72724
10 113 24481
10 114 51833
10 115 15729
10 116 28309
10 117 24743
10 118 23611
10 119 48973
11 12 16805
11 13 89377
11 14 3166
11 15 7360
11 16 34257
11 17 17980
11 18 35937
11 19 89974
11 20 35778
11 21 40053
11 22 18104
11 23 11773
11 24 90223
11 25 40507
11 26 1225
11 27 19311
11 28 7571
11 29 3969
11 30 1308
11 31 37985
11 32 77590
11 33 38208
11 34 32665
11 35 5097
11 36 92233
11 37 17962
11 38 75976
11 39 37073
11 40 77617
11 41 96726
11 42 32408
11 43 25112
11 44 91413
11 45 14817
11 46 37786
11 47 39384
11 48 80640
11 49 100054
11 50 21113
11 51 76341
11 52 37776
11 53 37551
11 54 72448
11 55 39265
11 56 73990
11 57 90373
11 58 39061
11 59 74749
11 60 35317
11 61 38585
11 62 93541
11 63 35829
11 64 39008
11 65 82097
11 66 32339
11 67 73917
11 68 5566
11 69 74145
11 70 1143
11 71 4479
11 72 33735
11 73 90886
11 74 34677
11 75 10077
11 76 93560
11 77 83755
11 78 19411
11 79 40131
11 80 77655
11 81 2254
11 82 90600
11 83 91863
11 84 33578
11 85 95424
11 86 78126
11 87 75543
11 88 22612
11 89 2380
11 90 86725
11 91 26756
11 92 39276
11 93 8003
11 94 75012
11 95 2934
11 96 90586
11 97 13827
11 98 33732
11 99 35065
11 100 93385
11 101 73248
11 102 20339
11 103 95427
11 104 36496
11 105 74768
11 106 4856
11 107 39100
11 108 34005
11 109 22031
11 110 87213
11 111 94367
11 112 81959
11 113 4886
11 114 41894
11 115 5355
11 116 10156
11 117 33847
11 118 4027
11 119 39093
12 13 88397
12 14 16686
12 15 24050
12 16 42434
12 17 4870
12 18 30608
12 19 89400
12 20 45916
12 21 46364
12 22 3013
12 23 23752
12 24 90144
12 25 46356
12 26 18004
12 27 4129
12 28 22811
12 29 16901
12 30 18110
12 31 33663
12 32 68624
12 33 47297
12 34 40802
12 35 20292
12 36 90349
12 37 6916
12 38 67882
12 39 31211
12 40 70241
12 41 95463
12 42 26066
12 43 8511
12 44 88368
12 45 9870
12 46 33551
12 47 47011
12 48 73668
12 49 98680
12 50 8606
12 51 68334
12 52 33372
12 53 45773
12 54 64225
12 55 45756
12 56 66651
12 57 90184
12 58 35006
12 59 67718
12 60 28624
12 61 31789
12 62 91297
12 63 42660
12 64 46203
12 65 75225
12 66 27763
12 67 67249
12 68 22095
12 69 65823
12 70 16798
12 71 21104
12 72 29633
12 73 89898
12 74 43496
12 75 26212
12 76 91146
12 77 75756
12 78 4352
12 79 50693
12 80 70121
12 81 18944
12 82 90645
12 83 89660
12 84 44163
12 85 93163
12 86 70670
12 87 68069
12 88 6827
12 89 17595
12 90 86298
12 91 10119
12 92 47988
12 93 21615
12 94 67150
12 95 14189
12 96 88942
12 97 8191
12 98 40916
12 99 43414
12 100 91851
12 101 65591
12 102 3943
12 103 94403
12 104 45100
12 105 66585
12 106 20921
12 107 46788
12 108 30347
12 109 5379
12 110 86060
12 111 92843
12 112 74418
12 113 21681
12 114 50596
12 115 13186
12 116 25752
12 117 25979
12 118 20828
12 119 47720
13 14 92420
13 15 89241
13 16 60546
13 17 83579
13 18 58055
13 19 2306
13 20 63850
13 21 53525
13 22 91253
13 23 79394
13 24 4973
13 25 52476
13 26 89825
13 27 85008
13 28 85143
13 29 85415
13 30 89494
13 31 54834
13 32 43225
13 33 60156
13 34 61502
13 35 85905
13 36 5427
13 37 81482
13 38 39119
13 39 57718
13 40 35250
13 41 7404
13 42 62679
13 43 91320
13 44 11112
13 45 79712
13 46 54925
13 47 56327
13 48 32619
13 49 10751
13 50 80368
13 51 38614
13 52 55135
13 53 58617
13 54 40631
13 55 54375
13 56 36101
13 57 4444
13 58 53469
13 59 34447
13 60 60517
13 61 57800
13 62 7716
13 63 57349
13 64 55750
13 65 31875
13 66 60651
13 67 33126
13 68 88373
13 69 40641
13 70 88241
13 71 88740
13 72 58768
13 73 1512
13 74 61472
13 75 95547
13 76 8514
13 77 37682
13 78 84786
13 79 63349
13 80 36010
13 81 88978
13 82 5746
13 83 6829
13 84 65914
13 85 8866
13 86 35531
13 87 36253
13 88 84636
13 89 87214
13 90 3748
13 91 87011
13 92 58722
13 93 82985
13 94 38230
13 95 90220
13 96 3647
13 97 81651
13 98 59353
13 99 60350
13 100 4798
13 101 37795
13 102 86673
13 103 6058
13 104 60004
13 105 39824
13 106 87242
13 107 56622
13 108 58053
13 109 87289
13 110 2436
13 111 5589
13 112 35362
13 113 90595
13 114 57380
13 115 85403
13 116 85276
13 117 63585
13 118 89883
13 119 58624
14 15 8940
14 16 37380
14 17 18689
14 18 38436
14 19 93037
14 20 38778
14 21 43213
14 22 17470
14 23 14868
14 24 93308
14 25 43671
14 26 3298
14 27 19726
14 28 10262
14 29 7090
14 30 3660
14 31 40613
14 32 79851
14 33 41273
14 34 35794
14 35 8005
14 36 95228
14 37 19032
14 38 78355
14 39 39524
14 40 80091
14 41 99760
14 42 34740
14 43 24608
14 44 94330
14 45 16546
14 46 40421
14 47 42515
14 48 83169
14 49 103084
14 50 22156
14 51 78731
14 52 40394
14 53 40663
14 54 74800
14 55 42423
14 56 76460
14 57 93453
14 58 41725
14 59 77258
14 60 37646
14 61 40940
14 62 96515
14 63 38986
14 64 42152
14 65 84641
14 66 34875
14 67 76467
14 68 7603
14 69 76488
14 70 4297
14 71 6517
14 72 36340
14 73 93929
14 74 37770
14 75 9533
14 76 96523
14 77 86163
14 78 19858
14 79 43072
14 80 80109
14 81 4651
14 82 93690
14 83 94838
14 84 36550
14 85 98399
14 86 80592
14 87 78000
14 88 22996
14 89 5533
14 90 89792
14 91 26800
14 92 42360
14 93 11043
14 94 77418
14 95 2959
14 96 93594
14 97 15270
14 98 36885
14 99 38179
14 100 96401
14 101 75676
14 102 20467
14 103 98472
14 104 39593
14 105 77132
14 106 7408
14 107 42229
14 108 36657
14 109 22050
14 110 90245
14 111 97385
14 112 84422
14 113 5977
14 114 44969
14 115 7553
14 116 12535
14 117 36003
14 118 5552
14 119 42181
15 16 31285
15 17 24731
15 18 39035
15 19 89653
15 20 31650
15 21 37736
15 22 25455
15 23 9871
15 24 89683
15 25 38400
15 26 6266
15 27 26259
15 28 4199
15 29 7940
15 30 6068
15 31 40573
15 32 81031
15 33 34538
15 34 29817
15 35 4826
15 36 92461
15 37 24371
15 38 79069
15 39 40307
15 40 80385
15 41 96639
15 42 36107
15 43 32430
15 44 92157
15 45 20497
15 46 40351
15 47 36429
15 48 83199
15 49 99984
15 50 27469
15 51 79392
15 52 40408
15 53 34374
15 54 75641
15 55 36897
15 56 76790
15 57 89879
15 58 41483
15 59 77409
15 60 38959
15 61 42092
15 62 93914
15 63 33476
15 64 36293
15 65 84596
15 66 35391
15 67 76435
15 68 2042
15 69 77357
15 70 7253
15 71 2947
15 72 36505
15 73 90737
15 74 31331
15 75 6315
15 76 94006
15 77 86717
15 78 26335
15 79 35598
15 80 80489
15 81 5133
15 82 90001
15 83 92234
15 84 29306
15 85 95785
15 86 80922
15 87 78379
15 88 29538
15 89 6597
15 90 86377
15 91 33860
15 92 35759
15 93 6659
15 94 78019
15 95 10245
15 96 90727
15 97 19966
15 98 31328
15 99 31953
15 100 93448
15 101 76192
15 102 27446
15 103 95247
15 104 33168
15 105 77914
15 106 3533
15 107 36127
15 108 36581
15 109 29179
15 110 87178
15 111 94417
15 112 84746
15 113 3004
15 114 38274
15 115 11439
15 116 4486
15 117 37994
15 118 3450
15 119 35628
16 17 39185
16 18 29290
16 19 60583
16 20 6034
16 21 7032
16 22 45300
16 23 22523
16 24 60210
16 25 8081
16 26 34170
16 27 41317
16 28 27784
16 29 30637
16 30 33800
16 31 27891
16 32 64429
16 33 5152
16 34 1647
16 35 29507
16 36 64481
16 37 37208
16 38 61128
16 39 30615
16 40 61006
16 41 67898
16 42 30451
16 43 49651
16 44 65444
16 45 32789
16 46 27664
16 47 5160
16 48 62799
16 49 71223
16 50 38515
16 51 61250
16 52 27991
16 53 3377
16 54 58434
16 55 6174
16 56 57832
16 57 60485
16 58 27693
16 59 57835
16 60 31698
16 61 32920
16 62 66232
16 63 3580
16 64 5080
16 65 63876
16 66 27290
16 67 56383
16 68 31113
16 69 60073
16 70 33183
16 71 31847
16 72 26571
16 73 61983
16 74 1862
16 75 37201
16 76 66496
16 77 67675
16 78 41199
16 79 10087
16 80 61368
16 81 32947
16 82 60422
16 83 64591
16 84 6648
16 85 68031
16 86 61614
16 87 59435
16 88 43242
16 89 31878
16 90 57319
16 91 47801
16 92 5577
16 93 26389
16 94 59807
16 95 36284
16 96 62592
16 97 34275
16 98 2713
16 99 1016
16 100 65082
16 101 57881
16 102 43324
16 103 66349
16 104 2748
16 105 60295
16 106 30482
16 107 4865
16 108 25773
16 109 44886
16 110 58742
16 111 66001
16 112 65130
16 113 33477
16 114 8162
16 115 32548
16 116 26851
16 117 33474
16 118 33081
16 119 5295
17 18 25741
17 19 84600
17 20 43092
17 21 42638
17 22 7678
17 23 22429
17 24 85370
17 25 42540
17 26 19204
17 27 2146
17 28 22695
17 29 16966
17 30 19217
17 31 28812
17 32 64084
17 33 44175
17 34 37580
17 35 20406
17 36 85498
17 37 2196
17 38 63233
17 39 26341
17 40 65526
17 41 90628
17 42 21196
17 43 10474
17 44 83498
17 45 6504
17 46 28702
17 47 43550
17 48 68925
17 49 93840
17 50 3972
17 51 63677
17 52 28519
17 53 42468
17 54 59582
17 55 42076
17 56 61927
17 57 85404
17 58 30159
17 59 62970
17 60 23760
17 61 26937
17 62 86437
17 63 39105
17 64 42662
17 65 70476
17 66 22931
17 67 62475
17 68 22697
17 69 61195
17 70 17662
17 71 21839
17 72 24810
17 73 85078
17 74 40378
17 75 27941
17 76 86283
17 77 71112
17 78 2061
17 79 47906
17 80 65421
17 81 19864
17 82 85878
17 83 84801
17 84 41498
17 85 88302
17 86 65963
17 87 63360
17 88 4963
17 89 18136
17 90 81509
17 91 9676
17 92 44761
17 93 21035
17 94 62476
17 95 15852
17 96 84099
17 97 5541
17 98 37473
17 99 40184
17 100 87009
17 101 60893
17 102 4139
17 103 89578
17 104 41898
17 105 61944
17 106 21325
17 107 43344
17 108 25543
17 109 5768
17 110 81236
17 111 88001
17 112 69725
17 113 22790
17 114 47328
17 115 13305
17 116 25598
17 117 21147
17 118 21838
17 119 44478
18 19 59184
18 20 35217
18 21 28170
18 22 33363
18 23 30353
18 24 60117
18 25 27339
18 26 36801
18 27 27030
18 28 35026
18 29 32431
18 30 36565
18 31 3395
18 32 41998
18 33 34004
18 34 28349
18 35 34436
18 36 59800
18 37 23739
18 38 40114
18 39 1441
18 40 41680
18 41 65008
18 42 4625
18 43 33351
18 44 57768
18 45 22958
18 46 3393
18 47 31008
18 48 44734
18 49 68191
18 50 22352
18 51 40460
18 52 3082
18 53 31343
18 54 36640
18 55 28106
18 56 38053
18 57 60110
18 58 4752
18 59 38824
18 60 3125
18 61 3747
18 62 60706
18 63 26880
18 64 29682
18 65 46208
18 66 3645
18 67 38038
18 68 37394
18 69 38351
18 70 34946
18 71 37238
18 72 2959
18 73 59543
18 74 31125
18 75 44827
18 76 60545
18 77 47848
18 78 26803
18 79 39315
18 80 41720
18 81 36479
18 82 60667
18 83 59075
18 84 35050
18 85 62569
18 86 42190
18 87 39608
18 88 26589
18 89 34371
18 90 56168
18 91 29249
18 92 33722
18 93 32481
18 94 39113
18 95 35683
18 96 58436
18 97 24799
18 98 26609
18 99 30170
18 100 61355
18 101 37329
18 102 28639
18 103 64012
18 104 31663
18 105 38933
18 106 35893
18 107 30977
18 108 3554
18 109 29235
18 110 55683
18 111 62345
18 112 46023
18 113 39010
18 114 35500
18 115 30883
18 116 36701
18 117 6213
18 118 38055
18 119 33380
19 20 63698
19 21 53552
19 22 92278
19 23 79829
19 24 2691
19 25 52538
19 26 90393
19 27 86068
19 28 85579
19 29 86007
19 30 90058
19 31 55927
19 32 45451
19 33 59997
19 34 61589
19 35 86408
19 36 7253
19 37 82487
19 38 41317
19 39 58896
19 40 37468
19 41 7481
19 42 63808
19 43 92502
19 44 13286
19 45 80601
19 46 56010
19 47 56250
19 48 34881
19 49 10712
19 50 81448
19 51 40817
19 52 56231
19 53 58548
19 54 42764
19 55 54409
19 56 38249
19 57 2143
19 58 54556
19 59 36604
19 60 61709
19 61 59055
19 62 9490
19 63 57452
19 64 55725
19 65 34154
19 66 61691
19 67 35254
19 68 88832
19 69 42809
19 70 88835
19 71 89226
19 72 59798
19 73 2332
19 74 61447
19 75 95948
19 76 10357
19 77 39974
19 78 85847
19 79 63024
19 80 38231
19 81 89520
19 82 3449
19 83 8842
19 84 65805
19 85 10356
19 86 37759
19 87 38435
19 88 85773
19 89 87786
19 90 3282
19 91 88243
19 92 58557
19 93 83459
19 94 40408
19 95 90885
19 96 5726
19 97 82542
19 98 59485
19 99 60349
19 100 5990
19 101 39934
19 102 87759
19 103 5805
19 104 59939
19 105 42002
19 106 87729
19 107 56549
19 108 59058
19 109 88414
19 110 4320
19 111 6516
19 112 37640
19 113 91074
19 114 57126
19 115 86091
19 116 85635
19 117 64803
19 118 90380
19 119 58472
20 21 11206
20 22 48662
20 23 24095
20 24 63101
20 25 12481
20 26 35488
20 27 45237
20 28 28685
20 29 32496
20 30 35122
20 31 33900
20 32 70167
20 33 3702
20 34 6878
20 35 30773
20 36 68061
20 37 41236
20 38 66773
20 39 36559
20 40 66505
20 41 71113
20 42 36166
20 43 53547
20 44 69471
20 45 36599
20 46 33672
20 47 7740
20 48 68160
20 49 74401
20 50 42847
20 51 66876
20 52 33996
20 53 5647
20 54 64160
20 55 10515
20 56 63402
20 57 63420
20 58 33721
20 59 63337
20 60 37545
20 61 38874
20 62 69914
20 63 9240
20 64 8681
20 65 69185
20 66 33080
20 67 61842
20 68 31869
20 69 65783
20 70 34785
20 71 32745
20 72 32453
20 73 65245
20 74 4174
20 75 37086
20 76 70240
20 77 73165
20 78 45141
20 79 4820
20 80 66893
20 81 34174
20 82 63246
20 83 68304
20 84 2409
20 85 71670
20 86 67117
20 87 64993
20 88 47423
20 89 33448
20 90 60474
20 91 52096
20 92 5146
20 93 27775
20 94 65436
20 95 38119
20 96 66126
20 97 37905
20 98 8743
20 99 5328
20 100 68494
20 101 63515
20 102 47210
20 103 69499
20 104 4461
20 105 65974
20 106 31519
20 107 7481
20 108 31683
20 109 48853
20 110 62185
20 111 69383
20 112 70572
20 113 34182
20 114 7055
20 115 34933
20 116 27171
20 117 39190
20 118 33958
20 119 5226
21 22 49324
21 23 28530
21 24 53183
21 25 1294
21 26 40095
21 27 44712
21 28 34036
21 29 36269
21 30 39728
21 31 26055
21 32 59503
21 33 7985
21 34 8145
21 35 35536
21 36 57498
21 37 40537
21 38 55963
21 39 29325
21 40 55523
21 41 60872
21 42 30352
21 43 52953
21 44 58585
21 45 36514
21 46 25860
21 47 3705
21 48 57070
21 49 64195
21 50 41369
21 51 56037
21 52 26227
21 53 5559
21 54 53490
21 55 865
21 56 52500
21 57 53455
21 58 25523
21 59 52364
21 60 30973
21 61 31496
21 62 59270
21 63 4266
21 64 2532
21 65 58066
21 66 26990
21 67 50831
21 68 37389
21 69 55077
21 70 38943
21 71 38040
21 72 25833
21 73 54959
21 74 8027
21 75 43794
21 76 59550
21 77 62166
21 78 44566
21 79 13136
21 80 55936
21 81 38943
21 82 53398
21 83 57636
21 84 12818
21 85 61061
21 86 56137
21 87 54075
21 88 46235
21 89 37680
21 90 50288
21 91 50550
21 92 6927
21 93 32408
21 94 54605
21 95 41837
21 96 55600
21 97 38187
21 98 6411
21 99 6848
21 100 58073
21 101 52695
21 102 46731
21 103 59319
21 104 6828
21 105 55218
21 106 36621
21 107 3878
21 108 24900
21 109 48159
21 110 51735
21 111 58989
21 112 59535
21 113 39748
21 114 7731
21 115 37743
21 116 33376
21 117 33279
21 118 39270
21 119 6646
22 23 26085
22 24 93046
22 25 49330
22 26 19250
22 27 6413
22 28 24643
22 29 18772
22 30 19407
22 31 36468
22 32 70696
22 33 50125
22 34 43663
22 35 22059
22 36 93148
22 37 9813
22 38 70091
22 39 33914
22 40 72542
22 41 98295
22 42 28788
22 43 7147
22 44 91083
22 45 12861
22 46 36362
22 47 49920
22 48 76012
22 49 101502
22 50 11112
22 51 70553
22 52 36173
22 53 48647
22 54 66428
22 55 48709
22 56 68969
22 57 93080
22 58 37819
22 59 70072
22 60 31277
22 61 34394
22 62 94069
22 63 45591
22 64 49129
22 65 77577
22 66 30603
22 67 69651
22 68 23577
22 69 68005
22 70 18271
22 71 22534
22 72 32486
22 73 92752
22 74 46327
22 75 26955
22 76 93906
22 77 77954
22 78 6646
22 79 53421
22 80 72402
22 81 20323
22 82 93552
22 83 92437
22 84 46864
22 85 95932
22 86 72959
22 87 70364
22 88 8204
22 89 19215
22 90 89187
22 91 10162
22 92 50842
22 93 23675
22 94 69395
22 95 15298
22 96 91758
22 97 11137
22 98 43826
22 99 46273
22 100 94670
22 101 67870
22 102 5293
22 103 97250
22 104 47950
22 105 68786
22 106 22530
22 107 49693
22 108 33220
22 109 5918
22 110 88909
22 111 95662
22 112 76684
22 113 22889
22 114 53458
22 115 15163
22 116 27560
22 117 28542
22 118 22112
22 119 50578
23 24 79894
23 25 29076
23 26 11647
23 27 24421
23 28 5751
23 29 8414
23 30 11277
23 31 31509
23 32 72210
23 33 26441
23 34 20949
23 35 7011
23 36 82592
23 37 21230
23 38 70025
23 39 31706
23 40 71150
23 41 86789
23 42 28021
23 43 32124
23 44 82300
23 45 16462
23 46 31276
23 47 27668
23 48 73850
23 49 90134
23 50 23883
23 51 70321
23 52 31375
23 53 25797
23 54 66675
23 55 27719
23 56 67584
23 57 80082
23 58 32307
23 59 68126
23 60 30738
23 61 33678
23 62 84043
23 63 24274
23 64 27347
23 65 75216
23 66 26763
23 67 67085
23 68 9039
23 69 68396
23 70 10734
23 71 9566
23 72 27638
23 73 80892
23 74 22906
23 75 16187
23 76 84135
23 77 77571
23 78 24409
23 79 28559
23 80 71289
23 81 10438
23 82 80223
23 83 82363
23 84 21956
23 85 85913
23 86 71700
23 87 69188
23 88 27354
23 89 9407
23 90 76555
23 91 32105
23 92 27504
23 93 3882
23 94 68926
23 95 14024
23 96 80861
23 97 16903
23 98 22147
23 99 23313
23 100 83586
23 101 67070
23 102 26126
23 103 85407
23 104 24727
23 105 68907
23 106 8113
23 107 27380
23 108 27581
23 109 27916
23 110 77322
23 111 84556
23 112 75509
23 113 11348
23 114 30122
23 115 11224
23 116 6456
23 117 30303
23 118 10781
23 119 27321
24 25 52210
24 26 90609
24 27 86884
24 28 85643
24 29 86254
24 30 90269
24 31 56821
24 32 47886
24 33 59399
24 34 61272
24 35 86548
24 36 9820
24 37 83240
24 38 43704
24 39 59888
24 40 39894
24 41 8850
24 42 64733
24 43 93466
24 44 15963
24 45 81212
24 46 56893
24 47 55754
24 48 37388
24 49 11759
24 50 82294
24 51 43214
24 52 57128
24 53 58057
24 54 45047
24 55 54044
24 56 40559
24 57 596
24 58 55446
24 59 38929
24 60 62715
24 61 60145
24 62 12002
24 63 57162
24 64 55289
24 65 36698
24 66 62511
24 67 37536
24 68 88919
24 69 45145
24 70 89082
24 71 89344
24 72 60607
24 73 4887
24 74 61002
24 75 95960
24 76 12897
24 77 42550
24 78 86666
24 79 62231
24 80 40660
24 81 89703
24 82 801
24 83 11471
24 84 65254
24 85 12688
24 86 40200
24 87 40799
24 88 86687
24 89 88008
24 90 4115
24 91 89273
24 92 57955
24 93 83567
24 94 42763
24 95 91217
24 96 8396
24 97 83154
24 98 59224
24 99 59933
24 100 8286
24 101 42227
24 102 88607
24 103 7047
24 104 59449
24 105 44355
24 106 87850
24 107 56057
24 108 59839
24 109 89310
24 110 6681
24 111 8623
24 112 40181
24 113 91182
24 114 56424
24 115 86455
24 116 85605
24 117 65838
24 118 90511
24 119 57885
25 26 40586
25 27 44597
25 28 34640
25 29 36687
25 30 40221
25 31 25131
25 32 58226
25 33 9279
25 34 9062
25 35 36066
25 36 56400
25 37 40421
25 38 54677
25 39 28463
25 40 54230
25 41 59836
25 42 29668
25 43 52803
25 44 57418
25 45 36491
25 46 24942
25 47 4993
25 48 55777
25 49 63163
25 50 41157
25 51 54750
25 52 25312
25 53 6834
25 54 52213
25 55 1994
25 56 51210
25 57 52474
25 58 24555
25 59 51071
25 60 30188
25 61 30606
25 62 58156
25 63 4992
25 64 3821
25 65 56774
25 66 26292
25 67 49538
25 68 37992
25 69 53798
25 70 39389
25 71 38616
25 72 25074
25 73 53918
25 74 9201
25 75 44503
25 76 58425
25 77 60873
25 78 44446
25 79 14409
25 80 54644
25 81 39457
25 82 52438
25 83 56518
25 84 14048
25 85 59953
25 86 54844
25 87 52784
25 88 46037
25 89 38141
25 90 49269
25 91 50296
25 92 8209
25 93 32944
25 94 53318
25 95 42221
25 96 54511
25 97 38198
25 98 7120
25 99 7989
25 100 57004
25 101 51409
25 102 46614
25 103 58295
25 104 8080
25 105 53935
25 106 37183
25 107 5171
25 108 24126
25 109 48012
25 110 50663
25 111 57925
25 112 58241
25 113 40345
25 114 8893
25 115 38045
25 116 34074
25 117 32566
25 118 39842
25 119 7933
26 27 20536
26 28 6982
26 29 4496
26 30 370
26 31 38784
26 32 78532
26 33 38008
26 34 32595
26 35 4717
26 36 92738
26 37 19169
26 38 76875
26 39 37957
26 40 78474
26 41 97185
26 42 33345
26 43 26283
26 44 91995
26 45 15949
26 46 38581
26 47 39314
26 48 81472
26 49 100516
26 50 22318
26 51 77234
26 52 38580
26 53 37438
26 54 73358
26 55 39297
26 56 74850
26 57 90765
26 58 39838
26 59 75591
26 60 36252
26 61 39508
26 62 94069
26 63 35854
26 64 38979
26 65 82921
26 66 33189
26 67 74740
26 68 4591
26 69 75058
26 70 1875
26 71 3482
26 72 34550
26 73 91332
26 74 34526
26 75 8894
26 76 94098
26 77 84640
26 78 20636
26 79 39774
26 80 78521
26 81 1378
26 82 90976
26 83 92389
26 84 33255
26 85 95950
26 86 78988
26 87 76409
26 88 23837
26 89 2615
26 90 87139
26 91 27972
26 92 39106
26 93 7791
26 94 75899
26 95 3982
26 96 91077
26 97 15005
26 98 33742
26 99 34956
26 100 93865
26 101 74126
26 102 21556
26 103 95871
26 104 36353
26 105 75673
26 106 4149
26 107 39026
26 108 34793
26 109 23244
26 110 87676
26 111 94846
26 112 82821
26 113 3678
26 114 41710
26 115 6463
26 116 9379
26 117 34843
26 118 2862
26 119 38932
27 28 24433
27 29 18623
27 30 20580
27 31 30182
27 32 64515
27 33 46313
27 34 39714
27 35 22074
27 36 86829
27 37 4176
27 38 63810
27 39 27542
27 40 66207
27 41 92014
27 42 22434
27 43 8336
27 44 84704
27 45 8647
27 46 30085
27 47 45662
27 48 69656
27 49 95209
27 50 4707
27 51 64266
27 52 29883
27 53 44595
27 54 60150
27 55 44158
27 56 62625
27 57 86907
27 58 31542
27 59 63711
27 60 24884
27 61 27986
27 62 87727
27 63 41207
27 64 44764
27 65 71217
27 66 24378
27 67 63271
27 68 24239
27 69 61742
27 70 19091
27 71 23337
27 72 26278
27 73 86503
27 74 42517
27 75 29130
27 76 87555
27 77 71681
27 78 234
27 79 50051
27 80 66078
27 81 21292
27 82 87403
27 83 86099
27 84 43642
27 85 89587
27 86 66630
27 87 64032
27 88 3301
27 89 19668
27 90 82998
27 91 7756
27 92 46894
27 93 22876
27 94 63092
27 95 16991
27 96 85458
27 97 7602
27 98 39589
27 99 42317
27 100 88374
27 101 61546
27 102 2020
27 103 90991
27 104 44032
27 105 62510
27 106 22917
27 107 45458
27 108 27050
27 109 3626
27 110 82653
27 111 89365
27 112 70368
27 113 24174
27 114 49456
27 115 14909
27 116 27357
27 117 22131
27 118 23250
27 119 46609
28 29 5910
28 30 6636
28 31 36477
28 32 77018
28 33 31351
28 34 26262
28 35 2625
28 36 88323
28 37 22009
28 38 74997
28 39 36321
28 40 76267
28 41 92536
28 42 32246
28 43 31319
28 44 87978
28 45 17721
28 46 36252
28 47 32944
28 48 79058
28 49 95881
28 50 24998
28 51 75313
28 52 36318
28 53 30969
28 54 71588
28 55 33210
28 56 72678
28 57 85831
28 58 37364
28 59 73280
28 60 35070
28 61 38157
28 62 89763
28 63 29771
28 64 32720
28 65 80448
28 66 31388
28 67 72292
28 68 3353
28 69 73306
28 70 6851
28 71 4081
28 72 32447
28 73 86640
28 74 27983
28 75 10484
28 76 89849
28 77 82622
28 78 24476
28 79 32880
28 80 76380
28 81 5613
28 82 85970
28 83 88083
28 84 26411
28 85 91635
28 86 76808
28 87 74272
28 88 27628
28 89 5626
28 90 82306
28 91 32171
28 92 32506
28 93 2545
28 94 73935
28 95 10374
28 96 86597
28 97 17522
28 98 27629
28 99 28510
28 100 89327
28 101 72101
28 102 25848
28 103 91156
28 104 29820
28 105 73851
28 106 2862
28 107 32648
28 108 32494
28 109 27630
28 110 83066
28 111 90298
28 112 80629
28 113 5712
28 114 35076
28 115 9639
28 116 2943
28 117 34251
28 118 5312
28 119 32351
29 30 4209
29 31 34344
29 32 74264
29 33 34756
29 34 29025
29 35 3451
29 36 88289
29 37 16474
29 38 72535
29 39 33614
29 40 74082
29 41 92767
29 42 29096
29 43 25408
29 44 87511
29 45 12571
29 46 34139
29 47 35733
29 48 77052
29 49 96096
29 50 19552
29 51 72887
29 52 34146
29 53 33964
29 54 69035
29 55 35493
29 56 70461
29 57 86404
29 58 35383
29 59 71182
29 60 31994
29 61 35224
29 62 89607
29 63 32067
29 64 35305
29 65 78494
29 66 28806
29 67 70313
29 68 5910
29 69 70740
29 70 2828
29 71 5277
29 72 30128
29 73 86923
29 74 31153
29 75 12632
29 76 89631
29 77 80279
29 78 18678
29 79 36972
29 80 74138
29 81 4053
29 82 86631
29 83 87928
29 84 30369
29 85 91489
29 86 74599
29 87 72025
29 88 21857
29 89 1944
29 90 82757
29 91 26334
29 92 35772
29 93 5095
29 94 71543
29 95 5657
29 96 86636
29 97 12040
29 98 29991
29 99 31476
29 100 89431
29 101 69759
29 102 19979
29 103 91464
29 104 32954
29 105 71342
29 106 4425
29 107 35455
29 108 30348
29 109 21754
29 110 83255
29 111 90414
29 112 78433
29 113 6788
29 114 38405
29 115 3741
29 116 8852
29 117 30728
29 118 5781
29 119 35575
30 31 38528
30 32 78322
30 33 37639
30 34 32225
30 35 4350
30 36 92416
30 37 19140
30 38 76648
30 39 37728
30 40 78234
30 41 96855
30 42 33135
30 43 26419
30 44 91686
30 45 15845
30 46 38324
30 47 38945
30 48 81223
30 49 100188
30 50 22287
30 51 77006
30 52 38326
30 53 37068
30 54 73135
30 55 38930
30 56 74610
30 57 90427
30 58 39576
30 59 75346
30 60 36041
30 61 39292
30 62 93750
30 63 35487
30 64 38611
30 65 82670
30 66 32950
30 67 74489
30 68 4331
30 69 74837
30 70 1711
30 71 3228
30 72 34300
30 73 91001
30 74 34156
30 75 8975
30 76 93782
30 77 84408
30 78 20676
30 79 39412
30 80 78283
30 81 1056
30 82 90636
30 83 92071
30 84 32891
30 85 95631
30 86 78749
30 87 76171
30 88 23880
30 89 2299
30 90 86803
30 91 28049
30 92 38737
30 93 7421
30 94 75669
30 95 4184
30 96 90753
30 97 14941
30 98 33374
30 99 34587
30 100 93539
30 101 73893
30 102 21630
30 103 95539
30 104 35983
30 105 75449
30 106 3814
30 107 38657
30 108 34535
30 109 23328
30 110 87347
30 111 94520
30 112 82582
30 113 3597
30 114 41341
30 115 6357
30 116 9067
30 117 34658
30 118 2720
30 119 38562
31 32 40726
31 33 32377
31 34 27105
31 35 36106
31 36 56687
31 37 26761
31 38 38534
31 39 3773
31 40 39824
31 41 61834
31 42 7932
31 43 36671
31 44 54820
31 45 25627
31 46 248
31 47 29108
31 48 42720
31 49 65036
31 50 25534
31 51 38843
31 52 314
31 53 29658
31 54 35166
31 55 26076
31 56 36221
31 57 56822
31 58 1377
31 59 36877
31 60 6411
31 61 5561
31 62 57644
31 63 25202
31 64 27758
31 65 44154
31 66 5981
31 67 35974
31 68 39032
31 69 36887
31 70 36955
31 71 38960
31 72 4291
31 73 56327
31 74 29748
31 75 46527
31 76 57506
31 77 46146
31 78 29959
31 79 37770
31 80 39918
31 81 38364
31 82 57363
31 83 56003
31 84 33954
31 85 59513
31 86 40356
31 87 37808
31 88 29866
31 89 36288
31 90 52889
31 91 32616
31 92 31969
31 93 33944
31 94 37460
31 95 37940
31 96 55290
31 97 27512
31 98 25180
31 99 28711
31 100 58203
31 101 35624
31 102 31840
31 103 60810
31 104 30109
31 105 37405
31 106 37568
31 107 29107
31 108 4004
31 109 32493
31 110 52473
31 111 59194
31 112 44184
31 113 40773
31 114 33575
31 115 33082
31 116 37939
31 117 9571
31 118 39845
31 119 31629
32 33 67413
32 34 64292
32 35 76410
32 36 40787
32 37 62624
32 38 4516
32 39 40730
32 40 7995
32 41 46564
32 42 45188
32 43 67511
32 44 34973
32 45 63537
32 46 40963
32 47 63205
32 48 10900
32 49 48391
32 50 60126
32 51 4863
32 52 40848
32 53 64761
32 54 6013
32 55 60001
32 56 8412
32 57 47466
32 58 40028
32 59 9625
32 60 42281
32 61 39041
32 62 39977
32 63 60967
32 64 61948
32 65 12072
32 66 45640
32 67 11376
32 68 79375
32 69 4474
32 70 76660
32 71 79185
32 72 44597
32 73 44079
32 74 66174
32 75 86771
32 76 39222
32 77 8393
32 78 64286
32 79 72635
32 80 7227
32 81 78317
32 82 48686
32 83 39095
32 84 71072
32 85 41158
32 86 7694
32 87 7482
32 88 62567
32 89 76190
32 90 44302
32 91 62644
32 92 66429
32 93 74474
32 94 5832
32 95 76977
32 96 40876
32 97 65126
32 98 61930
32 99 64924
32 100 43121
32 101 7374
32 102 65406
32 103 46785
32 104 65750
32 105 4591
32 106 77863
32 107 63359
32 108 44629
32 109 65135
32 110 41209
32 111 43799
32 112 8948
32 113 80931
32 114 66859
32 115 72360
32 116 78618
32 117 43874
32 118 79960
32 119 66144
33 34 6651
33 35 33296
33 36 64385
33 37 42228
33 38 63914
33 39 35289
33 40 63506
33 41 67414
33 42 35407
33 43 54648
33 44 65854
33 45 37742
33 46 32159
33 47 4317
33 48 65051
33 49 70701
33 50 43604
33 51 63996
33 52 32502
33 53 2762
33 54 61400
33 55 7420
33 56 60471
33 57 59718
33 58 32060
33 59 60345
33 60 36526
33 61 37567
33 62 66247
33 63 7176
33 64 5481
33 65 66040
33 66 32191
33 67 58816
33 68 34609
33 69 62999
33 70 37175
33 71 35431
33 72 31368
33 73 61549
33 74 3803
33 75 40161
33 76 66581
33 77 70150
33 78 46201
33 79 5445
33 80 63917
33 81 36728
33 82 59545
33 83 64641
33 84 5939
33 85 67998
33 86 64120
33 87 62050
33 88 48304
33 89 35847
33 90 56774
33 91 52889
33 92 1446
33 93 30230
33 94 62561
33 95 40410
33 96 62447
33 97 39174
33 98 7555
33 99 4140
33 100 64805
33 101 60649
33 102 48313
33 103 65798
33 104 2435
33 105 63155
33 106 34143
33 107 4112
33 108 30530
33 109 49899
33 110 58500
33 111 65692
33 112 67520
33 113 36951
33 114 3736
33 115 36937
33 116 30053
33 117 38423
33 118 36658
33 119 1538
34 35 27944
34 36 65354
34 37 35613
34 38 61073
34 39 29698
34 40 61060
34 41 68870
34 42 29314
34 43 48049
34 44 66176
34 45 31172
34 46 26873
34 47 6721
34 48 62942
34 49 72202
34 50 36956
34 51 61211
34 52 27190
34 53 5024
34 54 58311
34 55 7281
34 56 57839
34 57 61536
34 58 26980
34 59 57890
34 60 30666
34 61 32016
34 62 67073
34 63 4164
34 64 6476
34 65 64049
34 66 26208
34 67 56469
34 68 29600
34 69 59965
34 70 31586
34 71 30316
34 72 25576
34 73 62949
34 74 2980
34 75 35785
34 76 67318
34 77 67730
34 78 39598
34 79 11286
34 80 61404
34 81 31381
34 82 61500
34 83 65426
34 84 6936
34 85 68884
34 86 61665
34 87 59448
34 88 41667
34 89 30285
34 90 58318
34 91 46242
34 92 7191
34 93 24822
34 94 59766
34 95 34669
34 96 63480
34 97 32648
34 98 2426
34 99 2612
34 100 66003
34 101 57839
34 102 41719
34 103 67339
34 104 4319
34 105 60212
34 106 28939
34 107 6436
34 108 24810
34 109 43289
34 110 59661
34 111 66930
34 112 65220
34 113 31964
34 114 9795
34 115 30910
34 116 25404
34 117 32338
34 118 31550
34 119 6918
35 36 88956
35 37 19860
35 38 74527
35 39 35682
35 40 75928
35 41 93285
35 42 31385
35 43 28790
35 44 88424
35 45 15790
35 46 35890
35 47 34659
35 48 78804
35 49 96624
35 50 22911
35 51 74860
35 52 35929
35 53 32758
35 54 71073
35 55 34727
35 56 72322
35 57 86721
35 58 37065
35 59 72980
35 60 34253
35 61 37416
35 62 90344
35 63 31282
35 64 34355
35 65 80220
35 66 30791
35 67 72047
35 68 2973
35 69 72785
35 70 4276
35 71 2904
35 72 31977
35 73 87408
35 74 29830
35 75 10421
35 76 90404
35 77 82213
35 78 22128
35 79 35077
35 80 76015
35 81 3441
35 82 86896
35 83 88664
35 84 28546
35 85 92222
35 86 76459
35 87 73903
35 88 25305
35 89 3012
35 90 83142
35 91 29783
35 92 34402
35 93 3129
35 94 73497
35 95 7805
35 96 87261
35 97 15398
35 98 29157
35 99 30280
35 100 90020
35 101 71686
35 102 23422
35 103 91937
35 104 31659
35 105 73358
35 106 1462
35 107 34369
35 108 32104
35 109 25195
35 110 83792
35 111 90996
35 112 80288
35 113 4772
35 114 37002
35 115 7183
35 116 5502
35 117 33215
35 118 3982
35 119 34231
36 37 83444
36 38 36944
36 39 59341
36 40 32951
36 41 5941
36 42 64403
36 43 92815
36 44 6487
36 45 81956
36 46 56799
36 47 60448
36 48 29942
36 49 8611
36 50 82149
36 51 36403
36 52 56979
36 53 62719
36 54 38876
36 55 58336
36 56 34304
36 57 9227
36 58 55344
36 59 32611
36 60 62087
36 61 59215
36 62 2289
36 63 61190
36 64 59797
36 65 28994
36 66 62602
36 67 31497
36 68 91504
36 69 38666
36 70 91105
36 71 91819
36 72 60757
36 73 4942
36 74 65500
36 75 98776
36 76 3110
36 77 34533
36 78 86603
36 79 67799
36 80 33684
36 81 91947
36 82 10474
36 83 1821
36 84 70059
36 85 3673
36 86 33151
36 87 34222
36 88 86261
36 89 90123
36 90 9093
36 91 88381
36 92 62965
36 93 86098
36 94 36208
36 95 92931
36 96 2010
36 97 83885
36 98 63140
36 99 64344
36 100 2341
36 101 36034
36 102 88424
36 103 6005
36 104 64098
36 105 37790
36 106 90322
36 107 60737
36 108 60103
36 109 88939
36 110 6075
36 111 3056
36 112 32453
36 113 93684
36 114 61750
36 115 88075
36 116 88603
36 117 65072
36 118 92938
36 119 62849
37 38 61662
37 39 24389
37 40 63876
37 41 88549
37 42 19234
37 43 12461
37 44 81508
37 45 4861
37 46 26646
37 47 41512
37 48 67237
37 49 91768
37 50 3151
37 51 62096
37 52 26472
37 53 40472
37 54 58020
37 55 39986
37 56 60267
37 57 83277
37 58 28100
37 59 61278
37 60 21862
37 61 25080
37 62 84403
37 63 37047
37 64 40604
37 65 68780
37 66 20850
37 67 60745
37 68 22329
37 69 59648
37 70 17511
37 71 21545
37 72 22718
37 73 82982
37 74 38438
37 75 28025
37 76 84258
37 77 69541
37 78 4029
37 79 46054
37 80 63788
37 81 19689
37 82 83744
37 83 82764
37 84 39696
37 85 86271
37 86 64323
37 87 61717
37 88 6291
37 89 17828
37 90 79389
37 91 11076
37 92 42784
37 93 20173
37 94 60876
37 95 16112
37 96 82032
37 97 4489
37 98 35446
37 99 38212
37 100 84940
37 101 59266
37 102 6194
37 103 87487
37 104 39931
37 105 60381
37 106 20891
37 107 41310
37 108 23432
37 109 7680
37 110 79144
37 111 85932
37 112 68100
37 113 22650
37 114 45336
37 115 12963
37 116 24860
37 117 19355
37 118 21668
37 119 42496
38 39 38922
38 40 4043
38 41 42792
38 42 43615
38 43 67330
38 44 31347
38 45 62239
38 46 38763
38 47 59668
38 48 7648
38 49 44776
38 50 59310
38 51 592
38 52 38684
38 53 61300
38 54 3665
38 55 56494
38 56 3943
38 57 43302
38 58 37721
38 59 5113
38 60 40710
38 61 37414
38 62 36274
38 63 57625
38 64 58436
38 65 9112
38 66 43752
38 67 6860
38 68 77476
38 69 2245
38 70 75011
38 71 77344
38 72 42565
38 73 40031
38 74 62840
38 75 84931
38 76 35559
38 77 7879
38 78 63578
38 79 69068
38 80 3379
38 81 76586
38 82 44503
38 83 35298
38 84 67776
38 85 37552
38 86 3993
38 87 2993
38 88 62055
38 89 74472
38 90 40049
38 91 62477
38 92 62886
38 93 72459
38 94 1411
38 95 75523
38 96 36916
38 97 63900
38 98 58686
38 99 61579
38 100 39263
38 101 3269
38 102 64824
38 103 42917
38 104 62333
38 105 1330
38 106 75986
38 107 59834
38 108 42505
38 109 64676
38 110 37044
38 111 39981
38 112 6879
38 113 79123
38 114 63205
38 115 70821
38 116 76465
38 117 42574
38 118 78168
38 119 62609
39 40 40567
39 41 64612
39 42 5156
39 43 33608
39 44 57170
39 45 23853
39 46 3864
39 47 32226
39 48 43671
39 49 67772
39 50 22843
39 51 39278
39 52 3491
39 53 32613
39 54 35424
39 55 29286
39 56 36936
39 57 59867
39 58 4975
39 59 37745
39 60 2841
39 61 2332
39 62 60200
39 63 28148
39 64 30892
39 65 45158
39 66 4946
39 67 37000
39 68 38646
39 69 37131
39 70 36096
39 71 38468
39 72 4399
39 73 59200
39 74 32455
39 75 46056
39 76 60018
39 77 46683
39 78 27314
39 79 40619
39 80 40591
39 81 37666
39 82 60452
39 83 58579
39 84 36424
39 85 62056
39 86 41069
39 87 38480
39 88 26936
39 89 35551
39 90 55912
39 91 29391
39 92 34978
39 93 33776
39 94 37942
39 95 36744
39 96 58013
39 97 25663
39 98 27925
39 99 31485
39 100 60936
39 101 36175
39 102 29091
39 103 63649
39 104 32961
39 105 37728
39 106 37136
39 107 32203
39 108 4955
39 109 29606
39 110 55334
39 111 61924
39 112 44901
39 113 40228
39 114 36715
39 115 31973
39 116 38034
39 117 6022
39 118 39266
39 119 34637
40 41 38782
40 42 45428
40 43 70075
40 44 27311
40 45 64187
40 46 40042
40 47 59218
40 48 3811
40 49 40741
40 50 61641
40 51 3475
40 52 40000
40 53 60955
40 54 6925
40 55 56103
40 56 3633
40 57 39477
40 58 38904
40 59 3171
40 60 42546
40 61 39233
40 62 32248
40 63 57461
40 64 58029
40 65 5383
40 66 45285
40 67 4745
40 68 78855
40 69 6056
40 70 76623
40 71 78777
40 72 43973
40 73 36125
40 74 62667
40 75 86349
40 76 31528
40 77 6670
40 78 65974
40 79 68545
40 80 772
40 81 78121
40 82 40694
40 83 31291
40 84 67637
40 85 33515
40 86 616
40 87 2186
40 88 64594
40 89 76024
40 90 36309
40 91 65245
40 92 62415
40 93 73743
40 94 3702
40 95 77303
40 96 32965
40 97 65901
40 98 58649
40 99 61396
40 100 35274
40 101 4728
40 102 67306
40 103 38933
40 104 62047
40 105 5098
40 106 77390
40 107 59401
40 108 43825
40 109 67243
40 110 33219
40 111 35982
40 112 4362
40 113 80582
40 114 62567
40 115 72540
40 116 77605
40 117 44619
40 118 79645
40 119 62152
41 42 69627
41 43 98169
41 44 11728
41 45 86888
41 46 61935
41 47 63630
41 48 35684
41 49 3347
41 50 87354
41 51 42244
41 52 62132
41 53 65924
41 54 44787
41 55 61725
41 56 40215
41 57 8345
41 58 60478
41 59 38520
41 60 67387
41 61 64585
41 62 6649
41 63 64722
41 64 63077
41 65 34672
41 66 67700
41 67 37426
41 68 95763
41 69 44546
41 70 95591
41 71 96124
41 72 65832
41 73 5927
41 74 68800
41 75 102945
41 76 7495
41 77 40068
41 78 91790
41 79 70491
41 80 39507
41 81 96347
41 82 9113
41 83 7496
41 84 73202
41 85 5960
41 86 38962
41 87 40101
41 88 91548
41 89 94572
41 90 10644
41 91 93791
41 92 65977
41 93 90372
41 94 42085
41 95 97539
41 96 6697
41 97 88825
41 98 66734
41 99 67688
41 100 3807
41 101 41947
41 102 93647
41 103 1806
41 104 67314
41 105 43662
41 106 94626
41 107 63926
41 108 65141
41 109 94215
41 110 9517
41 111 2903
41 112 38102
41 113 97980
41 114 64575
41 115 92711
41 116 92679
41 117 70415
41 118 97265
41 119 65886
42 43 28743
42 44 62304
42 45 18808
42 46 7882
42 47 32840
42 48 48609
42 49 72805
42 50 17747
42 51 43995
42 52 7621
42 53 32865
42 54 40063
42 55 30167
42 56 41796
42 57 64728
42 58 9308
42 59 42665
42 60 2909
42 61 6204
42 62 65292
42 63 28475
42 64 31568
42 65 50114
42 66 3387
42 67 41980
42 68 34357
42 69 41753
42 70 31472
42 71 34095
42 72 4952
42 73 64168
42 74 32220
42 75 41660
42 76 65122
42 77 51431
42 78 22207
42 79 40536
42 80 45420
42 81 33145
42 82 65280
42 83 63665
42 84 35692
42 85 67152
42 86 45916
42 87 43316
42 88 21966
42 89 31014
42 90 60788
42 91 24696
42 92 35306
42 93 29716
42 94 42689
42 95 31911
42 96 63049
42 97 20585
42 98 27866
42 99 31396
42 100 65969
42 101 40962
42 102 24024
42 103 68635
42 104 32998
42 105 42392
42 106 32822
42 107 32768
42 108 5953
42 109 24610
42 110 60307
42 111 66959
42 112 49739
42 113 35806
42 114 37308
42 115 27212
42 116 34177
42 117 3025
42 118 34823
42 119 34966
43 44 90280
43 45 16948
43 46 36611
43 47 53972
43 48 73676
43 49 101300
43 50 11832
43 51 67826
43 52 36360
43 53 52925
43 54 63673
43 55 52416
43 56 66583
43 57 93455
43 58 38047
43 59 67808
43 60 30803
43 61 33600
43 62 93573
43 63 49503
43 64 53059
43 65 75263
43 66 31186
43 67 67562
43 68 30507
43 69 65174
43 70 25195
43 71 29491
43 72 33101
43 73 92799
43 74 50852
43 75 34101
43 76 93341
43 77 75115
43 78 8452
43 79 58357
43 80 69864
43 81 27301
43 82 94018
43 83 91977
43 84 51922
43 85 95410
43 86 70448
43 87 67890
43 88 6987
43 89 26051
43 90 89507
43 91 4867
43 92 55228
43 93 30112
43 94 66756
43 95 22365
43 96 91541
43 97 15721
43 98 47907
43 99 50652
43 100 94468
43 101 65355
43 102 6340
43 103 97235
43 104 52367
43 105 66006
43 106 29379
43 107 53771
43 108 33965
43 109 4795
43 110 88931
43 111 95453
43 112 74075
43 113 29943
43 114 57788
43 115 21697
43 116 34259
43 117 27755
43 118 29136
43 119 54942
44 45 80376
44 46 54957
44 47 61758
44 48 24073
44 49 13432
44 50 80000
44 51 30785
44 52 55098
44 53 63978
44 54 33581
44 55 59395
44 56 29038
44 57 15389
44 58 53521
44 59 27341
44 60 59827
44 61 56801
44 62 5079
44 63 62028
44 64 60985
44 65 23001
44 66 60796
44 67 26425
44 68 91075
44 69 33200
44 70 90301
44 71 91314
44 72 59013
44 73 11129
44 74 66610
44 75 98462
44 76 4262
44 77 28341
44 78 84475
44 79 69649
44 80 28015
44 81 91285
44 82 16681
44 83 4669
44 84 71338
44 85 6205
44 86 27449
44 87 28769
44 88 83906
44 89 89387
44 90 14228
44 91 85722
44 92 64467
44 93 85668
44 94 30735
44 95 91911
44 96 7568
44 97 82284
44 98 63875
44 99 65408
44 100 8727
44 101 30772
44 102 86208
44 103 12277
44 104 65332
44 105 32288
44 106 89823
44 107 62033
44 108 58443
44 109 86603
44 110 10535
44 111 9173
44 112 26408
44 113 93186
44 114 63491
44 115 87025
44 116 88473
44 117 62689
44 118 92394
44 119 64319
45 46 25474
45 47 37253
45 48 67406
45 49 90150
45 50 7438
45 51 62640
45 52 25364
45 53 36096
45 54 58642
45 55 35917
45 56 60556
45 57 81282
45 58 26888
45 59 61456
45 60 21657
45 61 24969
45 62 83029
45 63 32858
45 64 36410
45 65 68915
45 66 19654
45 67 60787
45 68 18477
45 69 60310
45 70 14142
45 71 17821
45 72 21381
45 73 81221
45 74 33941
45 75 24818
45 76 82936
45 77 70091
45 78 8562
45 79 41411
45 80 64157
45 81 16206
45 82 81682
45 83 81371
45 84 34995
45 85 84907
45 86 64664
45 87 62060
45 88 11140
45 89 14177
45 90 77447
45 91 15929
45 92 38362
45 93 15700
45 94 61363
45 95 13600
45 96 80465
45 97 1941
45 98 31161
45 99 33782
45 100 83349
45 101 59674
45 102 10610
45 103 85752
45 104 35488
45 105 60990
45 106 16966
45 107 37038
45 108 21934
45 109 12271
45 110 77418
45 111 84342
45 112 68479
45 113 19154
45 114 40945
45 115 9489
45 116 20480
45 117 19681
45 118 18144
45 119 38083
46 47 28902
46 48 42931
46 49 65140
46 50 25444
46 51 39070
46 52 382
46 53 29443
46 54 35398
46 55 25877
46 56 36441
46 57 56897
46 58 1457
46 59 37091
46 60 6448
46 61 5719
46 62 57764
46 63 24985
46 64 27553
46 65 44363
46 66 5840
46 67 36183
46 68 38814
46 69 37119
46 70 36754
46 71 38746
46 72 4116
46 73 56419
46 74 29521
46 75 46311
46 76 57630
46 77 46370
46 78 29862
46 79 37549
46 80 40138
46 81 38156
46 82 57433
46 83 56122
46 84 33719
46 85 59634
46 86 40576
46 87 38028
46 88 29795
46 89 36082
46 90 52967
46 91 32575
46 92 31757
46 93 33720
46 94 37686
46 95 37754
46 96 55397
46 97 27362
46 98 24953
46 99 28487
46 100 58308
46 101 35849
46 102 31752
46 103 60906
46 104 29888
46 105 37635
46 106 37352
46 107 28899
46 108 3793
46 109 32417
46 110 52568
46 111 59300
46 112 44403
46 113 40560
46 114 33371
46 115 32893
46 116 37708
46 117 9592
46 118 39633
46 119 31417
47 48 60741
47 49 66934
47 50 42599
47 51 59742
47 52 29259
47 53 2304
47 54 57192
47 55 3256
47 56 56202
47 57 56052
47 58 28672
47 59 56060
47 60 33693
47 61 34452
47 62 62273
47 63 4562
47 64 1363
47 65 61726
47 66 29529
47 67 54522
47 68 36273
47 69 58781
47 70 38304
47 71 37007
47 72 28522
47 73 57739
47 74 5342
47 75 42310
47 76 62584
47 77 65858
47 78 45531
47 79 9442
47 80 59634
47 81 38098
47 82 55931
47 83 60654
47 84 9612
47 85 64041
47 86 59832
47 87 57776
47 88 47406
47 89 37004
47 90 53006
47 91 51859
47 92 3225
47 93 31539
47 94 58310
47 95 41371
47 96 58526
47 97 38823
47 98 6095
47 99 4495
47 100 60935
47 101 56401
47 102 47679
47 103 62041
47 104 3695
47 105 58923
47 106 35641
47 107 311
47 108 27629
47 109 49185
47 110 54611
47 111 61835
47 112 63220
47 113 38636
47 114 4493
47 115 37544
47 116 31985
47 117 35819
47 118 38242
47 119 2941
48 49 37491
48 50 65063
48 51 7056
48 52 42911
48 53 62562
48 54 10736
48 55 57688
48 56 7095
48 57 36941
48 58 41739
48 59 5959
48 60 45749
48 61 42437
48 62 29085
48 63 59232
48 64 59593
48 65 1597
48 66 48306
48 67 6766
48 68 81713
48 69 9789
48 70 79630
48 71 81669
48 72 46925
48 73 33395
48 74 64413
48 75 89223
48 76 28324
48 77 5952
48 78 69423
48 79 69974
48 80 4309
48 81 81079
48 82 38189
48 83 28231
48 84 69397
48 85 30258
48 86 3675
48 87 5911
48 88 68110
48 89 78995
48 90 33976
48 91 68856
48 92 63909
48 93 76545
48 94 7503
48 95 80410
48 96 30112
48 97 69146
48 98 60520
48 99 63137
48 100 32280
48 101 8452
48 102 70793
48 103 35946
48 104 63700
48 105 8824
48 106 80265
48 107 60939
48 108 46723
48 109 70770
48 110 30711
48 111 32938
48 112 3095
48 113 83488
48 114 63913
48 115 75616
48 116 80306
48 117 47926
48 118 82564
48 119 63658
49 50 90542
49 51 44215
49 52 65332
49 53 69231
49 54 46948
49 55 65049
49 56 42389
49 57 11312
49 58 63683
49 59 40689
49 60 70536
49 61 67705
49 62 8578
49 63 68055
49 64 66391
49 65 36384
49 66 70918
49 67 39690
49 68 99105
49 69 46611
49 70 98920
49 71 99465
49 72 69055
49 73 9271
49 74 72115
49 75 106291
49 76 9228
49 77 41559
49 78 94984
49 79 73730
49 80 41447
49 81 99682
49 82 11890
49 83 9839
49 84 76500
49 85 7234
49 86 40881
49 87 42173
49 88 94706
49 89 97904
49 90 13930
49 91 96895
49 92 69262
49 93 93714
49 94 44146
49 95 100855
49 96 9760
49 97 92086
49 98 70070
49 99 71007
49 100 6836
49 101 44123
49 102 96829
49 103 4907
49 104 70621
49 105 45705
49 106 97967
49 107 67232
49 108 68375
49 109 97378
49 110 12841
49 111 5848
49 112 39755
49 113 101321
49 114 67837
49 115 96024
49 116 96026
49 117 73547
49 118 100604
49 119 69175
50 51 59757
50 52 25233
50 53 41706
50 54 55656
50 55 40869
50 56 58049
50 57 82310
50 58 26900
50 59 59112
50 60 20178
50 61 23282
50 62 83036
50 63 38077
50 64 41621
50 65 66619
50 66 19786
50 67 58645
50 68 25429
50 69 57263
50 70 20653
50 71 24662
50 72 21696
50 73 81861
50 74 39844
50 75 31176
50 76 82860
50 77 67187
50 78 4476
50 79 47663
50 80 61526
50 81 22827
50 82 82821
50 83 81411
50 84 41431
50 85 84895
50 86 62073
50 87 59471
50 88 4898
50 89 20947
50 90 78392
50 91 9286
50 92 44071
50 93 23077
50 94 58566
50 95 19246
50 96 80788
50 97 7514
50 98 36596
50 99 39528
50 100 83706
50 101 56996
50 102 6313
50 103 86342
50 104 41258
50 105 58017
50 106 23975
50 107 42415
50 108 22497
50 109 7188
50 110 78007
50 111 84696
50 112 65826
50 113 25790
50 114 46572
50 115 16087
50 116 27815
50 117 17433
50 118 24805
50 119 43771
51 52 38996
51 53 61390
51 54 4153
51 55 56576
51 56 3775
51 57 42808
51 58 38015
51 59 4786
51 60 41091
51 61 37792
51 62 35719
51 63 57740
51 64 58516
51 65 8520
51 66 44095
51 67 6563
51 68 77807
51 69 2815
51 70 75372
51 71 77682
51 72 42891
51 73 39516
51 74 62956
51 75 85268
51 76 35001
51 77 7454
51 78 64034
51 79 69134
51 80 2796
51 81 76937
51 82 44013
51 83 34751
51 84 67897
51 85 36990
51 86 3405
51 87 2627
51 88 62527
51 89 74825
51 90 39574
51 91 62975
51 92 62958
51 93 72777
51 94 1445
51 95 75905
51 96 36388
51 97 64308
51 98 58820
51 99 61693
51 100 38723
51 101 3373
51 102 65290
51 103 42379
51 104 62432
51 105 1875
51 106 76320
51 107 59911
51 108 42820
51 109 65151
51 110 36549
51 111 39438
51 112 6331
51 113 79464
51 114 63253
51 115 71195
51 116 76765
51 117 42982
51 118 78512
51 119 62683
52 53 29788
52 54 35305
52 55 26239
52 56 36394
52 57 57129
52 58 1688
52 59 37061
52 60 6105
52 61 5339
52 62 57932
52 63 25329
52 64 27911
52 65 44349
52 66 5712
52 67 36169
52 68 38858
52 69 37026
52 70 36749
52 71 38779
52 72 4057
52 73 56628
52 74 29848
52 75 46349
52 76 57792
52 77 46309
52 78 29660
52 79 37888
52 80 40089
52 81 38168
52 82 57672
52 83 56292
52 84 34028
52 85 59800
52 86 40530
52 87 37978
52 88 29559
52 89 36089
52 90 53196
52 91 32303
52 92 32107
52 93 33783
52 94 37616
52 95 37714
52 96 55585
52 97 27246
52 98 25282
52 99 28818
52 100 58499
52 101 35785
52 102 31538
52 103 61110
52 104 30226
52 105 37549
52 106 37390
52 107 29255
52 108 3827
52 109 32187
52 110 52774
52 111 59490
52 112 44359
52 113 40588
52 114 33730
52 115 32859
52 116 37800
52 117 9261
52 118 39658
52 119 31766
53 54 58750
53 55 4879
53 56 57887
53 57 58355
53 58 29323
53 59 57790
53 60 33908
53 61 34881
53 62 64535
53 63 4466
53 64 3040
53 65 63575
53 66 29617
53 67 56278
53 68 34281
53 69 60357
53 70 36486
53 71 35043
53 72 28741
53 73 60032
53 74 3098
53 75 40195
53 76 64839
53 77 67608
53 78 44473
53 79 8207
53 80 61355
53 81 36199
53 82 58235
53 83 62913
53 84 7361
53 85 66308
53 86 61568
53 87 59472
53 88 46464
53 89 35175
53 90 55303
53 91 50988
53 92 2460
53 93 29649
53 94 59953
53 95 39616
53 96 60801
53 97 37605
53 98 5193
53 99 2488
53 100 63219
53 101 58037
53 102 46606
53 103 64338
53 104 1392
53 105 60526
53 106 33698
53 107 2001
53 108 27889
53 109 48152
53 110 56893
53 111 64121
53 112 64998
53 113 36641
53 114 4868
53 115 35915
53 116 29914
53 117 35873
53 118 36277
53 119 2128
54 55 53988
54 56 4572
54 57 44679
54 58 34399
54 59 6267
54 60 37155
54 61 33868
54 62 38386
54 63 54965
54 64 55935
54 65 12295
54 66 40283
54 67 7512
54 68 74028
54 69 1722
54 70 71492
54 71 73878
54 72 39142
54 73 41638
54 74 60175
54 75 81467
54 76 37722
54 77 11531
54 78 59919
54 79 66622
54 80 6485
54 81 73088
54 82 45837
54 83 37301
54 84 65078
54 85 39768
54 86 7117
54 87 4963
54 88 58391
54 89 70970
54 90 41251
54 91 58822
54 92 60416
54 93 69047
54 94 3246
54 95 71959
54 96 38680
54 97 60292
54 98 55944
54 99 58922
54 100 41162
54 101 2846
54 102 61160
54 103 44783
54 104 59742
54 105 2361
54 106 72531
54 107 57346
54 108 39115
54 109 61011
54 110 38453
54 111 41931
54 112 10456
54 113 75648
54 114 60853
54 115 67274
54 116 73105
54 117 38968
54 118 74688
54 119 60131
55 56 53055
55 57 54316
55 58 25587
55 59 52940
55 60 30867
55 61 31480
55 62 60103
55 63 3445
55 64 1947
55 65 58697
55 66 26819
55 67 51419
55 68 36562
55 69 55584
55 70 38157
55 71 37220
55 72 25712
55 73 55811
55 74 7217
55 75 42946
55 76 60379
55 77 62752
55 78 44015
55 79 12681
55 80 56508
55 81 38139
55 82 54261
55 83 58467
55 84 12055
55 85 61896
55 86 56716
55 87 54635
55 88 45726
55 89 36891
55 90 51144
55 91 50071
55 92 6461
55 93 31599
55 94 55142
55 95 41071
55 96 56441
55 97 37573
55 98 5582
55 99 6019
55 100 58919
55 101 53229
55 102 46178
55 103 60174
55 104 6095
55 105 55737
55 106 35804
55 107 3373
55 108 24792
55 109 47622
55 110 52580
55 111 59836
55 112 60133
55 113 38922
55 114 7542
55 115 37006
55 116 32531
55 117 33113
55 118 38450
55 119 6161
56 57 40182
56 58 35316
56 59 1699
56 60 38914
56 61 35601
56 62 33823
56 63 54304
56 64 54990
56 65 8688
56 66 41661
56 67 3100
56 68 75252
56 69 4649
56 70 72998
56 71 75167
56 72 40359
56 73 37093
56 74 59518
56 75 82742
56 76 33166
56 77 10041
56 78 62392
56 79 65573
56 80 3706
56 81 74501
56 82 41352
56 83 32730
56 84 64474
56 85 35218
56 86 4139
56 87 1624
56 88 61043
56 89 72403
56 90 36801
56 91 61762
56 92 59412
56 93 70151
56 94 2580
56 95 73671
56 96 34115
56 97 62272
56 98 55437
56 99 58250
56 100 36590
56 101 1734
56 102 63741
56 103 40213
56 104 58951
56 105 4005
56 106 73784
56 107 56377
56 108 40221
56 109 63699
56 110 33944
56 111 37359
56 112 7972
56 113 76969
56 114 59655
56 115 68909
56 116 74038
56 117 40997
56 118 76031
56 119 59141
57 58 55448
57 59 38547
57 60 62691
57 61 60100
57 62 11407
57 63 57419
57 64 55576
57 65 36236
57 66 62531
57 67 37167
57 68 89103
57 69 44760
57 70 89232
57 71 89521
57 72 60629
57 73 4298
57 74 61291
57 75 96160
57 76 12302
57 77 42074
57 78 86688
57 79 62587
57 80 40242
57 81 89867
57 82 1306
57 83 10884
57 84 65565
57 85 12096
57 86 39778
57 87 40404
57 88 86687
57 89 88164
57 90 3985
57 91 89246
57 92 58274
57 93 83746
57 94 42371
57 95 91349
57 96 7821
57 97 83223
57 98 59477
57 99 60217
57 100 7693
57 101 41856
57 102 88623
57 103 6548
57 104 59747
57 105 43964
57 106 88027
57 107 56354
57 108 59867
57 109 89314
57 110 6259
57 111 8041
57 112 39720
57 113 91361
57 114 56762
57 115 86579
57 116 85813
57 117 65807
57 118 90686
57 119 58201
58 59 35927
58 60 7707
58 61 6487
58 62 56313
58 63 24887
58 64 27315
58 65 43157
58 66 7279
58 67 34982
58 68 39976
58 69 36120
58 70 38019
58 71 39932
58 72 5509
58 73 54963
58 74 29554
58 75 47484
58 76 56182
58 77 45277
58 78 31319
58 79 37478
58 80 39018
58 81 39388
58 82 55988
58 83 54671
58 84 33872
58 85 58184
58 86 39445
58 87 36911
58 88 31241
58 89 37324
58 90 51516
58 91 33989
58 92 31595
58 93 34839
58 94 36620
58 95 39078
58 96 53940
58 97 28782
58 98 24980
58 99 28484
58 100 56852
58 101 34767
58 102 33207
58 103 59448
58 104 29832
58 105 36612
58 106 38526
58 107 28685
58 108 5070
58 109 33867
58 110 51111
58 111 57843
58 112 43266
58 113 41756
58 114 33114
58 115 34209
58 116 38752
58 117 10886
58 118 40837
58 119 31257
59 60 39800
59 61 36487
59 62 32124
59 63 54290
59 64 54867
59 65 7507
59 66 42410
59 67 1799
59 68 75899
59 69 6220
59 70 73745
59 71 75837
59 72 41057
59 73 35426
59 74 59497
59 75 83401
59 76 31466
59 77 9841
59 78 63478
59 79 65394
59 80 3591
59 81 75215
59 82 39724
59 83 31033
59 84 64466
59 85 33519
59 86 3780
59 87 2164
59 88 62189
59 89 73126
59 90 35195
59 91 63000
59 92 59259
59 93 70760
59 94 3920
59 95 74489
59 96 32432
59 97 63193
59 98 55479
59 99 58226
59 100 34898
59 101 3434
59 102 64860
59 103 38524
59 104 58880
59 105 5477
59 106 74442
59 107 56242
59 108 40881
59 109 64854
59 110 32303
59 111 35665
59 112 7430
59 113 77649
59 114 59427
59 115 69705
59 116 74582
59 117 41966
59 118 76718
59 119 58994
60 61 3314
60 62 62919
60 63 29463
60 64 32384
60 65 47259
60 66 4581
60 67 39138
60 68 37225
60 69 38845
60 70 34380
60 71 36977
60 72 5172
60 73 61996
60 74 33509
60 75 44547
60 76 62724
60 77 48530
60 78 24654
60 79 41770
60 80 42531
60 81 36045
60 82 63282
60 83 61304
60 84 37234
60 85 64771
60 86 43030
60 87 40429
60 88 24174
60 89 33915
60 90 58734
60 91 26559
60 92 36317
60 93 32534
60 94 39788
60 95 34814
60 96 60776
60 97 23409
60 98 29050
60 99 32609
60 100 63701
60 101 38068
60 102 26387
60 103 66437
60 104 34152
60 105 39485
60 106 35694
60 107 33646
60 108 6075
60 109 26853
60 110 58128
60 111 64688
60 112 46852
60 113 38695
60 114 38184
60 115 30121
60 116 36949
60 117 3191
60 118 37715
60 119 35975
61 62 59990
61 63 30415
61 64 33113
61 65 43949
61 66 6981
61 67 35832
61 68 40387
61 69 35562
61 70 37638
61 71 40165
61 72 6695
61 73 59268
61 74 34763
61 75 47745
61 76 59773
61 77 45227
61 78 27754
61 79 42910
61 80 39220
61 81 39276
61 82 60730
61 83 58388
61 84 38752
61 85 61833
61 86 39718
61 87 37117
61 88 27108
61 89 37150
61 90 56129
61 91 29214
61 92 37235
61 93 35616
61 94 36484
61 95 38115
61 96 57948
61 97 26716
61 98 30227
61 99 33784
61 100 60875
61 101 34759
61 102 29425
61 103 63678
61 104 35248
61 105 36195
61 106 38863
61 107 34435
61 108 7286
61 109 29803
61 110 55397
61 111 61859
61 112 43540
61 113 41899
61 114 38936
61 115 33408
61 116 39957
61 117 5887
61 118 40924
61 119 36894
62 63 62909
62 64 61594
62 65 28046
62 66 63586
62 67 31113
62 68 92923
62 69 38077
62 70 92417
62 71 93217
62 72 61758
62 73 7162
62 74 67285
62 75 100229
62 76 941
62 77 33419
62 78 87499
62 79 69741
62 80 32965
62 81 93300
62 82 12625
62 83 1681
62 84 71884
62 85 1884
62 86 32410
62 87 33634
62 88 87079
62 89 91455
62 90 11375
62 91 89093
62 92 64833
62 93 87513
62 94 35612
62 95 94181
62 96 4226
62 97 84952
62 98 64837
62 99 66118
62 100 3945
62 101 35557
62 102 89291
62 103 7279
62 104 65909
62 105 37179
62 106 91720
62 107 62559
62 108 61131
62 109 89766
62 110 8237
62 111 4185
62 112 31466
62 113 95084
62 114 63666
62 115 89314
62 116 90100
62 117 65865
62 118 94325
62 119 64710
63 64 3557
63 65 60303
63 66 25203
63 67 52829
63 68 33123
63 69 56597
63 70 34723
63 71 33777
63 72 24293
63 73 58799
63 74 5216
63 75 39548
63 76 63155
63 77 64128
63 78 41072
63 79 12594
63 80 57829
63 81 34694
63 82 57398
63 83 61262
63 84 10177
63 85 64719
63 86 58070
63 87 55904
63 88 42898
63 89 33453
63 90 54179
63 91 47327
63 92 6854
63 93 28153
63 94 56298
63 95 37656
63 96 59318
63 97 34469
63 98 2149
63 99 3957
63 100 61844
63 101 54374
63 102 43226
63 103 63197
63 104 4991
63 105 56805
63 106 32360
63 107 4418
63 108 23433
63 109 44711
63 110 55502
63 111 62772
63 112 61575
63 113 35482
63 114 8887
63 115 33634
63 116 29126
63 117 31474
63 118 35007
63 119 6512
64 65 60593
64 66 28247
64 67 53341
64 68 36062
64 69 57529
64 70 37916
64 71 36765
64 72 27215
64 73 57174
64 74 5723
64 75 42251
64 76 61888
64 77 64675
64 78 44629
64 79 10738
64 80 58438
64 81 37785
64 82 55484
64 83 59967
64 84 10362
64 85 63375
64 86 58642
64 87 56569
64 88 46448
64 89 36628
64 90 52470
64 91 50865
64 92 4522
64 93 31227
64 94 57082
64 95 40924
64 96 57887
64 97 38012
64 98 5381
64 99 4655
64 100 60330
64 101 55170
64 102 46783
64 103 61505
64 104 4352
64 105 57681
64 106 35377
64 107 1435
64 108 26316
64 109 48268
64 110 53997
64 111 61238
64 112 62050
64 113 38426
64 114 5823
64 115 37000
64 116 31878
64 117 34540
64 118 37999
64 119 4217
65 66 49771
65 67 8181
65 68 83123
65 69 11291
65 70 81083
65 71 83089
65 72 48371
65 73 32594
65 74 65472
65 75 90637
65 76 27262
65 77 6017
65 78 70984
65 79 70918
65 80 5831
65 81 82517
65 82 37498
65 83 27256
65 84 70459
65 85 29157
65 86 5194
65 87 7504
65 88 69684
65 89 80438
65 90 33384
65 91 70445
65 92 64881
65 93 77940
65 94 9054
65 95 81890
65 96 29252
65 97 70663
65 98 61625
65 99 64196
65 100 31334
65 101 10047
65 102 72362
65 103 34997
65 104 64728
65 105 10326
65 106 81681
65 107 61929
65 108 48155
65 109 72346
65 110 30038
65 111 31962
65 112 3487
65 113 84912
65 114 64832
65 115 77088
65 116 81670
65 117 49460
65 118 83991
65 119 64635
66 67 41594
66 68 33750
66 69 41995
66 70 31339
66 71 33595
66 72 1917
66 73 62149
66 74 29082
66 75 41184
66 76 63458
66 77 51477
66 78 24159
66 79 37375
66 80 45334
66 81 32852
66 82 63035
66 83 61941
66 84 32710
66 85 65458
66 86 45799
66 87 43222
66 88 24282
66 89 30747
66 90 58619
66 91 27367
66 92 32047
66 93 28843
66 94 42745
66 95 32149
66 96 61182
66 97 21534
66 98 24672
66 99 28219
66 100 64090
66 101 40955
66 102 26098
66 103 66648
66 104 29795
66 105 42574
66 106 32249
66 107 29465
66 108 2811
66 109 26856
66 110 58306
66 111 65082
66 112 49632
66 113 35371
66 114 34007
66 115 27324
66 116 33089
66 117 6295
66 118 34417
66 119 31706
67 68 74953
67 69 7747
67 70 72902
67 71 74914
67 72 40190
67 73 34147
67 74 58029
67 75 82465
67 76 30488
67 77 11336
67 78 63037
67 79 63833
67 80 5276
67 81 74337
67 82 38327
67 83 29963
67 84 63005
67 85 32565
67 86 5360
67 87 3955
67 88 61831
67 89 72257
67 90 33750
67 91 62776
67 92 57714
67 93 69781
67 94 5595
67 95 73721
67 96 31232
67 97 62547
67 98 54053
67 99 56757
67 100 33762
67 101 4698
67 102 64465
67 103 37364
67 104 57382
67 105 7092
67 106 73508
67 107 54708
67 108 39976
67 109 64508
67 110 30942
67 111 34553
67 112 8751
67 113 76735
67 114 57842
67 115 68915
67 116 73541
67 117 41400
67 118 75813
67 119 57453
68 69 75741
68 70 5314
68 71 1110
68 72 34918
68 73 89873
68 74 31282
68 75 7522
68 76 92997
68 77 85153
68 78 24312
68 79 35975
68 80 78947
68 81 3313
68 82 89252
68 83 91242
68 84 29567
68 85 94797
68 86 79388
68 87 76835
68 88 27514
68 89 4570
68 90 85561
68 91 31858
68 92 35783
68 93 5410
68 94 76441
68 95 8496
68 96 89791
68 97 17927
68 98 30980
68 99 31829
68 100 92533
68 101 74626
68 102 25448
68 103 94394
68 104 33120
68 105 76310
68 106 1558
68 107 35975
68 108 35031
68 109 27189
68 110 86283
68 111 93506
68 112 83216
68 113 2364
68 114 38340
68 115 9400
68 116 4975
68 117 36179
68 118 2142
68 119 35634
69 70 73191
69 71 75589
69 72 40859
69 73 41600
69 74 61808
69 75 83178
69 76 37384
69 77 9956
69 78 61511
69 79 68205
69 80 5481
69 81 74793
69 82 45940
69 83 37050
69 84 66719
69 85 39402
69 86 6114
69 87 4445
69 88 59950
69 89 72674
69 90 41415
69 91 60318
69 92 62004
69 93 70765
69 94 2465
69 95 73644
69 96 38558
69 97 61953
69 98 57593
69 99 60554
69 100 40970
69 101 3183
69 102 62732
69 103 44612
69 104 61359
69 105 966
69 106 74243
69 107 58938
69 108 40835
69 109 62562
69 110 38512
69 111 41713
69 112 9119
69 113 77357
69 114 62411
69 115 68965
69 116 74825
69 117 40632
69 118 76397
69 119 61721
70 71 4306
70 72 32714
70 73 89749
70 74 33626
70 75 10675
70 76 92438
70 77 82780
70 78 19178
70 79 39170
70 80 76667
70 81 2203
70 82 89458
70 83 90738
70 84 32602
70 85 94300
70 86 77135
70 87 74555
70 88 22385
70 89 1339
70 90 85585
70 91 26636
70 92 38231
70 93 7024
70 94 74038
70 95 3529
70 96 89456
70 97 13269
70 98 32630
70 99 33998
70 100 92253
70 101 72268
70 102 20217
70 103 94290
70 104 35440
70 105 73808
70 106 4324
70 107 38021
70 108 32969
70 109 21939
70 110 86079
70 111 93235
70 112 80968
70 113 5143
70 114 40852
70 115 4657
70 116 9576
70 117 32968
70 118 4177
70 119 38044
71 72 34812
71 73 90242
71 74 32063
71 75 7589
71 76 93280
71 77 85044
71 78 23416
71 79 36898
71 80 78857
71 81 2226
71 82 89685
71 83 91536
71 84 30458
71 85 95093
71 86 79305
71 87 76745
71 88 26622
71 89 3718
71 90 85958
71 91 30921
71 92 36587
71 93 5780
71 94 76323
71 95 7403
71 96 90118
71 97 17182
71 98 31639
71 99 32581
71 100 92872
71 101 74517
71 102 24505
71 103 94768
71 104 33899
71 105 76169
71 106 1498
71 107 36712
71 108 34956
71 109 26235
71 110 86636
71 111 93847
71 112 83135
71 113 1872
71 114 39157
71 115 8584
71 116 6026
71 117 35843
71 118 1234
71 119 36432
72 73 60268
72 74 28392
72 75 42392
72 76 61639
72 77 50237
72 78 26060
72 79 36630
72 80 44047
72 81 34158
72 82 61129
72 83 60111
72 84 32218
72 85 63632
72 86 44497
72 87 41934
72 88 26198
72 89 32071
72 90 56720
72 91 29266
72 92 31147
72 93 29906
72 94 41524
72 95 33656
72 96 59325
72 97 23278
72 98 23910
72 99 27471
72 100 62230
72 101 39709
72 102 28007
72 103 64770
72 104 29001
72 105 41409
72 106 33437
72 107 28475
72 108 1004
72 109 28771
72 110 56428
72 111 63222
72 112 48329
72 113 36611
72 114 33013
72 115 28804
72 116 34026
72 117 7579
72 118 35672
72 119 30805
73 74 62897
73 75 97041
73 76 8037
73 77 38336
73 78 86281
73 79 64697
73 80 36881
73 81 90484
73 82 5569
73 83 6587
73 84 67320
73 85 8044
73 86 36387
73 87 37193
73 88 86121
73 89 88721
73 90 4892
73 91 88481
73 92 60114
73 93 84486
73 94 39175
73 95 91731
73 96 3582
73 97 83160
73 98 60809
73 99 61780
73 100 3725
73 101 38796
73 102 88165
73 103 4546
73 104 61420
73 105 40769
73 106 88744
73 107 58035
73 108 59554
73 109 88776
73 110 3872
73 111 4369
73 112 36081
73 113 92096
73 114 58748
73 115 86914
73 116 86766
73 117 65060
73 118 91386
73 119 60019
74 75 37119
74 76 67570
74 77 69334
74 78 42406
74 79 8330
74 80 63039
74 81 33270
74 82 61192
74 83 65654
74 84 4987
74 85 69071
74 86 63277
74 87 61116
74 88 44528
74 89 32306
74 90 58193
74 91 49127
74 92 4627
74 93 26736
74 94 61513
74 95 36810
74 96 63594
74 97 35371
74 98 4574
74 99 1276
74 100 66046
74 101 59590
74 102 44516
74 103 67228
74 104 1838
74 105 62019
74 106 30736
74 107 5031
74 108 27602
74 109 46106
74 110 59712
74 111 66956
74 112 66772
74 113 33638
74 114 7272
74 115 33239
74 116 26863
74 117 35244
74 118 33295
74 119 4422
75 76 100321
75 77 92628
75 78 29248
75 79 40754
75 80 86434
75 81 8669
75 82 96273
75 83 98550
75 84 34699
75 85 102100
75 86 86879
75 87 84322
75 88 32421
75 89 10784
75 90 92671
75 91 36319
75 92 41437
75 93 12849
75 94 83908
75 95 12139
75 96 97041
75 97 23899
75 98 37401
75 99 37817
75 100 99760
75 101 82100
75 102 29962
75 103 101549
75 104 38944
75 105 83757
75 106 8960
75 107 42004
75 108 42525
75 109 31568
75 110 93488
75 111 100729
75 112 90708
75 113 5859
75 114 43887
75 115 15331
75 116 10432
75 117 43353
75 118 6854
75 119 41329
76 77 32591
76 78 87327
76 79 70127
76 80 32238
76 81 93341
76 82 13530
76 83 1976
76 84 72194
76 85 2129
76 86 31678
76 87 32945
76 88 86873
76 89 91485
76 90 12122
76 91 88841
76 92 65171
76 93 87587
76 94 34919
76 95 94171
76 96 4942
76 97 84857
76 98 65069
76 99 66396
76 100 4885
76 101 34900
76 102 89106
76 103 8196
76 104 66211
76 105 36480
76 106 91785
76 107 62868
76 108 61024
76 109 89562
76 110 8859
76 111 5112
76 112 30670
76 113 95149
76 114 64036
76 115 89299
76 116 90217
76 117 65653
76 118 94383
76 119 65043
77 78 71449
77 79 75168
77 80 6363
77 81 84327
77 82 43347
77 83 32758
77 84 74305
77 85 34387
77 86 6065
77 87 8419
77 88 69904
77 89 82219
77 90 39315
77 91 70257
77 92 69050
77 93 80090
77 94 8744
77 95 83342
77 96 34927
77 97 71761
77 98 65320
77 99 68062
77 100 36868
77 101 10527
77 102 72683
77 103 40513
77 104 68706
77 105 9171
77 106 83674
77 107 66044
77 108 50136
77 109 72518
77 110 35915
77 111 37440
77 112 2886
77 113 86835
77 114 69169
77 115 78622
77 116 84022
77 117 50436
77 118 85887
77 119 68789
78 79 49956
78 80 65845
78 81 21380
78 82 87185
78 83 85872
78 84 43555
78 85 89359
78 86 66398
78 87 63800
78 88 3207
78 89 19742
78 90 82779
78 91 7737
78 92 46776
78 93 22899
78 94 62860
78 95 17111
78 96 85233
78 97 7563
78 98 39461
78 99 42200
78 100 88150
78 101 61314
78 102 2168
78 103 90768
78 104 43916
78 105 62279
78 106 22983
78 107 45328
78 108 26834
78 109 3712
78 110 82430
78 111 89140
78 112 70136
78 113 24269
78 114 49335
78 115 14969
78 116 27397
78 117 21898
78 118 23341
78 119 46490
79 80 68975
79 81 38437
79 82 62315
79 83 68168
79 84 6624
79 85 71446
79 86 69160
79 87 67139
79 88 52243
79 89 37831
79 90 59857
79 91 56914
79 92 6221
79 93 32146
79 94 67705
79 95 42558
79 96 65830
79 97 42704
79 98 12720
79 99 9161
79 100 68068
79 101 65800
79 102 52022
79 103 68825
79 104 7664
79 105 68338
79 106 35736
79 107 9308
79 108 35816
79 109 53668
79 110 61825
79 111 68924
79 112 72503
79 113 38247
79 114 6217
79 115 39534
79 116 31157
79 117 43560
79 118 38093
79 119 6521
80 81 78181
80 82 41460
80 83 32019
80 84 68004
80 85 34219
80 86 637
80 87 2113
80 88 64432
80 89 76080
80 90 37079
80 91 65027
80 92 62835
80 93 73852
80 94 3239
80 95 77312
80 96 33712
80 97 65860
80 98 58997
80 99 61769
80 100 36010
80 101 4532
80 102 67157
80 103 39670
80 104 62437
80 105 4515
80 106 77476
80 107 59815
80 108 43916
80 109 67075
80 110 33984
80 111 36713
80 112 4322
80 113 80657
80 114 63014
80 115 72560
80 116 77743
80 117 44561
80 118 79717
80 119 62570
81 82 90063
81 83 91620
81 84 31931
81 85 95180
81 86 78640
81 87 76068
81 88 24587
81 89 2134
81 90 86260
81 91 28821
81 92 37840
81 93 6560
81 94 75592
81 95 5184
81 96 90272
81 97 15410
81 98 32574
81 99 33721
81 100 93049
81 101 73806
81 102 22402
81 103 95019
81 104 35100
81 105 75394
81 106 2771
81 107 37808
81 108 34364
81 109 24117
81 110 86843
81 111 94028
81 112 82473
81 113 2967
81 114 40437
81 115 6771
81 116 8012
81 117 34748
81 118 1980
81 119 37670
82 83 12155
82 84 65412
82 85 13234
82 86 41001
82 87 41596
82 88 87228
82 89 88378
82 90 4819
82 91 89841
82 92 58099
82 93 83908
82 94 43559
82 95 91615
82 96 9113
82 97 83623
82 98 59469
82 99 60132
82 100 8843
82 101 43019
82 102 89133
82 103 7309
82 104 59626
82 105 45151
82 106 88193
82 107 56235
82 108 60354
82 109 89847
82 110 7483
82 111 9115
82 112 40981
82 113 91521
82 114 56538
82 115 86862
82 116 85907
82 117 66410
82 118 90856
82 119 58034
83 84 70265
83 85 3561
83 86 31478
83 87 32605
83 88 85468
83 89 89775
83 90 10319
83 91 87508
83 92 63229
83 93 85833
83 94 34589
83 95 92506
83 96 3184
83 97 83296
83 98 63185
83 99 64484
83 100 4119
83 101 34463
83 102 87670
83 103 7755
83 104 64286
83 105 36166
83 106 90040
83 107 60939
83 108 59479
83 109 88154
83 110 6938
83 111 4708
83 112 30707
83 113 93404
83 114 62082
83 115 87639
83 116 88423
83 117 64259
83 118 92645
83 119 63103
84 85 73653
84 86 68246
84 87 66075
84 88 45927
84 89 31263
84 90 62570
84 91 50637
84 92 7376
84 93 25581
84 94 66454
84 95 35969
84 96 68135
84 97 36230
84 98 9181
84 99 6263
84 100 70535
84 101 64529
84 102 45596
84 103 71601
84 104 6010
84 105 66942
84 106 29255
84 107 9326
84 108 31498
84 109 47266
84 110 64215
84 111 71432
84 112 71750
84 113 31869
84 114 9441
84 115 32911
84 116 24832
84 117 38706
84 118 31666
84 119 7403
85 86 33651
85 87 34969
85 88 88927
85 89 93336
85 90 12605
85 91 90920
85 92 66581
85 93 89388
85 94 36937
85 95 96065
85 96 5679
85 97 86831
85 98 66655
85 99 67909
85 100 4404
85 101 36952
85 102 91147
85 103 7022
85 104 67684
85 105 38492
85 106 93597
85 107 64329
85 108 63007
85 109 91615
85 110 9746
85 111 4200
85 112 32539
85 113 96961
85 114 65387
85 115 91198
85 116 91965
85 117 67710
85 118 96203
85 119 66461
86 87 2607
86 88 64997
86 89 76542
86 90 36644
86 91 65613
86 92 63029
86 93 74282
86 94 3871
86 95 77799
86 96 33200
86 97 66372
86 98 59255
86 99 62006
86 100 35479
86 101 5097
86 102 67717
86 103 39141
86 104 62659
86 105 5148
86 106 77920
86 107 60015
86 108 44357
86 109 67643
86 110 33522
86 111 36175
86 112 3833
86 113 81107
86 114 63182
86 115 73041
86 116 78155
86 117 45081
86 118 80169
86 119 62766
87 88 62412
87 89 73967
87 90 37114
87 91 63059
87 92 60984
87 93 71743
87 94 1988
87 95 75204
87 96 34127
87 97 63767
87 98 57045
87 99 59849
87 100 36528
87 101 2550
87 102 65126
87 103 40172
87 104 60540
87 105 3578
87 106 75364
87 107 57953
87 108 41805
87 109 65060
87 110 34150
87 111 37269
87 112 6424
87 113 78545
87 114 61207
87 115 70451
87 116 75641
87 117 42474
87 118 77604
87 119 60715
88 89 22944
88 90 82751
88 91 4790
88 92 48810
88 93 25996
88 94 61392
88 95 20282
88 96 84946
88 97 10451
88 98 41380
88 99 44252
88 100 87870
88 101 59902
88 102 2978
88 103 90579
88 104 45978
88 105 60744
88 106 26178
88 107 47217
88 108 27044
88 109 2702
88 110 82258
88 111 88858
88 112 68696
88 113 27473
88 114 51332
88 115 18159
88 116 30540
88 117 21223
88 118 26547
88 119 48515
89 90 84532
89 91 27296
89 92 36908
89 93 5685
89 94 73483
89 95 4825
89 96 88463
89 97 13476
89 98 31355
89 99 32688
89 100 91251
89 101 71700
89 102 20892
89 103 93260
89 104 34123
89 105 73278
89 106 3328
89 107 36721
89 108 32291
89 109 22639
89 110 85063
89 111 92232
89 112 80375
89 113 4994
89 114 39528
89 115 4866
89 116 8434
89 117 32614
89 118 3979
89 119 36723
90 91 85285
90 92 55336
90 93 80189
90 94 39062
90 95 87653
90 96 7181
90 97 79388
90 98 56209
90 99 57091
90 100 8515
90 101 38448
90 102 84704
90 103 9035
90 104 56693
90 105 40648
90 106 84462
90 107 53304
90 108 55967
90 109 85383
90 110 3751
90 111 9244
90 112 36848
90 113 87805
90 114 53932
90 115 82865
90 116 82355
90 117 61845
90 118 87114
90 119 55247
91 92 53356
91 93 30633
91 94 61912
91 95 24246
91 96 87143
91 97 15207
91 98 45871
91 99 48814
91 100 90071
91 101 60522
91 102 6420
91 103 92892
91 104 50544
91 105 61153
91 106 30579
91 107 51678
91 108 30175
91 109 4751
91 110 84610
91 111 91053
91 112 69231
91 113 31642
91 114 55853
91 115 22603
91 116 35101
91 117 23441
91 118 30751
91 119 53056
92 93 31319
92 94 61527
92 95 41429
92 96 61024
92 97 39837
92 98 7641
92 99 4579
92 100 63376
92 101 59618
92 102 48900
92 103 64359
92 104 2894
92 105 62144
92 106 35280
92 107 3089
92 108 30284
92 109 50463
92 110 57073
92 111 64261
92 112 66404
92 113 38132
92 114 2647
92 115 37863
92 116 31278
92 117 38311
92 118 37817
92 119 342
93 94 71399
93 95 10453
93 96 84387
93 97 15694
93 98 26028
93 99 27169
93 100 87133
93 101 69567
93 102 24407
93 103 89009
93 104 28562
93 105 71312
93 106 4294
93 107 31249
93 108 29958
93 109 26202
93 110 80888
93 111 88107
93 112 78105
93 113 7616
93 114 33927
93 115 8514
93 116 4830
93 117 31747
93 118 6968
93 119 31143
94 95 74599
94 96 36115
94 97 63042
94 98 57375
94 99 60251
94 100 38515
94 101 1928
94 102 64139
94 103 42159
94 104 60993
94 105 1594
94 106 74958
94 107 58478
94 108 41441
94 109 64026
94 110 36119
94 111 39255
94 112 7319
94 113 78109
94 114 61832
94 115 69878
94 116 75372
94 117 41720
94 118 77159
94 119 61251
95 96 91321
95 97 12311
95 98 35594
95 99 37128
95 100 94144
95 101 72867
95 102 17858
95 103 96276
95 104 38610
95 105 74295
95 106 7752
95 107 41094
95 108 34008
95 109 19498
95 110 88022
95 111 95131
95 112 81628
95 113 7591
95 114 44062
95 115 4893
95 116 13048
95 117 33113
95 118 6839
95 119 41231
96 97 82398
96 98 61279
96 99 62445
96 100 2928
96 101 35834
96 102 87074
96 103 6197
96 104 62181
96 105 37705
96 106 88620
96 107 58816
96 108 58654
96 109 87619
96 110 4067
96 111 3912
96 112 32733
96 113 91981
96 114 59791
96 115 86474
96 116 86844
96 117 63788
96 118 91243
96 119 60911
97 98 32728
97 99 35260
97 100 85283
97 101 61368
97 102 9451
97 103 87691
97 104 36953
97 105 62644
97 106 16465
97 107 38602
97 108 23845
97 109 11194
97 110 79356
97 111 86276
97 112 70182
97 113 18377
97 114 42437
97 115 8641
97 116 20371
97 117 21326
97 118 17380
97 119 39566
98 99 3562
98 100 63825
98 101 55448
98 102 41605
98 103 65220
98 104 5134
98 105 57833
98 106 30226
98 107 5877
98 108 23100
98 109 43123
98 110 57484
98 111 64758
98 112 62804
98 113 33340
98 114 10011
98 115 31628
98 116 26977
98 117 30885
98 118 32870
98 119 7316
99 100 64911
99 101 58327
99 102 44324
99 103 66125
99 104 1732
99 105 60761
99 106 31230
99 107 4188
99 108 26662
99 109 45890
99 110 58573
99 111 65824
99 112 65499
99 113 34191
99 114 7185
99 115 33440
99 116 27502
99 117 34418
99 118 33815
99 119 4306
100 101 38317
100 102 89993
100 103 3666
100 104 64604
100 105 40099
100 106 91374
100 107 61228
100 108 61554
100 109 90542
100 110 6342
100 111 993
100 112 34793
100 113 94733
100 114 62074
100 115 89303
100 116 89537
100 117 66715
100 118 94002
100 119 63271
101 102 62625
101 103 41938
101 104 59074
101 105 2785
101 106 73147
101 107 56567
101 108 39611
101 109 62546
101 110 35624
101 111 39089
101 112 8833
101 113 76309
101 114 59937
101 115 68131
101 116 73518
101 117 40058
101 118 75362
101 119 59341
102 103 92643
102 104 46037
102 105 63517
102 106 24184
102 107 47474
102 108 28802
102 109 1797
102 110 84309
102 111 90983
102 112 71433
102 113 25224
102 114 51466
102 115 16239
102 116 28786
102 117 23545
102 118 24332
102 119 48616
103 104 65728
103 105 43744
103 106 93271
103 107 62339
103 108 64064
103 109 93238
103 110 8343
103 111 3105
103 112 38454
103 113 96621
103 114 62930
103 115 91460
103 116 91262
103 117 69486
103 118 95914
103 119 64273
104 105 61542
104 106 32571
104 107 3393
104 108 28174
104 109 47608
104 110 58277
104 111 65507
104 112 66111
104 113 35476
104 114 5532
104 115 34998
104 116 28698
104 117 36016
104 118 35132
104 119 2649
105 106 74817
105 107 59084
105 108 41366
105 109 63362
105 110 37712
105 111 40835
105 112 8202
105 113 77943
105 114 62511
105 115 69602
105 116 75343
105 117 41319
105 118 76986
105 119 61864
106 107 35347
106 108 33565
106 109 25940
106 110 85137
106 111 92349
106 112 81749
106 113 3364
106 114 37863
106 115 8022
106 116 5300
106 117 34629
106 118 2675
106 119 35119
107 108 27587
107 109 48985
107 110 54903
107 111 62129
107 112 63410
107 113 38339
107 114 4542
107 115 37279
107 116 31682
107 117 35752
107 118 37946
107 119 2789
108 109 29600
108 110 55720
108 111 62546
108 112 48185
108 113 36769
108 114 32121
108 115 29139
108 116 33997
108 117 8572
108 118 35841
108 119 29942
109 110 84914
109 111 91530
109 112 71333
109 113 26917
109 114 53016
109 115 18013
109 116 30570
109 117 23917
109 118 26036
109 119 50176
110 111 7278
110 112 33518
110 113 88494
110 114 55804
110 115 83195
110 116 83245
110 117 61190
110 118 87772
110 119 56965
111 112 35410
111 113 95707
111 114 62943
111 115 90291
111 116 90501
111 117 67700
111 118 94978
111 119 64159
112 113 84939
112 114 66480
112 115 76872
112 116 81964
112 117 48881
112 118 84001
112 119 66147
113 114 40684
113 115 9737
113 116 7121
113 117 37496
113 118 1015
113 119 37985
114 115 40509
114 116 33789
114 117 40294
114 118 40385
114 119 2886
115 116 12582
115 117 28557
115 118 8739
115 119 37642
116 117 36321
116 118 7112
116 119 31149
117 118 36498
117 119 37970
118 119 37663
