120 7140
0 1 80353
0 2 42258
0 3 46298
0 4 48185
0 5 42095
0 6 6181
0 7 51236
0 8 82774
0 9 81891
0 10 81523
0 11 65216
0 12 43227
0 13 21038
0 14 60294
0 15 72553
0 16 91486
0 17 89518
0 18 68875
0 19 89728
0 20 61168
0 21 92264
0 22 27842
0 23 30084
0 24 54339
0 25 10236
0 26 93836
0 27 18658
0 28 7394
0 29 44036
0 30 64698
0 31 66494
0 32 18442
0 33 66975
0 34 35158
0 35 73486
0 36 87687
0 37 81358
0 38 74104
0 39 41740
0 40 49700
0 41 40208
0 42 47070
0 43 84300
0 44 81452
0 45 20144
0 46 12977
0 47 92483
0 48 32516
0 49 78178
0 50 69917
0 51 83993
0 52 4976
0 53 92854
0 54 54034
0 55 39414
0 56 17907
0 57 62325
0 58 51458
0 59 3211
0 60 24341
0 61 23341
0 62 54301
0 63 47460
0 64 61708
0 65 60270
0 66 65468
0 67 34645
0 68 56333
0 69 18275
0 70 42800
0 71 18583
0 72 27601
0 73 70414
0 74 70031
0 75 92210
0 76 3338
0 77 83239
0 78 90342
0 79 5476
0 80 81505
0 81 63477
0 82 68052
0 83 52355
0 84 69798
0 85 50042
0 86 8065
0 87 97675
0 88 89414
0 89 78078
0 90 1931
0 91 18774
0 92 56558
0 93 90684
0 94 83362
0 95 25227
0 96 3991
0 97 1544
0 98 33215
0 99 27459
0 100 11125
0 101 43143
0 102 77078
0 103 82172
0 104 77855
0 105 47551
0 106 34220
0 107 46561
0 108 7409
0 109 86117
0 110 73647
0 111 98346
0 112 60882
0 113 70307
0 114 93930
0 115 21720
0 116 95575
0 117 10659
0 118 26409
0 119 68088
1 2 70463
1 3 35662
1 4 88757
1 5 86204
1 6 16701
1 7 31436
1 8 18634
1 9 13951
1 10 78249
1 11 59964
1 12 63146
1 13 18252
1 14 39949
1 15 58147
1 16 55480
1 17 46908
1 18 16965
1 19 94592
1 20 64659
1 21 95502
1 22 90746
1 23 17098
1 24 94629
1 25 11315
1 26 65660
1 27 97616
1 28 15639
1 29 16080
1 30 58426
1 31 17935
1 32 85957
1 33 41493
1 34 91574
1 35 11080
1 36 58651
1 37 69246
1 38 49325
1 39 70610
1 40 60520
1 41 51519
1 42 92942
1 43 53000
1 44 88041
1 45 94798
1 46 79542
1 47 80745
1 48 20980
1 49 69117
1 50 38163
1 51 60114
1 52 23271
1 53 34479
1 54 39725
1 55 15914
1 56 68905
1 57 15812
1 58 54289
1 59 63506
1 60 14478
1 61 50234
1 62 59813
1 63 60174
1 64 80796
1 65 4879
1 66 13878
1 67 70233
1 68 48089
1 69 73764
1 70 18334
1 71 66649
1 72 84868
1 73 73296
1 74 37732
1 75 10582
1 76 69481
1 77 76973
1 78 73585
1 79 49559
1 80 88165
1 81 51798
1 82 81209
1 83 54985
1 84 79509
1 85 72833
1 86 39341
1 87 66707
1 88 48356
1 89 19288
1 90 60771
1 91 51729
1 92 4550
1 93 67309
1 94 86942
1 95 5001
1 96 97611
1 97 20004
1 98 63543
1 99 8096
1 100 51072
1 101 10681
1 102 16577
1 103 50502
1 104 13616
1 105 12300
1 106 72477
1 107 53170
1 108 82160
1 109 91801
1 110 96061
1 111 30807
1 112 45125
1 113 6947
1 114 84837
1 115 31461
1 116 27668
1 117 22653
1 118 8644
1 119 5585
2 3 65172
2 4 46698
2 5 89981
2 6 43401
2 7 72616
2 8 10016
2 9 40486
2 10 23520
2 11 9438
2 12 68989
2 13 90282
2 14 26341
2 15 30567
2 16 29572
2 17 26158
2 18 28918
2 19 60496
2 20 44419
2 21 10128
2 22 88308
2 23 16467
2 24 21577
2 25 58912
2 26 62553
2 27 87481
2 28 2910
2 29 21509
2 30 54235
2 31 6170
2 32 80474
2 33 37400
2 34 28933
2 35 95760
2 36 29528
2 37 12675
2 38 2802
2 39 36397
2 40 51798
2 41 14192
2 42 15933
2 43 52167
2 44 21533
2 45 13437
2 46 7990
2 47 92956
2 48 52630
2 49 17104
2 50 19382
2 51 33190
2 52 47514
2 53 71653
2 54 68058
2 55 49672
2 56 82253
2 57 413
2 58 88120
2 59 81381
2 60 28362
2 61 87315
2 62 10125
2 63 89034
2 64 17968
2 65 12431
2 66 38556
2 67 59000
2 68 21979
2 69 84007
2 70 8236
2 71 79538
2 72 13446
2 73 59386
2 74 56999
2 75 79451
2 76 19604
2 77 49826
2 78 64818
2 79 19736
2 80 87076
2 81 32181
2 82 54615
2 83 92555
2 84 85344
2 85 22645
2 86 2999
2 87 26491
2 88 58733
2 89 51158
2 90 75821
2 91 93600
2 92 48501
2 93 61562
2 94 220
2 95 44886
2 96 83156
2 97 29778
2 98 89255
2 99 49087
2 100 41185
2 101 7041
2 102 14631
2 103 72690
2 104 59355
2 105 70755
2 106 73556
2 107 88215
2 108 71996
2 109 60939
2 110 50818
2 111 64553
2 112 33285
2 113 85791
2 114 37150
2 115 59446
2 116 11245
2 117 47027
2 118 22397
2 119 65141
3 4 90545
3 5 23321
3 6 6321
3 7 39423
3 8 96129
3 9 92887
3 10 36619
3 11 41863
3 12 58513
3 13 68215
3 14 64102
3 15 90424
3 16 85502
3 17 22324
3 18 29269
3 19 31191
3 20 24941
3 21 18629
3 22 14127
3 23 60830
3 24 73408
3 25 95027
3 26 74086
3 27 6374
3 28 16565
3 29 77267
3 30 86794
3 31 28726
3 32 50384
3 33 3415
3 34 33671
3 35 65394
3 36 88380
3 37 95463
3 38 68275
3 39 55888
3 40 58773
3 41 34667
3 42 12095
3 43 63910
3 44 52311
3 45 61540
3 46 77501
3 47 94110
3 48 85759
3 49 76746
3 50 94464
3 51 86398
3 52 42556
3 53 63957
3 54 19460
3 55 69748
3 56 40888
3 57 37540
3 58 36296
3 59 61541
3 60 51827
3 61 85910
3 62 10797
3 63 60363
3 64 29892
3 65 15487
3 66 79290
3 67 56260
3 68 12771
3 69 90538
3 70 32782
3 71 60865
3 72 84461
3 73 51550
3 74 45717
3 75 42506
3 76 81838
3 77 15102
3 78 20630
3 79 50013
3 80 16315
3 81 4608
3 82 3594
3 83 93102
3 84 90119
3 85 88350
3 86 15645
3 87 17332
3 88 77615
3 89 35160
3 90 16035
3 91 36235
3 92 26327
3 93 49440
3 94 86590
3 95 15400
3 96 7877
3 97 37878
3 98 87519
3 99 16518
3 100 47265
3 101 67540
3 102 64326
3 103 54176
3 104 83881
3 105 30245
3 106 13164
3 107 44898
3 108 99425
3 109 74806
3 110 92526
3 111 81293
3 112 48241
3 113 97731
3 114 76461
3 115 52551
3 116 95940
3 117 42196
3 118 33704
3 119 44584
4 5 2620
4 6 53280
4 7 3538
4 8 787
4 9 36100
4 10 21055
4 11 16079
4 12 77722
4 13 77794
4 14 28659
4 15 59361
4 16 55134
4 17 25209
4 18 44389
4 19 64745
4 20 63524
4 21 16779
4 22 42959
4 23 54320
4 24 11265
4 25 74487
4 26 64455
4 27 57526
4 28 69743
4 29 26520
4 30 66308
4 31 67777
4 32 65604
4 33 76648
4 34 11797
4 35 78976
4 36 29398
4 37 13922
4 38 46619
4 39 25047
4 40 60795
4 41 60490
4 42 8516
4 43 26322
4 44 94353
4 45 27345
4 46 2838
4 47 49518
4 48 61582
4 49 67763
4 50 49812
4 51 71265
4 52 73825
4 53 27256
4 54 50965
4 55 46362
4 56 13412
4 57 48188
4 58 43172
4 59 57057
4 60 38264
4 61 89158
4 62 78074
4 63 66134
4 64 30564
4 65 68239
4 66 51097
4 67 69146
4 68 81449
4 69 47605
4 70 38885
4 71 9067
4 72 57543
4 73 17117
4 74 25583
4 75 6212
4 76 93175
4 77 37787
4 78 81943
4 79 64502
4 80 77834
4 81 89509
4 82 22379
4 83 32988
4 84 5144
4 85 57644
4 86 59264
4 87 54033
4 88 50298
4 89 74965
4 90 9283
4 91 92363
4 92 15834
4 93 5561
4 94 56105
4 95 93633
4 96 13590
4 97 53914
4 98 83018
4 99 53673
4 100 29783
4 101 24476
4 102 53950
4 103 4931
4 104 95069
4 105 24689
4 106 6269
4 107 42421
4 108 24629
4 109 50129
4 110 37541
4 111 58759
4 112 45119
4 113 32442
4 114 51988
4 115 6570
4 116 2034
4 117 10396
4 118 12497
4 119 52004
5 6 81893
5 7 2579
5 8 8602
5 9 40980
5 10 50393
5 11 79628
5 12 48459
5 13 39282
5 14 17650
5 15 22294
5 16 32049
5 17 65186
5 18 95496
5 19 99248
5 20 61338
5 21 29468
5 22 65267
5 23 84570
5 24 45870
5 25 99851
5 26 92149
5 27 91223
5 28 83176
5 29 86664
5 30 32217
5 31 68099
5 32 19634
5 33 74845
5 34 9590
5 35 80992
5 36 59652
5 37 95766
5 38 45184
5 39 77063
5 40 51167
5 41 10082
5 42 42585
5 43 81619
5 44 17416
5 45 32454
5 46 5095
5 47 97857
5 48 10831
5 49 44551
5 50 54863
5 51 65262
5 52 83363
5 53 51149
5 54 45005
5 55 5894
5 56 64969
5 57 93370
5 58 80758
5 59 83764
5 60 71844
5 61 18759
5 62 40220
5 63 95433
5 64 26438
5 65 81917
5 66 13119
5 67 60140
5 68 76713
5 69 64635
5 70 57474
5 71 24649
5 72 68114
5 73 13318
5 74 3148
5 75 81026
5 76 85258
5 77 24645
5 78 58778
5 79 1325
5 80 45708
5 81 12301
5 82 77856
5 83 57180
5 84 25005
5 85 62611
5 86 3212
5 87 30251
5 88 87346
5 89 38802
5 90 89512
5 91 14877
5 92 97525
5 93 4000
5 94 13689
5 95 68890
5 96 81473
5 97 57165
5 98 14332
5 99 58167
5 100 23612
5 101 43287
5 102 94619
5 103 62660
5 104 50556
5 105 47439
5 106 72776
5 107 19365
5 108 35996
5 109 52163
5 110 95916
5 111 69459
5 112 41112
5 113 6794
5 114 5507
5 115 67348
5 116 96755
5 117 98268
5 118 83952
5 119 33324
6 7 23358
6 8 52280
6 9 61515
6 10 13160
6 11 45546
6 12 57359
6 13 79503
6 14 73062
6 15 25621
6 16 90602
6 17 56797
6 18 74806
6 19 55391
6 20 39760
6 21 67964
6 22 35561
6 23 81122
6 24 57988
6 25 16004
6 26 51206
6 27 53098
6 28 52284
6 29 7617
6 30 70689
6 31 41588
6 32 32446
6 33 20769
6 34 53277
6 35 18110
6 36 30341
6 37 35774
6 38 56080
6 39 55448
6 40 4595
6 41 26923
6 42 87834
6 43 4674
6 44 88153
6 45 24869
6 46 96677
6 47 25869
6 48 13807
6 49 6587
6 50 3132
6 51 7791
6 52 61518
6 53 22866
6 54 58842
6 55 25933
6 56 18371
6 57 19042
6 58 12868
6 59 18351
6 60 1949
6 61 51722
6 62 91002
6 63 57374
6 64 76309
6 65 11049
6 66 99871
6 67 17766
6 68 70308
6 69 13024
6 70 17344
6 71 41954
6 72 9827
6 73 65534
6 74 47266
6 75 51211
6 76 67415
6 77 4495
6 78 37164
6 79 73913
6 80 56764
6 81 19538
6 82 44169
6 83 67228
6 84 67189
6 85 57069
6 86 38541
6 87 52968
6 88 40446
6 89 73146
6 90 71490
6 91 31693
6 92 16935
6 93 77725
6 94 27116
6 95 23222
6 96 50937
6 97 90228
6 98 78461
6 99 79519
6 100 97909
6 101 72118
6 102 26002
6 103 8823
6 104 7429
6 105 44916
6 106 36308
6 107 3214
6 108 30094
6 109 12914
6 110 84696
6 111 37627
6 112 19923
6 113 50783
6 114 85242
6 115 16398
6 116 75861
6 117 32779
6 118 36267
6 119 83183
7 8 25387
7 9 55223
7 10 75060
7 11 27088
7 12 86129
7 13 7591
7 14 3338
7 15 4768
7 16 20008
7 17 88682
7 18 68492
7 19 93714
7 20 36620
7 21 71284
7 22 33880
7 23 87275
7 24 12866
7 25 37496
7 26 27454
7 27 61556
7 28 72235
7 29 25670
7 30 74948
7 31 14032
7 32 27480
7 33 7517
7 34 410
7 35 70065
7 36 60062
7 37 91774
7 38 5672
7 39 68806
7 40 52809
7 41 96780
7 42 46837
7 43 25741
7 44 82974
7 45 24831
7 46 15428
7 47 83824
7 48 35671
7 49 60551
7 50 37743
7 51 34621
7 52 28919
7 53 79329
7 54 653
7 55 53789
7 56 56911
7 57 52980
7 58 14006
7 59 71101
7 60 4219
7 61 34963
7 62 17833
7 63 20878
7 64 12612
7 65 29525
7 66 40730
7 67 29163
7 68 42124
7 69 61993
7 70 34863
7 71 9537
7 72 84681
7 73 7400
7 74 79470
7 75 32861
7 76 79883
7 77 31164
7 78 3920
7 79 79846
7 80 34862
7 81 52031
7 82 76247
7 83 56548
7 84 86110
7 85 45239
7 86 21501
7 87 64871
7 88 70674
7 89 94206
7 90 23570
7 91 64831
7 92 7002
7 93 94848
7 94 38972
7 95 78961
7 96 38928
7 97 26773
7 98 18252
7 99 43486
7 100 68446
7 101 55590
7 102 2843
7 103 2800
7 104 13880
7 105 89857
7 106 19441
7 107 35308
7 108 16975
7 109 4734
7 110 46940
7 111 52159
7 112 32781
7 113 69233
7 114 38682
7 115 45234
7 116 51348
7 117 7311
7 118 1570
7 119 96780
8 9 86229
8 10 91698
8 11 8707
8 12 76052
8 13 34152
8 14 92196
8 15 60002
8 16 98778
8 17 88018
8 18 31671
8 19 49802
8 20 41124
8 21 61258
8 22 90141
8 23 53832
8 24 56752
8 25 18706
8 26 20800
8 27 38037
8 28 92966
8 29 67231
8 30 87920
8 31 1797
8 32 86845
8 33 54821
8 34 6907
8 35 13066
8 36 80084
8 37 13933
8 38 98955
8 39 10176
8 40 9121
8 41 32717
8 42 68083
8 43 22126
8 44 27893
8 45 40399
8 46 3256
8 47 62722
8 48 36756
8 49 33156
8 50 90596
8 51 51189
8 52 56780
8 53 25200
8 54 45297
8 55 19403
8 56 30165
8 57 96647
8 58 94092
8 59 38433
8 60 65070
8 61 98070
8 62 28323
8 63 13967
8 64 93462
8 65 65970
8 66 62944
8 67 4843
8 68 2711
8 69 29083
8 70 53584
8 71 65224
8 72 7169
8 73 59872
8 74 8128
8 75 77635
8 76 61936
8 77 24700
8 78 67994
8 79 94114
8 80 68237
8 81 92022
8 82 30222
8 83 50209
8 84 55713
8 85 4701
8 86 67178
8 87 37890
8 88 79204
8 89 86015
8 90 85778
8 91 89538
8 92 16347
8 93 56232
8 94 23187
8 95 95892
8 96 64540
8 97 18947
8 98 65603
8 99 36880
8 100 29151
8 101 79638
8 102 69978
8 103 48993
8 104 36587
8 105 49707
8 106 64192
8 107 14049
8 108 428
8 109 32750
8 110 68137
8 111 73535
8 112 46707
8 113 9340
8 114 5428
8 115 67549
8 116 28949
8 117 94238
8 118 15851
8 119 4392
9 10 80669
9 11 26657
9 12 60284
9 13 79342
9 14 88762
9 15 31467
9 16 59014
9 17 72274
9 18 86803
9 19 48783
9 20 90544
9 21 21792
9 22 47937
9 23 2575
9 24 4680
9 25 25014
9 26 60867
9 27 92798
9 28 31233
9 29 48127
9 30 63502
9 31 8721
9 32 80403
9 33 48600
9 34 78758
9 35 96948
9 36 21036
9 37 2212
9 38 30213
9 39 91001
9 40 87734
9 41 34500
9 42 52783
9 43 5841
9 44 88113
9 45 14708
9 46 18833
9 47 36728
9 48 24868
9 49 21950
9 50 75028
9 51 57488
9 52 73641
9 53 95235
9 54 25830
9 55 65848
9 56 73043
9 57 29974
9 58 98869
9 59 67072
9 60 49883
9 61 83850
9 62 42965
9 63 33975
9 64 94650
9 65 61239
9 66 13567
9 67 26344
9 68 42201
9 69 61960
9 70 17957
9 71 93792
9 72 68444
9 73 91857
9 74 17728
9 75 51231
9 76 21370
9 77 74633
9 78 31748
9 79 47941
9 80 97271
9 81 94994
9 82 5567
9 83 26804
9 84 59067
9 85 84377
9 86 57864
9 87 32727
9 88 63425
9 89 26521
9 90 45675
9 91 30791
9 92 41874
9 93 54014
9 94 5587
9 95 15562
9 96 43288
9 97 86147
9 98 92710
9 99 9566
9 100 14778
9 101 64608
9 102 76274
9 103 52326
9 104 52522
9 105 31647
9 106 55466
9 107 45297
9 108 28213
9 109 99508
9 110 46683
9 111 96691
9 112 13051
9 113 98148
9 114 34186
9 115 32428
9 116 24901
9 117 94649
9 118 79354
9 119 82370
10 11 62693
10 12 94700
10 13 27072
10 14 51493
10 15 92879
10 16 65061
10 17 686
10 18 80926
10 19 35830
10 20 95467
10 21 48705
10 22 78052
10 23 22419
10 24 86721
10 25 60649
10 26 32407
10 27 65387
10 28 51155
10 29 34233
10 30 54756
10 31 94305
10 32 98451
10 33 62870
10 34 34117
10 35 63976
10 36 9498
10 37 82062
10 38 40787
10 39 7386
10 40 21375
10 41 43673
10 42 2708
10 43 35840
10 44 5163
10 45 24541
10 46 66827
10 47 84154
10 48 61944
10 49 90997
10 50 51394
10 51 66279
10 52 20522
10 53 944
10 54 29445
10 55 73368
10 56 49144
10 57 63328
10 58 19277
10 59 40667
10 60 5863
10 61 34321
10 62 97275
10 63 65658
10 64 60735
10 65 30780
10 66 6852
10 67 30028
10 68 28526
10 69 70181
10 70 98421
10 71 46687
10 72 60307
10 73 70552
10 74 78792
10 75 21333
10 76 71440
10 77 46021
10 78 36308
10 79 62595
10 80 50211
10 81 48370
10 82 3730
10 83 94385
10 84 4879
10 85 72560
10 86 31385
10 87 6388
10 88 71200
10 89 62703
10 90 21156
10 91 30645
10 92 45717
10 93 50217
10 94 76453
10 95 14060
10 96 65329
10 97 4967
10 98 92338
10 99 11168
10 100 91750
10 101 5657
10 102 76184
10 103 48241
10 104 74479
10 105 60760
10 106 75996
10 107 98385
10 108 78927
10 109 55279
10 110 20429
10 111 87864
10 112 6286
10 113 42795
10 114 33802
10 115 31851
10 116 56525
10 117 25189
10 118 93212
10 119 3544
11 12 3161
11 13 83373
11 14 16101
11 15 3449
11 16 60117
11 17 32935
11 18 75578
11 19 96396
11 20 23497
11 21 66032
11 22 42771
11 23 20064
11 24 28979
11 25 4133
11 26 17929
11 27 28001
11 28 3331
11 29 26792
11 30 44384
11 31 66053
11 32 22217
11 33 37348
11 34 96201
11 35 8094
11 36 54901
11 37 68155
11 38 4255
11 39 17878
11 40 63541
11 41 92652
11 42 49358
11 43 20830
11 44 81722
11 45 84325
11 46 18836
11 47 12133
11 48 32295
11 49 62457
11 50 53176
11 51 43312
11 52 46833
11 53 29385
11 54 25347
11 55 16462
11 56 95006
11 57 4970
11 58 58845
11 59 14573
11 60 54548
11 61 53589
11 62 26536
11 63 31044
11 64 8681
11 65 31307
11 66 37898
11 67 53845
11 68 80880
11 69 18705
11 70 73431
11 71 27172
11 72 98658
11 73 79434
11 74 3353
11 75 99587
11 76 45850
11 77 27824
11 78 75683
11 79 41038
11 80 33905
11 81 66759
11 82 32480
11 83 55379
11 84 70781
11 85 50130
11 86 42365
11 87 61872
11 88 95991
11 89 92226
11 90 28340
11 91 80740
11 92 97151
11 93 52913
11 94 71268
11 95 92484
11 96 94033
11 97 95336
11 98 72127
11 99 7894
11 100 45755
11 101 14804
11 102 22820
11 103 8601
11 104 38600
11 105 5523
11 106 74662
11 107 89306
11 108 91448
11 109 19261
11 110 35083
11 111 64909
11 112 8724
11 113 39534
11 114 2913
11 115 75297
11 116 17171
11 117 8410
11 118 49098
11 119 522
12 13 56986
12 14 22206
12 15 4475
12 16 42512
12 17 51993
12 18 36417
12 19 73560
12 20 37322
12 21 21943
12 22 13716
12 23 44055
12 24 56351
12 25 50823
12 26 93795
12 27 67692
12 28 91663
12 29 66707
12 30 55591
12 31 79932
12 32 38165
12 33 63185
12 34 2076
12 35 12296
12 36 14155
12 37 13762
12 38 45557
12 39 27384
12 40 52493
12 41 93499
12 42 29325
12 43 65810
12 44 21406
12 45 54888
12 46 82857
12 47 48821
12 48 51252
12 49 47763
12 50 21379
12 51 47389
12 52 84340
12 53 75217
12 54 77261
12 55 56134
12 56 94915
12 57 55090
12 58 62393
12 59 32293
12 60 76346
12 61 26139
12 62 32689
12 63 43657
12 64 24478
12 65 29765
12 66 67906
12 67 852
12 68 27285
12 69 20344
12 70 6243
12 71 58380
12 72 11830
12 73 22897
12 74 64601
12 75 19145
12 76 28287
12 77 46905
12 78 30666
12 79 51997
12 80 56770
12 81 87934
12 82 6417
12 83 56481
12 84 8919
12 85 6696
12 86 82986
12 87 30031
12 88 24254
12 89 47075
12 90 78095
12 91 69298
12 92 39267
12 93 25602
12 94 81973
12 95 15316
12 96 84246
12 97 4492
12 98 64643
12 99 27152
12 100 73409
12 101 817
12 102 84878
12 103 51565
12 104 92209
12 105 36031
12 106 52678
12 107 32911
12 108 76645
12 109 95075
12 110 21416
12 111 18645
12 112 30819
12 113 71787
12 114 31
12 115 75362
12 116 15516
12 117 52245
12 118 50065
12 119 43239
13 14 8849
13 15 21941
13 16 52423
13 17 67721
13 18 34910
13 19 76976
13 20 52393
13 21 5708
13 22 82778
13 23 53849
13 24 67211
13 25 30708
13 26 90003
13 27 88364
13 28 67016
13 29 99996
13 30 34724
13 31 22682
13 32 2935
13 33 80520
13 34 43524
13 35 47186
13 36 32390
13 37 43675
13 38 47397
13 39 34225
13 40 7334
13 41 44780
13 42 60942
13 43 46558
13 44 47381
13 45 75846
13 46 74166
13 47 85613
13 48 32230
13 49 59112
13 50 89160
13 51 91497
13 52 56240
13 53 78599
13 54 53335
13 55 57710
13 56 64523
13 57 67587
13 58 48862
13 59 60687
13 60 37088
13 61 35208
13 62 71619
13 63 51474
13 64 89326
13 65 29598
13 66 45139
13 67 98434
13 68 35888
13 69 13613
13 70 40553
13 71 94091
13 72 99822
13 73 46543
13 74 10118
13 75 79001
13 76 8192
13 77 75801
13 78 50167
13 79 90249
13 80 46347
13 81 65268
13 82 34557
13 83 79892
13 84 15713
13 85 51993
13 86 2099
13 87 16367
13 88 88503
13 89 31438
13 90 35827
13 91 54348
13 92 5353
13 93 12833
13 94 94438
13 95 25907
13 96 82365
13 97 827
13 98 69590
13 99 59399
13 100 92468
13 101 36705
13 102 74663
13 103 59481
13 104 29526
13 105 75963
13 106 33737
13 107 81022
13 108 86967
13 109 14418
13 110 36751
13 111 36181
13 112 50905
13 113 64381
13 114 63462
13 115 87634
13 116 11808
13 117 43736
13 118 47223
13 119 15384
14 15 73058
14 16 19132
14 17 60965
14 18 66582
14 19 14203
14 20 15979
14 21 23465
14 22 49541
14 23 20210
14 24 51306
14 25 85821
14 26 80277
14 27 28703
14 28 49606
14 29 25078
14 30 69575
14 31 22367
14 32 98213
14 33 54659
14 34 47652
14 35 51281
14 36 47491
14 37 29732
14 38 19349
14 39 99946
14 40 53066
14 41 59458
14 42 1127
14 43 25866
14 44 36547
14 45 57820
14 46 33655
14 47 62935
14 48 57881
14 49 74989
14 50 62035
14 51 53050
14 52 63984
14 53 15252
14 54 95899
14 55 35346
14 56 50680
14 57 83847
14 58 9430
14 59 73565
14 60 11891
14 61 2508
14 62 47216
14 63 73662
14 64 51766
14 65 25721
14 66 77796
14 67 49690
14 68 84059
14 69 73966
14 70 10852
14 71 93305
14 72 59900
14 73 8947
14 74 31791
14 75 19764
14 76 90741
14 77 32132
14 78 59091
14 79 58029
14 80 30244
14 81 58071
14 82 50847
14 83 3361
14 84 41769
14 85 9788
14 86 39481
14 87 56045
14 88 65121
14 89 20262
14 90 46473
14 91 90070
14 92 20935
14 93 36447
14 94 17421
14 95 50085
14 96 21876
14 97 87476
14 98 12882
14 99 92881
14 100 25143
14 101 13192
14 102 51783
14 103 8339
14 104 5399
14 105 33708
14 106 73397
14 107 46233
14 108 31375
14 109 52705
14 110 83689
14 111 71535
14 112 79235
14 113 24047
14 114 29082
14 115 49398
14 116 3947
14 117 70654
14 118 52454
14 119 40011
15 16 17214
15 17 65043
15 18 84360
15 19 27498
15 20 85970
15 21 76213
15 22 1543
15 23 78555
15 24 58129
15 25 63328
15 26 29458
15 27 61302
15 28 94623
15 29 41617
15 30 18797
15 31 83966
15 32 73185
15 33 9811
15 34 66042
15 35 55856
15 36 68234
15 37 34950
15 38 47323
15 39 94030
15 40 65765
15 41 68997
15 42 33706
15 43 74778
15 44 27887
15 45 41700
15 46 62645
15 47 9321
15 48 22077
15 49 49255
15 50 26702
15 51 34491
15 52 23034
15 53 19198
15 54 60551
15 55 43480
15 56 89632
15 57 79479
15 58 93170
15 59 61736
15 60 45520
15 61 44857
15 62 92040
15 63 8302
15 64 90509
15 65 33602
15 66 57157
15 67 99867
15 68 15579
15 69 65681
15 70 98245
15 71 24062
15 72 17331
15 73 43406
15 74 75997
15 75 10054
15 76 88642
15 77 1765
15 78 49095
15 79 38150
15 80 61833
15 81 95266
15 82 29647
15 83 28617
15 84 95619
15 85 63952
15 86 50089
15 87 32824
15 88 25072
15 89 82013
15 90 67166
15 91 20299
15 92 14660
15 93 1007
15 94 35806
15 95 64292
15 96 13956
15 97 98043
15 98 6579
15 99 14200
15 100 99142
15 101 9720
15 102 10540
15 103 1376
15 104 91080
15 105 42160
15 106 58520
15 107 93326
15 108 60955
15 109 90577
15 110 68097
15 111 1397
15 112 72530
15 113 36139
15 114 79152
15 115 63130
15 116 59033
15 117 14631
15 118 73732
15 119 58081
16 17 23315
16 18 20674
16 19 46998
16 20 82796
16 21 4956
16 22 43195
16 23 15858
16 24 89250
16 25 20817
16 26 46122
16 27 45399
16 28 85533
16 29 63320
16 30 89489
16 31 29388
16 32 87996
16 33 5432
16 34 19591
16 35 83256
16 36 48124
16 37 7052
16 38 37499
16 39 29502
16 40 23018
16 41 94579
16 42 32230
16 43 44515
16 44 29255
16 45 90282
16 46 34764
16 47 42659
16 48 22131
16 49 2047
16 50 91236
16 51 49079
16 52 45185
16 53 83886
16 54 52554
16 55 8631
16 56 77823
16 57 22271
16 58 73419
16 59 14926
16 60 44198
16 61 41104
16 62 44215
16 63 83071
16 64 82255
16 65 93911
16 66 36877
16 67 62032
16 68 9279
16 69 97040
16 70 22443
16 71 316
16 72 30852
16 73 20502
16 74 51525
16 75 75647
16 76 60045
16 77 36182
16 78 66603
16 79 12029
16 80 34774
16 81 98709
16 82 9113
16 83 63052
16 84 50138
16 85 56706
16 86 17949
16 87 73275
16 88 85628
16 89 98361
16 90 51142
16 91 2214
16 92 48039
16 93 87063
16 94 76636
16 95 44715
16 96 11986
16 97 29575
16 98 3557
16 99 61311
16 100 3989
16 101 10596
16 102 86327
16 103 69058
16 104 20379
16 105 59811
16 106 75436
16 107 19500
16 108 74344
16 109 49840
16 110 79015
16 111 17988
16 112 29584
16 113 8937
16 114 55987
16 115 57316
16 116 72328
16 117 2744
16 118 57155
16 119 25785
17 18 98098
17 19 65153
17 20 73571
17 21 34765
17 22 43926
17 23 13166
17 24 94696
17 25 69468
17 26 10573
17 27 38658
17 28 39888
17 29 91783
17 30 60446
17 31 87624
17 32 50161
17 33 19506
17 34 98519
17 35 10946
17 36 87240
17 37 60503
17 38 97427
17 39 15614
17 40 80518
17 41 78968
17 42 37078
17 43 47758
17 44 79366
17 45 10972
17 46 59213
17 47 55203
17 48 26615
17 49 12743
17 50 3661
17 51 63568
17 52 35614
17 53 12045
17 54 77378
17 55 5125
17 56 71029
17 57 60539
17 58 75940
17 59 37332
17 60 93973
17 61 63601
17 62 88240
17 63 90273
17 64 58511
17 65 15749
17 66 99837
17 67 18455
17 68 14315
17 69 72107
17 70 78716
17 71 26690
17 72 325
17 73 11494
17 74 64914
17 75 58346
17 76 59764
17 77 94803
17 78 99376
17 79 22736
17 80 85435
17 81 25203
17 82 20848
17 83 97401
17 84 79477
17 85 22437
17 86 75793
17 87 83788
17 88 29952
17 89 28885
17 90 49617
17 91 54041
17 92 2689
17 93 19743
17 94 74122
17 95 90101
17 96 21
17 97 1179
17 98 42161
17 99 7604
17 100 76895
17 101 66392
17 102 77708
17 103 59938
17 104 83044
17 105 28039
17 106 4814
17 107 14996
17 108 47177
17 109 10021
17 110 7362
17 111 690
17 112 24106
17 113 59844
17 114 69215
17 115 74073
17 116 85972
17 117 87980
17 118 14472
17 119 46341
18 19 23833
18 20 46648
18 21 79795
18 22 10841
18 23 90186
18 24 56288
18 25 16333
18 26 16249
18 27 21785
18 28 41323
18 29 94420
18 30 17727
18 31 2860
18 32 89549
18 33 52191
18 34 73097
18 35 10886
18 36 46303
18 37 53321
18 38 93492
18 39 71496
18 40 27565
18 41 32170
18 42 40122
18 43 58012
18 44 89699
18 45 19371
18 46 44448
18 47 4796
18 48 50653
18 49 32506
18 50 27301
18 51 60936
18 52 83766
18 53 74633
18 54 99125
18 55 64581
18 56 64000
18 57 53631
18 58 85148
18 59 80048
18 60 10011
18 61 14947
18 62 51301
18 63 65268
18 64 1574
18 65 81879
18 66 48843
18 67 16606
18 68 44039
18 69 43928
18 70 60271
18 71 60681
18 72 33
18 73 75048
18 74 22789
18 75 23860
18 76 67910
18 77 67568
18 78 91678
18 79 21525
18 80 14664
18 81 56240
18 82 65106
18 83 12702
18 84 88239
18 85 97040
18 86 74121
18 87 41426
18 88 83698
18 89 62382
18 90 90607
18 91 97464
18 92 46718
18 93 30562
18 94 33881
18 95 4217
18 96 49862
18 97 45575
18 98 17374
18 99 17107
18 100 35817
18 101 69897
18 102 49069
18 103 29392
18 104 60422
18 105 96553
18 106 19344
18 107 54460
18 108 54366
18 109 11594
18 110 27877
18 111 28601
18 112 31386
18 113 95965
18 114 35966
18 115 93040
18 116 23988
18 117 17504
18 118 66546
18 119 74988
19 20 2082
19 21 55747
19 22 38961
19 23 52538
19 24 88662
19 25 41872
19 26 14573
19 27 7342
19 28 55005
19 29 7128
19 30 50981
19 31 82128
19 32 92808
19 33 84182
19 34 83608
19 35 36051
19 36 72223
19 37 80150
19 38 74662
19 39 1920
19 40 76892
19 41 65841
19 42 30434
19 43 21540
19 44 79439
19 45 22331
19 46 21165
19 47 67335
19 48 33789
19 49 34102
19 50 57640
19 51 97397
19 52 68350
19 53 97485
19 54 98314
19 55 45205
19 56 6467
19 57 98022
19 58 82490
19 59 36019
19 60 66879
19 61 34904
19 62 20297
19 63 91272
19 64 74792
19 65 48981
19 66 98837
19 67 20909
19 68 67779
19 69 12610
19 70 61141
19 71 99342
19 72 79546
19 73 39893
19 74 68356
19 75 96372
19 76 28486
19 77 76192
19 78 64763
19 79 46836
19 80 26472
19 81 25219
19 82 92359
19 83 72319
19 84 84941
19 85 43501
19 86 98202
19 87 34104
19 88 41904
19 89 91828
19 90 47316
19 91 25906
19 92 598
19 93 25937
19 94 79906
19 95 7787
19 96 68968
19 97 81469
19 98 93569
19 99 48839
19 100 33653
19 101 69431
19 102 88872
19 103 4334
19 104 95391
19 105 77442
19 106 93202
19 107 75002
19 108 12395
19 109 41297
19 110 17897
19 111 77135
19 112 5511
19 113 6385
19 114 15377
19 115 7060
19 116 99143
19 117 2763
19 118 4725
19 119 31430
20 21 80070
20 22 15280
20 23 11299
20 24 12898
20 25 95138
20 26 37579
20 27 95316
20 28 99743
20 29 95681
20 30 12359
20 31 26924
20 32 76374
20 33 24682
20 34 52116
20 35 26157
20 36 36836
20 37 55327
20 38 58887
20 39 71373
20 40 68268
20 41 80940
20 42 6948
20 43 86465
20 44 53646
20 45 67928
20 46 68510
20 47 91390
20 48 50315
20 49 58094
20 50 56656
20 51 45610
20 52 4462
20 53 64337
20 54 7594
20 55 32998
20 56 32314
20 57 56904
20 58 67514
20 59 2411
20 60 77955
20 61 78955
20 62 41436
20 63 40126
20 64 4523
20 65 23832
20 66 3528
20 67 65064
20 68 56896
20 69 61569
20 70 64637
20 71 34195
20 72 51006
20 73 33941
20 74 75314
20 75 82778
20 76 12633
20 77 45028
20 78 43620
20 79 44885
20 80 4712
20 81 89897
20 82 18529
20 83 1656
20 84 47851
20 85 26627
20 86 17375
20 87 79965
20 88 33943
20 89 11665
20 90 37959
20 91 77412
20 92 72661
20 93 64097
20 94 1361
20 95 68542
20 96 40033
20 97 1646
20 98 667
20 99 23804
20 100 13925
20 101 95793
20 102 68649
20 103 99933
20 104 78296
20 105 38982
20 106 84831
20 107 72426
20 108 50827
20 109 65876
20 110 57822
20 111 14614
20 112 7758
20 113 23431
20 114 42130
20 115 19608
20 116 17254
20 117 21516
20 118 99160
20 119 35986
21 22 91521
21 23 41377
21 24 80908
21 25 22293
21 26 46429
21 27 20160
21 28 7879
21 29 6646
21 30 64123
21 31 40536
21 32 61036
21 33 23077
21 34 64655
21 35 36911
21 36 65638
21 37 10756
21 38 42400
21 39 56810
21 40 12144
21 41 76340
21 42 80339
21 43 96552
21 44 52661
21 45 10387
21 46 87069
21 47 9078
21 48 68008
21 49 31108
21 50 97701
21 51 68460
21 52 35856
21 53 44899
21 54 34422
21 55 44600
21 56 14204
21 57 27805
21 58 70646
21 59 32269
21 60 80738
21 61 47695
21 62 89575
21 63 49654
21 64 85016
21 65 75677
21 66 94845
21 67 88050
21 68 28822
21 69 69747
21 70 49625
21 71 96827
21 72 26782
21 73 53647
21 74 74910
21 75 79032
21 76 13184
21 77 60249
21 78 50762
21 79 49281
21 80 51879
21 81 29481
21 82 40416
21 83 12058
21 84 12423
21 85 39601
21 86 52622
21 87 83287
21 88 5190
21 89 67728
21 90 86839
21 91 72655
21 92 28997
21 93 56970
21 94 54301
21 95 9675
21 96 46492
21 97 78588
21 98 96442
21 99 66508
21 100 81141
21 101 1783
21 102 82429
21 103 9274
21 104 3872
21 105 36454
21 106 37630
21 107 29624
21 108 47541
21 109 29447
21 110 58559
21 111 90210
21 112 85152
21 113 61962
21 114 51359
21 115 96616
21 116 85208
21 117 46839
21 118 87235
21 119 54325
22 23 85135
22 24 44180
22 25 64421
22 26 64674
22 27 57242
22 28 4586
22 29 54502
22 30 96154
22 31 91833
22 32 91300
22 33 54593
22 34 28817
22 35 60674
22 36 90274
22 37 14017
22 38 59314
22 39 36532
22 40 6656
22 41 19609
22 42 61598
22 43 67123
22 44 31176
22 45 2245
22 46 25973
22 47 50026
22 48 43826
22 49 26103
22 50 31887
22 51 98957
22 52 17100
22 53 59602
22 54 94168
22 55 95040
22 56 47910
22 57 31035
22 58 95249
22 59 23331
22 60 75993
22 61 21912
22 62 85037
22 63 86722
22 64 50159
22 65 49115
22 66 52811
22 67 60269
22 68 51618
22 69 79741
22 70 3819
22 71 89322
22 72 18532
22 73 8300
22 74 65957
22 75 84308
22 76 50143
22 77 29249
22 78 85081
22 79 28295
22 80 92432
22 81 49870
22 82 95500
22 83 50604
22 84 21020
22 85 24801
22 86 65504
22 87 14466
22 88 46680
22 89 15004
22 90 22624
22 91 72614
22 92 71833
22 93 44130
22 94 34527
22 95 61951
22 96 70487
22 97 58387
22 98 25053
22 99 10081
22 100 41004
22 101 41230
22 102 32936
22 103 52900
22 104 61807
22 105 94615
22 106 36605
22 107 81174
22 108 80661
22 109 39857
22 110 79357
22 111 71000
22 112 15696
22 113 19665
22 114 14172
22 115 29052
22 116 64773
22 117 33505
22 118 100000
22 119 50335
23 24 59216
23 25 29020
23 26 61953
23 27 89942
23 28 64444
23 29 32674
23 30 16134
23 31 27018
23 32 47214
23 33 60256
23 34 29623
23 35 56365
23 36 46405
23 37 46473
23 38 61148
23 39 95805
23 40 13100
23 41 1446
23 42 13285
23 43 9076
23 44 78064
23 45 3308
23 46 91363
23 47 38760
23 48 53529
23 49 90743
23 50 42601
23 51 78018
23 52 31003
23 53 83347
23 54 44033
23 55 56680
23 56 45190
23 57 14780
23 58 1430
23 59 23933
23 60 18298
23 61 58058
23 62 60461
23 63 40896
23 64 62431
23 65 12729
23 66 79244
23 67 86957
23 68 28294
23 69 11842
23 70 30449
23 71 8963
23 72 90242
23 73 71195
23 74 99180
23 75 4803
23 76 43084
23 77 63444
23 78 56625
23 79 76739
23 80 35787
23 81 49821
23 82 17805
23 83 69330
23 84 7725
23 85 28486
23 86 93847
23 87 8848
23 88 46773
23 89 64382
23 90 55133
23 91 25498
23 92 53894
23 93 86674
23 94 5661
23 95 59127
23 96 10833
23 97 56446
23 98 20172
23 99 29588
23 100 39616
23 101 50012
23 102 89644
23 103 9526
23 104 57539
23 105 94405
23 106 51595
23 107 84308
23 108 18471
23 109 50956
23 110 73913
23 111 14715
23 112 66358
23 113 33873
23 114 74181
23 115 40705
23 116 57347
23 117 45374
23 118 6631
23 119 82203
24 25 53202
24 26 11127
24 27 69791
24 28 59363
24 29 8176
24 30 81575
24 31 21732
24 32 48208
24 33 89406
24 34 28308
24 35 45417
24 36 71397
24 37 34015
24 38 32350
24 39 81728
24 40 49325
24 41 33151
24 42 85455
24 43 73964
24 44 76469
24 45 87406
24 46 56414
24 47 77812
24 48 17679
24 49 2485
24 50 16335
24 51 98672
24 52 66241
24 53 21621
24 54 77538
24 55 89168
24 56 79133
24 57 9962
24 58 15961
24 59 91487
24 60 57458
24 61 39670
24 62 84567
24 63 51398
24 64 87842
24 65 13517
24 66 1405
24 67 66148
24 68 6428
24 69 5832
24 70 61968
24 71 41363
24 72 74896
24 73 22634
24 74 82922
24 75 34110
24 76 84727
24 77 15305
24 78 92851
24 79 98282
24 80 93583
24 81 34056
24 82 93701
24 83 25742
24 84 35851
24 85 38684
24 86 25982
24 87 66493
24 88 64827
24 89 58118
24 90 20821
24 91 93989
24 92 70503
24 93 59519
24 94 42573
24 95 63998
24 96 80993
24 97 69624
24 98 10490
24 99 85801
24 100 5112
24 101 16878
24 102 44973
24 103 38051
24 104 72544
24 105 82158
24 106 66962
24 107 51672
24 108 60965
24 109 5690
24 110 38377
24 111 63607
24 112 53993
24 113 6105
24 114 12613
24 115 24487
24 116 67203
24 117 4016
24 118 47434
24 119 1031
25 26 87551
25 27 86577
25 28 51648
25 29 58771
25 30 3763
25 31 92
25 32 15946
25 33 8195
25 34 12488
25 35 33953
25 36 82195
25 37 97583
25 38 12655
25 39 35458
25 40 22731
25 41 59773
25 42 28472
25 43 30134
25 44 36258
25 45 86249
25 46 61091
25 47 98381
25 48 23084
25 49 74112
25 50 13756
25 51 69695
25 52 76083
25 53 57788
25 54 77357
25 55 82474
25 56 1377
25 57 24926
25 58 14640
25 59 81273
25 60 31315
25 61 12316
25 62 86499
25 63 12615
25 64 55715
25 65 72917
25 66 11980
25 67 10859
25 68 91126
25 69 10062
25 70 19997
25 71 20408
25 72 14137
25 73 63661
25 74 29743
25 75 92898
25 76 37619
25 77 30092
25 78 54163
25 79 26058
25 80 92809
25 81 95163
25 82 34520
25 83 93668
25 84 7802
25 85 93133
25 86 63039
25 87 54390
25 88 8929
25 89 81729
25 90 23810
25 91 80954
25 92 86644
25 93 17277
25 94 4811
25 95 99169
25 96 34854
25 97 90698
25 98 92125
25 99 73936
25 100 85003
25 101 50862
25 102 89292
25 103 30413
25 104 37720
25 105 54386
25 106 8812
25 107 89532
25 108 30770
25 109 17747
25 110 358
25 111 26315
25 112 49773
25 113 67384
25 114 24282
25 115 72645
25 116 86193
25 117 81604
25 118 71803
25 119 83838
26 27 9061
26 28 29607
26 29 22075
26 30 96996
26 31 66666
26 32 62327
26 33 7353
26 34 24664
26 35 24764
26 36 95680
26 37 44777
26 38 8815
26 39 70578
26 40 35666
26 41 85540
26 42 22443
26 43 11790
26 44 51403
26 45 11666
26 46 28298
26 47 4788
26 48 36481
26 49 52501
26 50 45170
26 51 90333
26 52 36769
26 53 60313
26 54 44163
26 55 18495
26 56 58048
26 57 80092
26 58 46504
26 59 12792
26 60 56746
26 61 82100
26 62 94257
26 63 31284
26 64 37708
26 65 39786
26 66 96409
26 67 94774
26 68 96322
26 69 76812
26 70 8686
26 71 87629
26 72 31671
26 73 64837
26 74 40914
26 75 97210
26 76 40637
26 77 30690
26 78 6928
26 79 35917
26 80 11123
26 81 41144
26 82 48869
26 83 93503
26 84 79572
26 85 29984
26 86 46647
26 87 81104
26 88 24214
26 89 91640
26 90 83881
26 91 55758
26 92 39310
26 93 54754
26 94 39370
26 95 99300
26 96 61447
26 97 40371
26 98 26092
26 99 74117
26 100 19277
26 101 56680
26 102 29322
26 103 16292
26 104 79803
26 105 76129
26 106 69088
26 107 45451
26 108 47593
26 109 94926
26 110 37482
26 111 93346
26 112 64606
26 113 96937
26 114 78197
26 115 96198
26 116 88803
26 117 67644
26 118 90049
26 119 71807
27 28 15075
27 29 28589
27 30 91560
27 31 88550
27 32 7060
27 33 31456
27 34 16430
27 35 26859
27 36 92971
27 37 59993
27 38 91565
27 39 45709
27 40 74309
27 41 76147
27 42 20517
27 43 72918
27 44 57367
27 45 89474
27 46 67424
27 47 96683
27 48 20545
27 49 48298
27 50 83549
27 51 47226
27 52 73340
27 53 12395
27 54 46644
27 55 88806
27 56 95794
27 57 68194
27 58 22125
27 59 49829
27 60 99887
27 61 71782
27 62 99347
27 63 72360
27 64 79747
27 65 37877
27 66 13561
27 67 69391
27 68 72458
27 69 60358
27 70 79697
27 71 56806
27 72 90661
27 73 68996
27 74 76487
27 75 27586
27 76 6064
27 77 12346
27 78 4226
27 79 89282
27 80 48548
27 81 17415
27 82 23670
27 83 21431
27 84 48846
27 85 68326
27 86 79983
27 87 87117
27 88 8309
27 89 9222
27 90 9475
27 91 89012
27 92 97779
27 93 46601
27 94 86610
27 95 32674
27 96 61110
27 97 39447
27 98 27166
27 99 70667
27 100 38745
27 101 99718
27 102 41136
27 103 28709
27 104 12697
27 105 82928
27 106 69844
27 107 9287
27 108 98367
27 109 68816
27 110 96227
27 111 82337
27 112 7390
27 113 13297
27 114 84222
27 115 52015
27 116 83508
27 117 53887
27 118 389
27 119 58184
28 29 30282
28 30 61357
28 31 79090
28 32 86329
28 33 80362
28 34 79773
28 35 66655
28 36 14944
28 37 68801
28 38 84891
28 39 43587
28 40 29162
28 41 73369
28 42 87848
28 43 48795
28 44 47402
28 45 621
28 46 1229
28 47 3037
28 48 19944
28 49 37026
28 50 31761
28 51 19021
28 52 80078
28 53 24426
28 54 14488
28 55 2061
28 56 51985
28 57 83344
28 58 81503
28 59 55889
28 60 51913
28 61 80244
28 62 31490
28 63 56515
28 64 49216
28 65 11616
28 66 91210
28 67 92665
28 68 418
28 69 57570
28 70 19101
28 71 92802
28 72 68549
28 73 20350
28 74 50924
28 75 12845
28 76 71761
28 77 96823
28 78 3046
28 79 84063
28 80 13271
28 81 24566
28 82 97728
28 83 63622
28 84 39450
28 85 40385
28 86 65796
28 87 70778
28 88 48035
28 89 1236
28 90 15109
28 91 79861
28 92 20834
28 93 64633
28 94 67398
28 95 68325
28 96 18838
28 97 78129
28 98 9824
28 99 43825
28 100 7284
28 101 71508
28 102 76891
28 103 19790
28 104 80297
28 105 61519
28 106 40468
28 107 68799
28 108 6070
28 109 73304
28 110 87086
28 111 47551
28 112 3988
28 113 12777
28 114 31137
28 115 98869
28 116 16904
28 117 54713
28 118 87703
28 119 86797
29 30 70428
29 31 29739
29 32 8190
29 33 78448
29 34 83891
29 35 93926
29 36 63903
29 37 92891
29 38 38903
29 39 5202
29 40 58342
29 41 41467
29 42 47495
29 43 79943
29 44 89043
29 45 57746
29 46 5228
29 47 32028
29 48 38182
29 49 15956
29 50 34262
29 51 45994
29 52 72405
29 53 378
29 54 60755
29 55 85548
29 56 21101
29 57 33506
29 58 57623
29 59 32880
29 60 22722
29 61 39744
29 62 71490
29 63 18017
29 64 59545
29 65 32977
29 66 75751
29 67 34557
29 68 21513
29 69 40428
29 70 15364
29 71 66325
29 72 66460
29 73 88116
29 74 24458
29 75 98276
29 76 64586
29 77 48569
29 78 43629
29 79 17144
29 80 28662
29 81 8979
29 82 89798
29 83 60452
29 84 31585
29 85 90491
29 86 64519
29 87 96494
29 88 51772
29 89 15763
29 90 94588
29 91 39407
29 92 80387
29 93 45922
29 94 37980
29 95 36924
29 96 65451
29 97 74074
29 98 91200
29 99 73217
29 100 81356
29 101 78195
29 102 98206
29 103 24374
29 104 92441
29 105 79167
29 106 43342
29 107 76168
29 108 69743
29 109 15555
29 110 8613
29 111 84621
29 112 83021
29 113 42979
29 114 87617
29 115 63328
29 116 32231
29 117 75370
29 118 88027
29 119 66748
30 31 52361
30 32 7403
30 33 41538
30 34 63812
30 35 65483
30 36 67123
30 37 1934
30 38 31598
30 39 82054
30 40 21222
30 41 4296
30 42 87106
30 43 86835
30 44 71013
30 45 419
30 46 17822
30 47 53851
30 48 67905
30 49 55494
30 50 38382
30 51 6849
30 52 91553
30 53 26415
30 54 61620
30 55 43436
30 56 85846
30 57 40310
30 58 31808
30 59 67870
30 60 35143
30 61 68226
30 62 54517
30 63 59581
30 64 89582
30 65 6658
30 66 75187
30 67 63737
30 68 68048
30 69 94285
30 70 42699
30 71 18899
30 72 45019
30 73 93030
30 74 35329
30 75 13311
30 76 86288
30 77 41466
30 78 25514
30 79 8315
30 80 7356
30 81 55478
30 82 25186
30 83 18140
30 84 45664
30 85 6009
30 86 75610
30 87 31068
30 88 62286
30 89 83558
30 90 69745
30 91 4847
30 92 42996
30 93 20680
30 94 5146
30 95 98441
30 96 85534
30 97 91479
30 98 55794
30 99 9993
30 100 14889
30 101 4140
30 102 73329
30 103 78607
30 104 13402
30 105 16007
30 106 4469
30 107 56198
30 108 72930
30 109 79172
30 110 79128
30 111 13415
30 112 33011
30 113 22411
30 114 24899
30 115 81586
30 116 20741
30 117 77063
30 118 74957
30 119 65189
31 32 66220
31 33 17691
31 34 85199
31 35 32130
31 36 34978
31 37 51641
31 38 53083
31 39 66715
31 40 76391
31 41 87993
31 42 28608
31 43 30520
31 44 57756
31 45 93282
31 46 6097
31 47 37603
31 48 64557
31 49 51375
31 50 17999
31 51 71807
31 52 83354
31 53 10028
31 54 25214
31 55 27327
31 56 21300
31 57 74273
31 58 27165
31 59 71393
31 60 38773
31 61 83815
31 62 42118
31 63 60625
31 64 11891
31 65 24066
31 66 656
31 67 18627
31 68 17774
31 69 53202
31 70 823
31 71 2874
31 72 23691
31 73 32529
31 74 14267
31 75 9971
31 76 49040
31 77 79140
31 78 27256
31 79 90332
31 80 85309
31 81 79092
31 82 11189
31 83 93805
31 84 30344
31 85 27046
31 86 97449
31 87 57898
31 88 34
31 89 44653
31 90 52238
31 91 72045
31 92 13288
31 93 32894
31 94 60817
31 95 63708
31 96 20534
31 97 72539
31 98 10371
31 99 17116
31 100 51683
31 101 69147
31 102 74325
31 103 11444
31 104 63877
31 105 42215
31 106 72900
31 107 697
31 108 28057
31 109 47985
31 110 89290
31 111 26012
31 112 52343
31 113 15211
31 114 87459
31 115 88396
31 116 4614
31 117 96096
31 118 99607
31 119 35794
32 33 82718
32 34 61165
32 35 94982
32 36 71769
32 37 7233
32 38 92871
32 39 5307
32 40 21271
32 41 22666
32 42 51471
32 43 26350
32 44 23414
32 45 98774
32 46 85915
32 47 78817
32 48 11654
32 49 39323
32 50 52206
32 51 86009
32 52 30243
32 53 93472
32 54 66109
32 55 91024
32 56 13735
32 57 70631
32 58 36548
32 59 63801
32 60 20163
32 61 31111
32 62 70180
32 63 17397
32 64 88808
32 65 77931
32 66 6486
32 67 1447
32 68 91846
32 69 75217
32 70 11859
32 71 3095
32 72 9591
32 73 40353
32 74 80013
32 75 25447
32 76 73951
32 77 9475
32 78 55623
32 79 31741
32 80 89263
32 81 80786
32 82 83833
32 83 71814
32 84 8087
32 85 43179
32 86 85173
32 87 89473
32 88 45959
32 89 86482
32 90 30615
32 91 64684
32 92 34296
32 93 17323
32 94 81478
32 95 40409
32 96 47448
32 97 60844
32 98 70213
32 99 53220
32 100 51139
32 101 82204
32 102 17441
32 103 56902
32 104 22098
32 105 76121
32 106 66266
32 107 39247
32 108 41950
32 109 64530
32 110 4246
32 111 24918
32 112 56600
32 113 91395
32 114 5296
32 115 89441
32 116 76825
32 117 20332
32 118 72209
32 119 52772
33 34 43799
33 35 58203
33 36 90073
33 37 80397
33 38 88279
33 39 29025
33 40 78876
33 41 89861
33 42 44482
33 43 77076
33 44 76361
33 45 94030
33 46 79127
33 47 78944
33 48 32846
33 49 91866
33 50 86080
33 51 37652
33 52 70509
33 53 27425
33 54 36598
33 55 43216
33 56 43037
33 57 54798
33 58 29861
33 59 19841
33 60 81239
33 61 69736
33 62 70198
33 63 927
33 64 94798
33 65 14459
33 66 1032
33 67 98125
33 68 98091
33 69 53496
33 70 28051
33 71 28496
33 72 4441
33 73 9337
33 74 83453
33 75 20967
33 76 19515
33 77 74341
33 78 31904
33 79 46653
33 80 65343
33 81 76422
33 82 92195
33 83 11937
33 84 44561
33 85 41947
33 86 86286
33 87 56068
33 88 53848
33 89 98828
33 90 43000
33 91 30173
33 92 29084
33 93 69040
33 94 30836
33 95 71964
33 96 40314
33 97 41393
33 98 39359
33 99 33912
33 100 97087
33 101 32447
33 102 24089
33 103 23784
33 104 56719
33 105 16546
33 106 16411
33 107 91724
33 108 20684
33 109 6530
33 110 4666
33 111 97951
33 112 24239
33 113 78493
33 114 85724
33 115 46752
33 116 62570
33 117 67090
33 118 64632
33 119 84300
34 35 78133
34 36 65369
34 37 64800
34 38 82329
34 39 54376
34 40 19009
34 41 99784
34 42 35725
34 43 36848
34 44 87550
34 45 96839
34 46 68740
34 47 78790
34 48 34308
34 49 36256
34 50 3697
34 51 78288
34 52 9662
34 53 52466
34 54 44777
34 55 55656
34 56 58445
34 57 84508
34 58 55763
34 59 10612
34 60 61623
34 61 15791
34 62 93911
34 63 85199
34 64 29442
34 65 93889
34 66 20148
34 67 15603
34 68 72351
34 69 32536
34 70 57576
34 71 81842
34 72 94727
34 73 77842
34 74 65203
34 75 2611
34 76 21190
34 77 11302
34 78 89950
34 79 17855
34 80 59742
34 81 88153
34 82 47168
34 83 68125
34 84 96583
34 85 52668
34 86 67245
34 87 19108
34 88 90442
34 89 56594
34 90 26447
34 91 40621
34 92 53004
34 93 49562
34 94 11492
34 95 1558
34 96 8574
34 97 47676
34 98 84061
34 99 45126
34 100 77151
34 101 24621
34 102 758
34 103 57393
34 104 56076
34 105 7820
34 106 61255
34 107 84231
34 108 73402
34 109 55139
34 110 86115
34 111 15312
34 112 3118
34 113 39276
34 114 20048
34 115 52292
34 116 74293
34 117 35500
34 118 5755
34 119 26169
35 36 49165
35 37 55478
35 38 27996
35 39 38330
35 40 40945
35 41 87433
35 42 79131
35 43 5986
35 44 75536
35 45 48392
35 46 3809
35 47 96011
35 48 19904
35 49 35435
35 50 86246
35 51 17797
35 52 48742
35 53 55438
35 54 85143
35 55 6221
35 56 52388
35 57 88869
35 58 57768
35 59 43047
35 60 18753
35 61 53195
35 62 41895
35 63 95538
35 64 27531
35 65 47947
35 66 69323
35 67 41503
35 68 88767
35 69 65645
35 70 71511
35 71 63406
35 72 56032
35 73 59319
35 74 72274
35 75 8308
35 76 93412
35 77 71731
35 78 67998
35 79 94742
35 80 3173
35 81 41559
35 82 10804
35 83 51531
35 84 17891
35 85 58898
35 86 59418
35 87 72933
35 88 42570
35 89 58539
35 90 69810
35 91 39789
35 92 91499
35 93 56616
35 94 72644
35 95 52216
35 96 55160
35 97 41617
35 98 78164
35 99 89345
35 100 55654
35 101 91584
35 102 4857
35 103 62494
35 104 16710
35 105 70499
35 106 49226
35 107 41754
35 108 61409
35 109 57992
35 110 6787
35 111 85966
35 112 98809
35 113 4603
35 114 55014
35 115 13800
35 116 49615
35 117 48784
35 118 39490
35 119 36683
36 37 93104
36 38 55102
36 39 57628
36 40 84006
36 41 91589
36 42 967
36 43 61391
36 44 43759
36 45 87944
36 46 10943
36 47 66675
36 48 17832
36 49 73957
36 50 65264
36 51 21802
36 52 72886
36 53 27478
36 54 2341
36 55 69087
36 56 77584
36 57 99358
36 58 38112
36 59 35649
36 60 60163
36 61 14960
36 62 42860
36 63 39618
36 64 94710
36 65 97549
36 66 60994
36 67 41124
36 68 32918
36 69 81323
36 70 70591
36 71 90684
36 72 60742
36 73 37828
36 74 14368
36 75 77473
36 76 8334
36 77 4202
36 78 88831
36 79 26615
36 80 8124
36 81 82369
36 82 22415
36 83 35518
36 84 84779
36 85 29273
36 86 31179
36 87 78660
36 88 56317
36 89 53826
36 90 54549
36 91 98710
36 92 24789
36 93 14108
36 94 69124
36 95 37536
36 96 36693
36 97 39217
36 98 76433
36 99 74260
36 100 14645
36 101 52963
36 102 88342
36 103 44214
36 104 29648
36 105 59997
36 106 54882
36 107 83381
36 108 33917
36 109 50327
36 110 66697
36 111 36154
36 112 20307
36 113 16875
36 114 97540
36 115 44842
36 116 57324
36 117 29618
36 118 99357
36 119 15312
37 38 1571
37 39 47872
37 40 73233
37 41 80904
37 42 21553
37 43 47790
37 44 64822
37 45 40012
37 46 21635
37 47 85736
37 48 36968
37 49 17389
37 50 71909
37 51 84125
37 52 92905
37 53 17348
37 54 96425
37 55 29134
37 56 57594
37 57 43090
37 58 53640
37 59 17586
37 60 42007
37 61 99995
37 62 59490
37 63 51058
37 64 52498
37 65 63164
37 66 35874
37 67 15820
37 68 35705
37 69 81821
37 70 41983
37 71 35404
37 72 60198
37 73 84927
37 74 39142
37 75 24430
37 76 6236
37 77 76964
37 78 97837
37 79 49495
37 80 27012
37 81 82156
37 82 12643
37 83 81017
37 84 98883
37 85 85322
37 86 72185
37 87 67998
37 88 63904
37 89 43797
37 90 20226
37 91 72813
37 92 69297
37 93 39684
37 94 54697
37 95 62264
37 96 11233
37 97 62278
37 98 36762
37 99 34256
37 100 78618
37 101 40036
37 102 60685
37 103 29067
37 104 57431
37 105 88123
37 106 13297
37 107 10294
37 108 66319
37 109 49287
37 110 86204
37 111 31214
37 112 74396
37 113 18772
37 114 89387
37 115 65208
37 116 61008
37 117 53416
37 118 54845
37 119 29748
38 39 27975
38 40 70531
38 41 1058
38 42 53349
38 43 38540
38 44 84092
38 45 80909
38 46 10018
38 47 15486
38 48 50757
38 49 82352
38 50 2868
38 51 10981
38 52 89165
38 53 76206
38 54 57192
38 55 78195
38 56 85803
38 57 75432
38 58 19300
38 59 25999
38 60 35451
38 61 86251
38 62 47646
38 63 1259
38 64 32550
38 65 1335
38 66 78103
38 67 64142
38 68 71250
38 69 78085
38 70 65230
38 71 29063
38 72 85146
38 73 79801
38 74 23862
38 75 59415
38 76 1069
38 77 43268
38 78 7483
38 79 5180
38 80 25103
38 81 2001
38 82 82764
38 83 92206
38 84 57917
38 85 11472
38 86 35075
38 87 33370
38 88 47590
38 89 92188
38 90 32159
38 91 85072
38 92 20033
38 93 63487
38 94 92328
38 95 13229
38 96 87103
38 97 60769
38 98 86883
38 99 4807
38 100 58624
38 101 20883
38 102 65577
38 103 12683
38 104 37972
38 105 3666
38 106 20786
38 107 4016
38 108 30878
38 109 47139
38 110 9557
38 111 79518
38 112 57651
38 113 87552
38 114 7720
38 115 15204
38 116 6381
38 117 30574
38 118 74832
38 119 43128
39 40 12993
39 41 42745
39 42 47663
39 43 83527
39 44 10353
39 45 98607
39 46 20079
39 47 41932
39 48 44797
39 49 33379
39 50 39489
39 51 60716
39 52 96781
39 53 34027
39 54 71786
39 55 80033
39 56 51556
39 57 60893
39 58 94567
39 59 56380
39 60 35006
39 61 5838
39 62 6518
39 63 23024
39 64 53711
39 65 68090
39 66 60068
39 67 61035
39 68 8450
39 69 29679
39 70 33825
39 71 45413
39 72 60047
39 73 62385
39 74 31401
39 75 48262
39 76 24460
39 77 51422
39 78 50461
39 79 4054
39 80 16323
39 81 65715
39 82 31531
39 83 62400
39 84 67582
39 85 391
39 86 97496
39 87 37765
39 88 43422
39 89 30784
39 90 80852
39 91 76668
39 92 36821
39 93 21472
39 94 92490
39 95 77894
39 96 27138
39 97 17030
39 98 22173
39 99 4444
39 100 12629
39 101 16720
39 102 40263
39 103 24560
39 104 22552
39 105 60556
39 106 45288
39 107 55113
39 108 35847
39 109 65288
39 110 55976
39 111 15243
39 112 62509
39 113 12867
39 114 44451
39 115 88083
39 116 99987
39 117 640
39 118 31958
39 119 97534
40 41 55622
40 42 67900
40 43 97307
40 44 79439
40 45 39706
40 46 14006
40 47 64060
40 48 62473
40 49 33845
40 50 42717
40 51 22205
40 52 51872
40 53 22167
40 54 83651
40 55 41011
40 56 7205
40 57 48169
40 58 33239
40 59 119
40 60 70470
40 61 31026
40 62 1696
40 63 10571
40 64 70619
40 65 23139
40 66 45213
40 67 25894
40 68 60694
40 69 71171
40 70 10219
40 71 56089
40 72 17017
40 73 39783
40 74 60304
40 75 72424
40 76 37457
40 77 40151
40 78 50637
40 79 86602
40 80 98019
40 81 73263
40 82 38603
40 83 71860
40 84 83842
40 85 87282
40 86 98308
40 87 35185
40 88 89426
40 89 82487
40 90 35612
40 91 24642
40 92 70392
40 93 86586
40 94 72113
40 95 4460
40 96 33275
40 97 14389
40 98 754
40 99 44887
40 100 72393
40 101 31381
40 102 96681
40 103 22431
40 104 78336
40 105 67953
40 106 54867
40 107 59773
40 108 31125
40 109 82946
40 110 56156
40 111 63844
40 112 76661
40 113 61006
40 114 70149
40 115 53062
40 116 51644
40 117 72882
40 118 55503
40 119 38129
41 42 94608
41 43 1911
41 44 89992
41 45 7041
41 46 4390
41 47 58062
41 48 65879
41 49 95665
41 50 44619
41 51 76799
41 52 84352
41 53 7250
41 54 98856
41 55 28912
41 56 42920
41 57 82517
41 58 6693
41 59 21784
41 60 4567
41 61 20461
41 62 63269
41 63 12504
41 64 76496
41 65 36686
41 66 53677
41 67 92639
41 68 33649
41 69 22104
41 70 71127
41 71 4262
41 72 17259
41 73 64018
41 74 80678
41 75 53316
41 76 97198
41 77 74873
41 78 44243
41 79 310
41 80 86275
41 81 89122
41 82 94495
41 83 94482
41 84 30867
41 85 24644
41 86 66172
41 87 84164
41 88 93403
41 89 35522
41 90 2816
41 91 82955
41 92 47450
41 93 54918
41 94 51859
41 95 4197
41 96 55452
41 97 67942
41 98 30442
41 99 3595
41 100 28928
41 101 99419
41 102 50001
41 103 73806
41 104 42157
41 105 2857
41 106 66284
41 107 44101
41 108 13784
41 109 46034
41 110 73461
41 111 89342
41 112 27544
41 113 5743
41 114 94466
41 115 31547
41 116 80114
41 117 80251
41 118 95046
41 119 95823
42 43 87328
42 44 14770
42 45 27434
42 46 69495
42 47 45817
42 48 34090
42 49 98727
42 50 85680
42 51 35206
42 52 39146
42 53 72454
42 54 53758
42 55 45494
42 56 45728
42 57 31004
42 58 69445
42 59 38297
42 60 57173
42 61 99035
42 62 16739
42 63 65804
42 64 30130
42 65 72975
42 66 7885
42 67 72130
42 68 94657
42 69 29930
42 70 86809
42 71 504
42 72 25319
42 73 81801
42 74 27102
42 75 50365
42 76 36472
42 77 42824
42 78 5280
42 79 94542
42 80 4880
42 81 13789
42 82 92547
42 83 48563
42 84 90426
42 85 62569
42 86 51337
42 87 42531
42 88 39783
42 89 12306
42 90 78239
42 91 94086
42 92 6302
42 93 66346
42 94 3807
42 95 53594
42 96 8606
42 97 8121
42 98 9323
42 99 46526
42 100 15416
42 101 57426
42 102 94169
42 103 83367
42 104 44907
42 105 97738
42 106 8582
42 107 60184
42 108 59669
42 109 1587
42 110 15703
42 111 68282
42 112 60357
42 113 12156
42 114 59553
42 115 90458
42 116 41877
42 117 88305
42 118 76658
42 119 91213
43 44 27354
43 45 64924
43 46 32123
43 47 16505
43 48 75254
43 49 38273
43 50 74173
43 51 63908
43 52 30741
43 53 74363
43 54 33925
43 55 33835
43 56 68898
43 57 69068
43 58 14052
43 59 59137
43 60 23016
43 61 21997
43 62 58233
43 63 10482
43 64 29451
43 65 11376
43 66 58643
43 67 26617
43 68 58010
43 69 16187
43 70 3768
43 71 84947
43 72 82868
43 73 12328
43 74 6337
43 75 88943
43 76 75063
43 77 55475
43 78 18446
43 79 21947
43 80 45666
43 81 47149
43 82 24127
43 83 91154
43 84 39565
43 85 25347
43 86 56733
43 87 32706
43 88 67984
43 89 55599
43 90 8288
43 91 88300
43 92 10056
43 93 46690
43 94 48348
43 95 54133
43 96 90483
43 97 76597
43 98 66909
43 99 40789
43 100 68511
43 101 16841
43 102 39872
43 103 88777
43 104 68178
43 105 74664
43 106 45630
43 107 58087
43 108 32993
43 109 7744
43 110 1164
43 111 94847
43 112 26866
43 113 62783
43 114 96723
43 115 25129
43 116 46436
43 117 41533
43 118 4611
43 119 22040
44 45 49661
44 46 60431
44 47 99519
44 48 49532
44 49 16872
44 50 51539
44 51 70718
44 52 62993
44 53 72217
44 54 17130
44 55 53269
44 56 30908
44 57 90555
44 58 43187
44 59 63225
44 60 35677
44 61 91839
44 62 23389
44 63 68548
44 64 55345
44 65 53023
44 66 42574
44 67 74441
44 68 443
44 69 53275
44 70 21027
44 71 44917
44 72 46224
44 73 93239
44 74 80226
44 75 85687
44 76 97381
44 77 28248
44 78 64253
44 79 17178
44 80 22787
44 81 35482
44 82 13476
44 83 61705
44 84 81481
44 85 16724
44 86 86272
44 87 63489
44 88 78121
44 89 40318
44 90 1713
44 91 51591
44 92 14268
44 93 81657
44 94 45947
44 95 3582
44 96 77720
44 97 47177
44 98 99819
44 99 50296
44 100 60136
44 101 90305
44 102 38871
44 103 5393
44 104 6209
44 105 25324
44 106 45821
44 107 19347
44 108 78666
44 109 92697
44 110 98208
44 111 42401
44 112 39719
44 113 15467
44 114 87844
44 115 37900
44 116 82890
44 117 67454
44 118 31735
44 119 63203
45 46 32888
45 47 38350
45 48 26849
45 49 68848
45 50 56622
45 51 93859
45 52 76926
45 53 34893
45 54 60471
45 55 21287
45 56 68476
45 57 64169
45 58 40145
45 59 20724
45 60 78995
45 61 13636
45 62 95130
45 63 19324
45 64 23352
45 65 5196
45 66 50323
45 67 72965
45 68 77237
45 69 5201
45 70 38831
45 71 66476
45 72 32455
45 73 27446
45 74 79728
45 75 65114
45 76 14614
45 77 76876
45 78 55893
45 79 1226
45 80 61916
45 81 66104
45 82 19529
45 83 56532
45 84 24091
45 85 78628
45 86 51571
45 87 97101
45 88 24205
45 89 22209
45 90 12200
45 91 86429
45 92 60069
45 93 84750
45 94 6533
45 95 92973
45 96 61491
45 97 96489
45 98 60854
45 99 8541
45 100 30590
45 101 77199
45 102 52134
45 103 55689
45 104 5687
45 105 82017
45 106 49809
45 107 26262
45 108 98573
45 109 47333
45 110 5924
45 111 76385
45 112 4927
45 113 99916
45 114 26369
45 115 99234
45 116 28058
45 117 41057
45 118 32659
45 119 57642
46 47 88266
46 48 19805
46 49 97747
46 50 58794
46 51 77423
46 52 67165
46 53 91708
46 54 35500
46 55 76093
46 56 34938
46 57 33186
46 58 42377
46 59 5410
46 60 18404
46 61 25785
46 62 15803
46 63 76581
46 64 9642
46 65 12403
46 66 64118
46 67 47904
46 68 25899
46 69 88703
46 70 33071
46 71 92491
46 72 88015
46 73 63917
46 74 67766
46 75 50763
46 76 8111
46 77 99775
46 78 28361
46 79 17146
46 80 565
46 81 63160
46 82 89443
46 83 83891
46 84 99481
46 85 67268
46 86 8231
46 87 77601
46 88 96434
46 89 89093
46 90 46259
46 91 31590
46 92 58659
46 93 87672
46 94 35163
46 95 19700
46 96 3971
46 97 96775
46 98 66648
46 99 25721
46 100 34181
46 101 18722
46 102 6493
46 103 92509
46 104 76704
46 105 87395
46 106 71753
46 107 92939
46 108 94933
46 109 99931
46 110 43315
46 111 20871
46 112 15982
46 113 43625
46 114 71318
46 115 26683
46 116 16618
46 117 98931
46 118 54761
46 119 61930
47 48 44452
47 49 2260
47 50 41175
47 51 33281
47 52 77524
47 53 89679
47 54 46602
47 55 41926
47 56 73881
47 57 81068
47 58 93572
47 59 92541
47 60 85589
47 61 79750
47 62 64476
47 63 36595
47 64 85636
47 65 94228
47 66 34160
47 67 16927
47 68 35452
47 69 33525
47 70 50017
47 71 74069
47 72 37348
47 73 52843
47 74 39449
47 75 15018
47 76 31304
47 77 8589
47 78 33346
47 79 85453
47 80 57460
47 81 4879
47 82 73341
47 83 66332
47 84 62518
47 85 36917
47 86 90255
47 87 62853
47 88 36842
47 89 51978
47 90 11481
47 91 38777
47 92 83435
47 93 48093
47 94 81125
47 95 74762
47 96 55016
47 97 26617
47 98 54127
47 99 72463
47 100 95384
47 101 42639
47 102 70955
47 103 96502
47 104 84327
47 105 71688
47 106 43608
47 107 12707
47 108 69820
47 109 47575
47 110 28942
47 111 65825
47 112 87459
47 113 88189
47 114 70524
47 115 91916
47 116 25859
47 117 84856
47 118 16213
47 119 9685
48 49 57982
48 50 26496
48 51 94691
48 52 51402
48 53 66492
48 54 3717
48 55 13226
48 56 82416
48 57 55838
48 58 11531
48 59 59257
48 60 64769
48 61 70123
48 62 10081
48 63 97833
48 64 79286
48 65 70150
48 66 64572
48 67 7614
48 68 75362
48 69 18186
48 70 48484
48 71 39868
48 72 38318
48 73 60094
48 74 40913
48 75 82930
48 76 11718
48 77 66693
48 78 76413
48 79 81056
48 80 29586
48 81 14275
48 82 79121
48 83 78236
48 84 86794
48 85 5453
48 86 90395
48 87 71837
48 88 30892
48 89 15285
48 90 25652
48 91 47130
48 92 4893
48 93 13020
48 94 23751
48 95 80408
48 96 67346
48 97 59006
48 98 66113
48 99 14753
48 100 10131
48 101 54135
48 102 3683
48 103 18104
48 104 37141
48 105 97372
48 106 56844
48 107 46235
48 108 44262
48 109 76762
48 110 19683
48 111 71796
48 112 86485
48 113 54153
48 114 71897
48 115 44104
48 116 28791
48 117 52389
48 118 2299
48 119 60616
49 50 95216
49 51 80086
49 52 60699
49 53 1706
49 54 13922
49 55 27266
49 56 54042
49 57 55970
49 58 83078
49 59 81774
49 60 87308
49 61 29629
49 62 16463
49 63 46920
49 64 49749
49 65 9061
49 66 88331
49 67 84152
49 68 72149
49 69 85265
49 70 99344
49 71 56676
49 72 2925
49 73 94070
49 74 20266
49 75 54653
49 76 54351
49 77 75558
49 78 70354
49 79 51448
49 80 36858
49 81 204
49 82 23699
49 83 48989
49 84 60613
49 85 49948
49 86 54939
49 87 3638
49 88 50013
49 89 83046
49 90 41355
49 91 26750
49 92 83155
49 93 61722
49 94 61077
49 95 3801
49 96 1490
49 97 28784
49 98 35862
49 99 2019
49 100 9799
49 101 32946
49 102 15305
49 103 40260
49 104 17237
49 105 72069
49 106 6033
49 107 95058
49 108 99041
49 109 64816
49 110 42944
49 111 27291
49 112 5188
49 113 40873
49 114 72353
49 115 74757
49 116 31203
49 117 77119
49 118 82549
49 119 91472
50 51 65172
50 52 83656
50 53 67742
50 54 58530
50 55 36288
50 56 32190
50 57 43652
50 58 93999
50 59 19014
50 60 8527
50 61 99274
50 62 76112
50 63 76643
50 64 3698
50 65 98555
50 66 25066
50 67 47642
50 68 15050
50 69 51139
50 70 20552
50 71 6061
50 72 55908
50 73 1392
50 74 47542
50 75 15499
50 76 31769
50 77 9107
50 78 55912
50 79 14586
50 80 92525
50 81 18899
50 82 61590
50 83 74330
50 84 42390
50 85 5497
50 86 33940
50 87 60977
50 88 28381
50 89 58314
50 90 55226
50 91 88599
50 92 7988
50 93 15876
50 94 92301
50 95 42448
50 96 9290
50 97 93301
50 98 89030
50 99 28760
50 100 49233
50 101 23595
50 102 13988
50 103 61367
50 104 9031
50 105 70526
50 106 48254
50 107 2514
50 108 25210
50 109 29642
50 110 54568
50 111 47122
50 112 20481
50 113 43503
50 114 93470
50 115 30335
50 116 51881
50 117 66391
50 118 5257
50 119 12206
51 52 42825
51 53 38460
51 54 78343
51 55 59044
51 56 62211
51 57 73802
51 58 27101
51 59 42509
51 60 84044
51 61 34561
51 62 66799
51 63 19336
51 64 89126
51 65 93879
51 66 74081
51 67 85160
51 68 84103
51 69 19602
51 70 42895
51 71 90857
51 72 70977
51 73 17781
51 74 71871
51 75 43702
51 76 51405
51 77 33124
51 78 69409
51 79 86692
51 80 69989
51 81 25964
51 82 55502
51 83 72954
51 84 98585
51 85 84331
51 86 69834
51 87 69740
51 88 28061
51 89 33669
51 90 48809
51 91 67153
51 92 57157
51 93 42395
51 94 24941
51 95 96730
51 96 98448
51 97 45941
51 98 10755
51 99 83190
51 100 24493
51 101 88740
51 102 15432
51 103 38235
51 104 1085
51 105 75852
51 106 51809
51 107 93380
51 108 98114
51 109 51432
51 110 60190
51 111 31479
51 112 38639
51 113 14026
51 114 81993
51 115 16311
51 116 34904
51 117 91398
51 118 81123
51 119 18326
52 53 91522
52 54 84760
52 55 94644
52 56 94990
52 57 50232
52 58 32968
52 59 35763
52 60 22960
52 61 74620
52 62 84376
52 63 42595
52 64 43383
52 65 46090
52 66 76529
52 67 97770
52 68 52424
52 69 17030
52 70 1603
52 71 27216
52 72 92705
52 73 89178
52 74 90811
52 75 22064
52 76 15540
52 77 76931
52 78 22539
52 79 82045
52 80 41764
52 81 51760
52 82 3884
52 83 53069
52 84 74602
52 85 1234
52 86 50998
52 87 21760
52 88 33363
52 89 42330
52 90 1690
52 91 78584
52 92 17272
52 93 32653
52 94 44961
52 95 72004
52 96 75565
52 97 90966
52 98 50718
52 99 1346
52 100 22768
52 101 74811
52 102 39739
52 103 38507
52 104 16383
52 105 88779
52 106 14379
52 107 88209
52 108 63548
52 109 46613
52 110 17383
52 111 53702
52 112 49708
52 113 39100
52 114 47189
52 115 37708
52 116 12468
52 117 92310
52 118 75376
52 119 73066
53 54 10899
53 55 36583
53 56 28442
53 57 89534
53 58 89349
53 59 87988
53 60 9143
53 61 38538
53 62 51329
53 63 40229
53 64 19667
53 65 59893
53 66 56699
53 67 45644
53 68 52879
53 69 1301
53 70 27814
53 71 46576
53 72 74315
53 73 92764
53 74 86736
53 75 1883
53 76 713
53 77 74739
53 78 23664
53 79 4767
53 80 77287
53 81 14807
53 82 46954
53 83 37681
53 84 96769
53 85 95471
53 86 36398
53 87 94525
53 88 47416
53 89 21943
53 90 67160
53 91 55425
53 92 23263
53 93 70502
53 94 12513
53 95 3065
53 96 23909
53 97 25091
53 98 7300
53 99 94257
53 100 13851
53 101 91333
53 102 99520
53 103 27195
53 104 11503
53 105 17207
53 106 45189
53 107 22024
53 108 23853
53 109 43967
53 110 77472
53 111 38111
53 112 6956
53 113 17928
53 114 86584
53 115 37423
53 116 51880
53 117 8801
53 118 80118
53 119 74477
54 55 17805
54 56 63367
54 57 24263
54 58 17439
54 59 55722
54 60 52252
54 61 53025
54 62 2411
54 63 45330
54 64 15737
54 65 53762
54 66 18674
54 67 91261
54 68 77567
54 69 38047
54 70 21837
54 71 33269
54 72 52230
54 73 59590
54 74 75134
54 75 14879
54 76 39550
54 77 41908
54 78 44994
54 79 58760
54 80 56596
54 81 71623
54 82 53033
54 83 15374
54 84 75071
54 85 35477
54 86 24180
54 87 34983
54 88 96628
54 89 70017
54 90 55933
54 91 4011
54 92 64214
54 93 78654
54 94 99291
54 95 64812
54 96 33923
54 97 72978
54 98 96943
54 99 4621
54 100 32216
54 101 33468
54 102 27471
54 103 25730
54 104 13324
54 105 82990
54 106 73239
54 107 96092
54 108 77037
54 109 89088
54 110 68524
54 111 48981
54 112 76355
54 113 24241
54 114 20495
54 115 46693
54 116 70534
54 117 97065
54 118 76070
54 119 53968
55 56 94017
55 57 72467
55 58 75341
55 59 4107
55 60 95892
55 61 56853
55 62 70186
55 63 53845
55 64 71331
55 65 20158
55 66 65101
55 67 12721
55 68 78294
55 69 43872
55 70 4523
55 71 75992
55 72 1245
55 73 77489
55 74 57716
55 75 35524
55 76 73887
55 77 52874
55 78 537
55 79 55875
55 80 56162
55 81 12970
55 82 87339
55 83 12346
55 84 52115
55 85 46440
55 86 81046
55 87 94028
55 88 96466
55 89 39084
55 90 64046
55 91 85978
55 92 69906
55 93 15695
55 94 46271
55 95 81069
55 96 75787
55 97 33424
55 98 11048
55 99 50961
55 100 33100
55 101 76838
55 102 55969
55 103 29221
55 104 80487
55 105 1917
55 106 76209
55 107 60989
55 108 90675
55 109 18714
55 110 19263
55 111 19769
55 112 52442
55 113 9593
55 114 76291
55 115 85859
55 116 66973
55 117 37144
55 118 23264
55 119 69015
56 57 77149
56 58 25514
56 59 91863
56 60 52417
56 61 49541
56 62 43984
56 63 58003
56 64 30108
56 65 39769
56 66 2944
56 67 87690
56 68 2045
56 69 13997
56 70 62300
56 71 25737
56 72 86400
56 73 82050
56 74 89919
56 75 32769
56 76 18384
56 77 10490
56 78 40297
56 79 17094
56 80 19656
56 81 17754
56 82 20227
56 83 77581
56 84 2519
56 85 7553
56 86 99330
56 87 98909
56 88 89311
56 89 86673
56 90 62414
56 91 59527
56 92 5710
56 93 48180
56 94 68329
56 95 30034
56 96 20942
56 97 25454
56 98 31602
56 99 75140
56 100 5387
56 101 1214
56 102 42335
56 103 60644
56 104 96457
56 105 94676
56 106 64800
56 107 18559
56 108 45022
56 109 85908
56 110 53558
56 111 73528
56 112 84391
56 113 77734
56 114 55445
56 115 38342
56 116 81583
56 117 18846
56 118 35055
56 119 52716
57 58 55326
57 59 99514
57 60 51397
57 61 20838
57 62 645
57 63 49752
57 64 28323
57 65 71626
57 66 96485
57 67 53709
57 68 2523
57 69 97089
57 70 5413
57 71 29225
57 72 62133
57 73 25722
57 74 45120
57 75 43457
57 76 31048
57 77 31482
57 78 44284
57 79 88520
57 80 66343
57 81 6476
57 82 18826
57 83 92207
57 84 65699
57 85 14438
57 86 49501
57 87 84983
57 88 77615
57 89 10425
57 90 42736
57 91 21257
57 92 3656
57 93 16341
57 94 16953
57 95 62899
57 96 34475
57 97 3701
57 98 28454
57 99 17452
57 100 26032
57 101 73274
57 102 90677
57 103 68185
57 104 33251
57 105 33372
57 106 49005
57 107 51195
57 108 57107
57 109 70749
57 110 82689
57 111 98502
57 112 36285
57 113 57265
57 114 47570
57 115 97081
57 116 44284
57 117 43827
57 118 96159
57 119 98271
58 59 55197
58 60 31204
58 61 59988
58 62 80805
58 63 87512
58 64 11713
58 65 56891
58 66 86247
58 67 35049
58 68 83371
58 69 66514
58 70 89032
58 71 27352
58 72 31924
58 73 9634
58 74 79953
58 75 38669
58 76 6850
58 77 27763
58 78 85745
58 79 35178
58 80 45755
58 81 89162
58 82 35490
58 83 15381
58 84 46517
58 85 79850
58 86 73616
58 87 58558
58 88 50986
58 89 4693
58 90 9901
58 91 18778
58 92 91127
58 93 95209
58 94 31183
58 95 66552
58 96 23622
58 97 75495
58 98 72013
58 99 27661
58 100 84596
58 101 20764
58 102 19297
58 103 41097
58 104 81564
58 105 37794
58 106 74726
58 107 10234
58 108 16818
58 109 68427
58 110 74176
58 111 68014
58 112 31933
58 113 95113
58 114 39457
58 115 63017
58 116 67090
58 117 85769
58 118 23889
58 119 55157
59 60 88815
59 61 53919
59 62 82511
59 63 41359
59 64 90557
59 65 67920
59 66 30851
59 67 9363
59 68 9646
59 69 39973
59 70 17079
59 71 41397
59 72 17701
59 73 61691
59 74 56184
59 75 19998
59 76 87691
59 77 56082
59 78 72210
59 79 75497
59 80 217
59 81 2287
59 82 52768
59 83 55369
59 84 30111
59 85 8475
59 86 74566
59 87 22097
59 88 87168
59 89 83492
59 90 78731
59 91 80441
59 92 66861
59 93 40071
59 94 72505
59 95 42703
59 96 12081
59 97 87214
59 98 75929
59 99 36540
59 100 68961
59 101 30860
59 102 49821
59 103 40882
59 104 89462
59 105 30383
59 106 51957
59 107 93240
59 108 11935
59 109 21637
59 110 11070
59 111 40119
59 112 23456
59 113 71939
59 114 67892
59 115 44636
59 116 35548
59 117 51689
59 118 73954
59 119 64822
60 61 9523
60 62 60740
60 63 35583
60 64 11617
60 65 39667
60 66 68826
60 67 12379
60 68 41285
60 69 35461
60 70 83122
60 71 97048
60 72 66055
60 73 9
60 74 46257
60 75 53465
60 76 90059
60 77 24286
60 78 88680
60 79 80540
60 80 19169
60 81 69320
60 82 51037
60 83 39412
60 84 35052
60 85 85733
60 86 26057
60 87 28324
60 88 50786
60 89 6741
60 90 63242
60 91 96777
60 92 47811
60 93 7508
60 94 44205
60 95 58019
60 96 62637
60 97 39846
60 98 40649
60 99 60208
60 100 69918
60 101 13239
60 102 35085
60 103 41520
60 104 36385
60 105 61999
60 106 3774
60 107 46655
60 108 88232
60 109 86096
60 110 10292
60 111 89497
60 112 92110
60 113 62265
60 114 55877
60 115 78838
60 116 69117
60 117 53257
60 118 84494
60 119 74890
61 62 58329
61 63 28310
61 64 49723
61 65 66758
61 66 58422
61 67 80867
61 68 9858
61 69 67546
61 70 12477
61 71 90458
61 72 18691
61 73 8741
61 74 4630
61 75 65151
61 76 70901
61 77 20426
61 78 39528
61 79 52366
61 80 44702
61 81 41008
61 82 40124
61 83 15018
61 84 69718
61 85 65231
61 86 50851
61 87 73122
61 88 25780
61 89 38037
61 90 91481
61 91 22817
61 92 58038
61 93 32839
61 94 16267
61 95 29613
61 96 96644
61 97 75582
61 98 9323
61 99 8528
61 100 85079
61 101 95813
61 102 85203
61 103 11074
61 104 60220
61 105 24042
61 106 89854
61 107 13607
61 108 58894
61 109 13623
61 110 20695
61 111 59499
61 112 29503
61 113 65956
61 114 29406
61 115 34565
61 116 37524
61 117 22340
61 118 22608
61 119 77007
62 63 93041
62 64 82391
62 65 63292
62 66 68610
62 67 11842
62 68 58433
62 69 19236
62 70 6281
62 71 31915
62 72 12051
62 73 82072
62 74 28896
62 75 9240
62 76 31052
62 77 84861
62 78 25138
62 79 49750
62 80 22982
62 81 78713
62 82 79594
62 83 42839
62 84 50156
62 85 44306
62 86 99058
62 87 14916
62 88 53095
62 89 54125
62 90 94344
62 91 80314
62 92 46995
62 93 23572
62 94 28826
62 95 68993
62 96 96392
62 97 27265
62 98 68544
62 99 34123
62 100 38300
62 101 61600
62 102 59992
62 103 37768
62 104 14751
62 105 30465
62 106 27078
62 107 40494
62 108 49218
62 109 10025
62 110 33531
62 111 98413
62 112 90510
62 113 39706
62 114 93725
62 115 76910
62 116 96165
62 117 23188
62 118 86455
62 119 3812
63 64 2180
63 65 42147
63 66 5803
63 67 38365
63 68 18303
63 69 24918
63 70 89419
63 71 61621
63 72 46825
63 73 75482
63 74 46121
63 75 81145
63 76 4061
63 77 20959
63 78 41460
63 79 63919
63 80 92807
63 81 22666
63 82 22564
63 83 55496
63 84 38281
63 85 43746
63 86 45905
63 87 47361
63 88 21155
63 89 2448
63 90 97494
63 91 50099
63 92 45567
63 93 83285
63 94 23206
63 95 51488
63 96 3956
63 97 49444
63 98 34948
63 99 25147
63 100 2036
63 101 97240
63 102 99016
63 103 64703
63 104 98709
63 105 94604
63 106 81772
63 107 83539
63 108 24806
63 109 68056
63 110 41771
63 111 40379
63 112 92976
63 113 35479
63 114 97331
63 115 59931
63 116 33442
63 117 44199
63 118 9767
63 119 13105
64 65 70596
64 66 82045
64 67 75111
64 68 51119
64 69 25919
64 70 8702
64 71 39878
64 72 59838
64 73 59705
64 74 54832
64 75 59929
64 76 87875
64 77 29072
64 78 44061
64 79 84971
64 80 93609
64 81 51271
64 82 66865
64 83 95847
64 84 62873
64 85 22178
64 86 56804
64 87 81344
64 88 92209
64 89 23545
64 90 40173
64 91 33840
64 92 1971
64 93 91975
64 94 48389
64 95 49197
64 96 29657
64 97 61687
64 98 19885
64 99 2186
64 100 68536
64 101 60325
64 102 43313
64 103 69548
64 104 63475
64 105 37374
64 106 95299
64 107 32427
64 108 61467
64 109 46084
64 110 58099
64 111 74820
64 112 66555
64 113 44901
64 114 48175
64 115 86868
64 116 79349
64 117 59611
64 118 93870
64 119 31503
65 66 44239
65 67 71908
65 68 68131
65 69 88108
65 70 37219
65 71 75022
65 72 29252
65 73 31466
65 74 80689
65 75 83035
65 76 45026
65 77 17384
65 78 95915
65 79 74924
65 80 11640
65 81 64363
65 82 769
65 83 59984
65 84 52136
65 85 56690
65 86 88513
65 87 12769
65 88 14944
65 89 31857
65 90 85277
65 91 55855
65 92 67586
65 93 2108
65 94 35140
65 95 43384
65 96 66276
65 97 56837
65 98 72064
65 99 37499
65 100 28341
65 101 13756
65 102 7742
65 103 27579
65 104 26166
65 105 40211
65 106 85386
65 107 20084
65 108 20265
65 109 7730
65 110 96431
65 111 84945
65 112 49906
65 113 5410
65 114 50982
65 115 6162
65 116 67967
65 117 17602
65 118 59553
65 119 57947
66 67 61456
66 68 66628
66 69 92006
66 70 5576
66 71 43188
66 72 65656
66 73 94838
66 74 65974
66 75 69415
66 76 72826
66 77 72779
66 78 31977
66 79 91888
66 80 42501
66 81 26016
66 82 35580
66 83 41166
66 84 30339
66 85 67003
66 86 39465
66 87 7084
66 88 34921
66 89 86724
66 90 32171
66 91 78464
66 92 25680
66 93 96349
66 94 64146
66 95 85413
66 96 11967
66 97 35437
66 98 32336
66 99 54635
66 100 72657
66 101 11184
66 102 44700
66 103 89096
66 104 12555
66 105 44414
66 106 14487
66 107 73108
66 108 76718
66 109 6736
66 110 44998
66 111 78585
66 112 75621
66 113 73692
66 114 42710
66 115 46876
66 116 3224
66 117 43535
66 118 66662
66 119 19706
67 68 67218
67 69 18775
67 70 62646
67 71 78835
67 72 72760
67 73 75350
67 74 41121
67 75 38325
67 76 2476
67 77 74938
67 78 37962
67 79 20769
67 80 12184
67 81 31671
67 82 64117
67 83 12164
67 84 61262
67 85 93918
67 86 65130
67 87 49222
67 88 49429
67 89 78054
67 90 8989
67 91 66631
67 92 43842
67 93 37464
67 94 92505
67 95 88461
67 96 23542
67 97 13975
67 98 77398
67 99 46591
67 100 51078
67 101 99508
67 102 80462
67 103 95319
67 104 86168
67 105 67855
67 106 2465
67 107 79801
67 108 68182
67 109 14452
67 110 85080
67 111 20408
67 112 82277
67 113 37651
67 114 46716
67 115 17470
67 116 36114
67 117 5991
67 118 75162
67 119 11603
68 69 97030
68 70 81511
68 71 34700
68 72 77214
68 73 55024
68 74 74091
68 75 4904
68 76 89217
68 77 88024
68 78 44234
68 79 29290
68 80 22288
68 81 30452
68 82 43769
68 83 15053
68 84 90376
68 85 2490
68 86 12943
68 87 27008
68 88 1580
68 89 18058
68 90 2737
68 91 7732
68 92 84249
68 93 61354
68 94 4089
68 95 99839
68 96 64713
68 97 70227
68 98 30275
68 99 85283
68 100 41084
68 101 23988
68 102 75174
68 103 29558
68 104 99665
68 105 65663
68 106 5599
68 107 92387
68 108 75028
68 109 81402
68 110 78441
68 111 55585
68 112 60305
68 113 27395
68 114 10893
68 115 18179
68 116 67418
68 117 23303
68 118 70644
68 119 11690
69 70 18926
69 71 39287
69 72 24957
69 73 68690
69 74 2887
69 75 67757
69 76 69855
69 77 36107
69 78 4386
69 79 23218
69 80 63456
69 81 10560
69 82 53728
69 83 59968
69 84 79702
69 85 46705
69 86 71944
69 87 55452
69 88 82697
69 89 96623
69 90 30823
69 91 79209
69 92 10959
69 93 77312
69 94 3708
69 95 84970
69 96 52318
69 97 21379
69 98 33839
69 99 16405
69 100 19643
69 101 64338
69 102 73970
69 103 97101
69 104 72941
69 105 36044
69 106 23904
69 107 36958
69 108 51172
69 109 43957
69 110 13087
69 111 84301
69 112 57414
69 113 9682
69 114 71319
69 115 78538
69 116 49243
69 117 62554
69 118 95001
69 119 62916
70 71 90073
70 72 99107
70 73 19858
70 74 41278
70 75 59401
70 76 90186
70 77 66244
70 78 53668
70 79 2495
70 80 46390
70 81 32445
70 82 6649
70 83 26167
70 84 38728
70 85 49384
70 86 51057
70 87 3474
70 88 16010
70 89 27384
70 90 82310
70 91 38431
70 92 7997
70 93 98811
70 94 48653
70 95 30080
70 96 2060
70 97 96076
70 98 29457
70 99 66444
70 100 60792
70 101 24138
70 102 65241
70 103 56455
70 104 48175
70 105 69894
70 106 32503
70 107 60867
70 108 77841
70 109 25147
70 110 34055
70 111 46630
70 112 59042
70 113 97816
70 114 62892
70 115 21272
70 116 22038
70 117 5798
70 118 3715
70 119 13994
71 72 91636
71 73 93793
71 74 36117
71 75 57013
71 76 98090
71 77 42435
71 78 99933
71 79 6927
71 80 16412
71 81 58896
71 82 76606
71 83 44492
71 84 29233
71 85 56454
71 86 78974
71 87 96401
71 88 70338
71 89 78549
71 90 41657
71 91 2690
71 92 32231
71 93 82766
71 94 1186
71 95 41482
71 96 16947
71 97 66770
71 98 6170
71 99 72604
71 100 61331
71 101 52931
71 102 52229
71 103 97852
71 104 36668
71 105 37677
71 106 73155
71 107 33323
71 108 89
71 109 63331
71 110 48456
71 111 76157
71 112 5667
71 113 78049
71 114 79774
71 115 9297
71 116 48350
71 117 57963
71 118 70354
71 119 5357
72 73 31962
72 74 79748
72 75 80620
72 76 69518
72 77 66813
72 78 89610
72 79 19394
72 80 67072
72 81 78504
72 82 10754
72 83 25269
72 84 22137
72 85 26654
72 86 73411
72 87 88777
72 88 21283
72 89 19391
72 90 18239
72 91 36782
72 92 64495
72 93 12005
72 94 89978
72 95 63381
72 96 77656
72 97 53595
72 98 49021
72 99 44075
72 100 3673
72 101 12598
72 102 15447
72 103 25424
72 104 35222
72 105 18539
72 106 38272
72 107 8234
72 108 89497
72 109 9647
72 110 88255
72 111 19592
72 112 41354
72 113 11466
72 114 87826
72 115 64343
72 116 59252
72 117 31413
72 118 70319
72 119 61078
73 74 12639
73 75 42225
73 76 35304
73 77 66544
73 78 76180
73 79 40126
73 80 59110
73 81 34349
73 82 68796
73 83 80494
73 84 6041
73 85 50982
73 86 32456
73 87 49997
73 88 23656
73 89 26503
73 90 81239
73 91 43371
73 92 60052
73 93 48962
73 94 72522
73 95 14127
73 96 73672
73 97 23149
73 98 78409
73 99 86273
73 100 20270
73 101 62825
73 102 52050
73 103 41856
73 104 86347
73 105 48648
73 106 80470
73 107 24851
73 108 86217
73 109 64339
73 110 18873
73 111 59865
73 112 35831
73 113 99209
73 114 24470
73 115 51225
73 116 59753
73 117 41505
73 118 17003
73 119 64396
74 75 24807
74 76 1400
74 77 81685
74 78 41626
74 79 86598
74 80 13609
74 81 79783
74 82 44658
74 83 17438
74 84 24695
74 85 67437
74 86 62167
74 87 55927
74 88 70742
74 89 50469
74 90 34264
74 91 99081
74 92 64168
74 93 13797
74 94 5772
74 95 21490
74 96 91112
74 97 92507
74 98 37641
74 99 78063
74 100 28584
74 101 79037
74 102 34062
74 103 11442
74 104 17138
74 105 88248
74 106 93740
74 107 36993
74 108 45655
74 109 77401
74 110 25959
74 111 39052
74 112 46313
74 113 32158
74 114 56903
74 115 34127
74 116 97056
74 117 65638
74 118 42116
74 119 29126
75 76 10421
75 77 25537
75 78 60126
75 79 73818
75 80 48467
75 81 40691
75 82 21982
75 83 93521
75 84 53799
75 85 84111
75 86 13669
75 87 84631
75 88 51425
75 89 43593
75 90 61286
75 91 70766
75 92 3460
75 93 36493
75 94 71103
75 95 73123
75 96 19185
75 97 83289
75 98 80694
75 99 97293
75 100 67642
75 101 32805
75 102 19743
75 103 24206
75 104 11455
75 105 63062
75 106 77654
75 107 67348
75 108 75660
75 109 29281
75 110 27438
75 111 16590
75 112 69523
75 113 68602
75 114 47557
75 115 49469
75 116 7366
75 117 80250
75 118 10896
75 119 79124
76 77 61045
76 78 49657
76 79 82822
76 80 87710
76 81 39232
76 82 85791
76 83 93992
76 84 14673
76 85 52996
76 86 17279
76 87 26746
76 88 54369
76 89 65465
76 90 5006
76 91 31697
76 92 53863
76 93 97436
76 94 68839
76 95 65767
76 96 15185
76 97 26094
76 98 51675
76 99 1012
76 100 7940
76 101 18592
76 102 28452
76 103 22742
76 104 11140
76 105 89212
76 106 97374
76 107 41900
76 108 37183
76 109 47401
76 110 37211
76 111 50625
76 112 30404
76 113 67735
76 114 62439
76 115 71829
76 116 62421
76 117 69256
76 118 79497
76 119 29504
77 78 49251
77 79 24187
77 80 59763
77 81 84081
77 82 81396
77 83 66105
77 84 2143
77 85 13293
77 86 36598
77 87 29701
77 88 95045
77 89 55853
77 90 43272
77 91 99725
77 92 61127
77 93 25605
77 94 86762
77 95 70364
77 96 91556
77 97 89870
77 98 51284
77 99 30608
77 100 45157
77 101 42825
77 102 28867
77 103 21884
77 104 69496
77 105 96591
77 106 38528
77 107 7381
77 108 13215
77 109 15710
77 110 73019
77 111 23715
77 112 69221
77 113 65289
77 114 39798
77 115 66523
77 116 27004
77 117 81133
77 118 22584
77 119 9656
78 79 69145
78 80 69239
78 81 17961
78 82 50665
78 83 20116
78 84 70957
78 85 19933
78 86 92537
78 87 48262
78 88 8086
78 89 39948
78 90 18518
78 91 3937
78 92 92878
78 93 52750
78 94 77651
78 95 48805
78 96 84484
78 97 30749
78 98 33842
78 99 50504
78 100 50627
78 101 38371
78 102 40386
78 103 18648
78 104 19124
78 105 76647
78 106 62886
78 107 57810
78 108 52569
78 109 22444
78 110 1901
78 111 30419
78 112 54622
78 113 66667
78 114 35504
78 115 71856
78 116 71257
78 117 48727
78 118 95110
78 119 28781
79 80 75239
79 81 15090
79 82 54189
79 83 74669
79 84 29976
79 85 44664
79 86 49349
79 87 23184
79 88 73947
79 89 57358
79 90 30974
79 91 67039
79 92 12515
79 93 61786
79 94 24336
79 95 9637
79 96 70005
79 97 31642
79 98 16874
79 99 71590
79 100 24394
79 101 14416
79 102 27910
79 103 41993
79 104 79652
79 105 44082
79 106 44390
79 107 73709
79 108 69526
79 109 58249
79 110 19354
79 111 1708
79 112 31411
79 113 63334
79 114 27649
79 115 4630
79 116 69375
79 117 10637
79 118 17595
79 119 55945
80 81 63262
80 82 10941
80 83 30880
80 84 36087
80 85 58922
80 86 44482
80 87 60275
80 88 32267
80 89 67382
80 90 70284
80 91 62901
80 92 49437
80 93 92168
80 94 76544
80 95 61102
80 96 75951
80 97 23785
80 98 62
80 99 5767
80 100 81847
80 101 20529
80 102 38110
80 103 37826
80 104 79949
80 105 26262
80 106 43767
80 107 57577
80 108 37022
80 109 80578
80 110 6042
80 111 42969
80 112 72693
80 113 47812
80 114 17358
80 115 79262
80 116 12668
80 117 87036
80 118 29824
80 119 22128
81 82 93497
81 83 34231
81 84 46204
81 85 14785
81 86 90660
81 87 25380
81 88 33622
81 89 7375
81 90 44558
81 91 30263
81 92 52276
81 93 68515
81 94 28065
81 95 96063
81 96 32972
81 97 11980
81 98 59172
81 99 65988
81 100 16559
81 101 97181
81 102 65144
81 103 55374
81 104 95528
81 105 8001
81 106 86180
81 107 21234
81 108 59664
81 109 74413
81 110 40427
81 111 56171
81 112 10244
81 113 69742
81 114 24375
81 115 53836
81 116 42175
81 117 12956
81 118 47340
81 119 89901
82 83 40723
82 84 40281
82 85 21101
82 86 52907
82 87 23009
82 88 10767
82 89 2111
82 90 49
82 91 48279
82 92 87355
82 93 35572
82 94 53464
82 95 47163
82 96 95038
82 97 9798
82 98 33076
82 99 9702
82 100 54558
82 101 20137
82 102 78907
82 103 48733
82 104 37991
82 105 50739
82 106 94954
82 107 30065
82 108 1823
82 109 44574
82 110 59872
82 111 5587
82 112 39193
82 113 90974
82 114 8103
82 115 82566
82 116 39942
82 117 51970
82 118 24425
82 119 93443
83 84 65499
83 85 51596
83 86 31476
83 87 29908
83 88 14699
83 89 50935
83 90 72938
83 91 47518
83 92 5241
83 93 49715
83 94 45726
83 95 8908
83 96 41021
83 97 51767
83 98 70778
83 99 97478
83 100 79392
83 101 54840
83 102 16806
83 103 6917
83 104 84716
83 105 65888
83 106 32730
83 107 75350
83 108 85114
83 109 8248
83 110 59466
83 111 20708
83 112 74257
83 113 57340
83 114 17457
83 115 57469
83 116 68213
83 117 40519
83 118 80820
83 119 66931
84 85 63803
84 86 45997
84 87 15198
84 88 20174
84 89 8733
84 90 43965
84 91 58203
84 92 57422
84 93 4128
84 94 5696
84 95 50141
84 96 60550
84 97 6602
84 98 30232
84 99 37185
84 100 50851
84 101 56119
84 102 89443
84 103 37147
84 104 21513
84 105 32825
84 106 8895
84 107 28494
84 108 76386
84 109 63264
84 110 68188
84 111 32635
84 112 24220
84 113 49853
84 114 37982
84 115 20664
84 116 39485
84 117 86245
84 118 18595
84 119 5868
85 86 22062
85 87 7877
85 88 86796
85 89 47387
85 90 12997
85 91 34081
85 92 58231
85 93 87048
85 94 19921
85 95 63040
85 96 97042
85 97 84208
85 98 27047
85 99 27611
85 100 89695
85 101 62814
85 102 49694
85 103 99223
85 104 92849
85 105 27092
85 106 49709
85 107 94786
85 108 35027
85 109 19820
85 110 88094
85 111 50830
85 112 12020
85 113 46541
85 114 8716
85 115 28363
85 116 69320
85 117 54983
85 118 58089
85 119 24470
86 87 77202
86 88 65418
86 89 65073
86 90 22518
86 91 18501
86 92 82048
86 93 60031
86 94 4448
86 95 82266
86 96 63654
86 97 44782
86 98 46402
86 99 24014
86 100 73688
86 101 36041
86 102 19375
86 103 49277
86 104 41005
86 105 12451
86 106 39910
86 107 46110
86 108 36412
86 109 35579
86 110 57865
86 111 83993
86 112 5626
86 113 19718
86 114 47081
86 115 20808
86 116 50125
86 117 30621
86 118 87883
86 119 17329
87 88 69061
87 89 28855
87 90 76222
87 91 14808
87 92 92078
87 93 91841
87 94 32178
87 95 35609
87 96 74104
87 97 83112
87 98 17057
87 99 99942
87 100 1366
87 101 34830
87 102 93865
87 103 66899
87 104 42487
87 105 79985
87 106 65368
87 107 16819
87 108 16123
87 109 96306
87 110 6196
87 111 42092
87 112 77205
87 113 52576
87 114 17604
87 115 27605
87 116 67292
87 117 8163
87 118 15580
87 119 44258
88 89 76432
88 90 62249
88 91 35570
88 92 84389
88 93 10460
88 94 61478
88 95 7658
88 96 17500
88 97 88423
88 98 84208
88 99 53007
88 100 98403
88 101 79745
88 102 1667
88 103 17817
88 104 30038
88 105 16696
88 106 55734
88 107 65486
88 108 81704
88 109 83434
88 110 25955
88 111 16228
88 112 85095
88 113 97244
88 114 60913
88 115 85652
88 116 27565
88 117 9000
88 118 28993
88 119 6222
89 90 84849
89 91 12317
89 92 13718
89 93 86821
89 94 43298
89 95 32678
89 96 85428
89 97 3324
89 98 66080
89 99 77010
89 100 39148
89 101 17344
89 102 69473
89 103 78883
89 104 67852
89 105 99687
89 106 89681
89 107 69651
89 108 34347
89 109 89313
89 110 58361
89 111 14494
89 112 74721
89 113 75499
89 114 79237
89 115 95804
89 116 53696
89 117 64847
89 118 20771
89 119 73236
90 91 45334
90 92 77494
90 93 91707
90 94 91153
90 95 94872
90 96 94417
90 97 21460
90 98 15460
90 99 85399
90 100 58368
90 101 53745
90 102 82799
90 103 22673
90 104 97065
90 105 4462
90 106 96869
90 107 63800
90 108 27645
90 109 61054
90 110 25284
90 111 4278
90 112 44947
90 113 53650
90 114 19984
90 115 67789
90 116 69223
90 117 85783
90 118 63642
90 119 40702
91 92 33304
91 93 80826
91 94 74
91 95 22610
91 96 83481
91 97 67993
91 98 12295
91 99 23506
91 100 84976
91 101 33088
91 102 49789
91 103 90388
91 104 50373
91 105 78655
91 106 43481
91 107 13719
91 108 13941
91 109 41745
91 110 30153
91 111 48695
91 112 42836
91 113 99791
91 114 3519
91 115 1823
91 116 97937
91 117 65636
91 118 82718
91 119 52096
92 93 84425
92 94 78704
92 95 81195
92 96 26535
92 97 15573
92 98 21926
92 99 49502
92 100 67842
92 101 97116
92 102 2627
92 103 37495
92 104 89287
92 105 81836
92 106 66736
92 107 69257
92 108 44261
92 109 14909
92 110 88121
92 111 72916
92 112 10360
92 113 19080
92 114 32463
92 115 82339
92 116 35611
92 117 49256
92 118 77856
92 119 90872
93 94 49398
93 95 65266
93 96 9575
93 97 654
93 98 32302
93 99 8820
93 100 5967
93 101 18912
93 102 43297
93 103 6494
93 104 84265
93 105 44271
93 106 50131
93 107 52994
93 108 681
93 109 63082
93 110 24807
93 111 45226
93 112 3794
93 113 58757
93 114 43955
93 115 28826
93 116 75289
93 117 77655
93 118 62639
93 119 7602
94 95 76683
94 96 41271
94 97 43850
94 98 74486
94 99 87172
94 100 86895
94 101 76398
94 102 20718
94 103 54932
94 104 24012
94 105 42331
94 106 83644
94 107 82871
94 108 54109
94 109 11711
94 110 73051
94 111 64350
94 112 96082
94 113 97731
94 114 49071
94 115 27235
94 116 55098
94 117 80639
94 118 24989
94 119 9196
95 96 42612
95 97 50554
95 98 30878
95 99 93757
95 100 51962
95 101 10590
95 102 65586
95 103 89002
95 104 81134
95 105 63157
95 106 88449
95 107 56607
95 108 70579
95 109 91336
95 110 84495
95 111 38013
95 112 70035
95 113 65325
95 114 33712
95 115 82
95 116 64935
95 117 18755
95 118 77662
95 119 38615
96 97 72560
96 98 85162
96 99 53402
96 100 47005
96 101 53539
96 102 56412
96 103 99465
96 104 19686
96 105 66271
96 106 17804
96 107 57814
96 108 62071
96 109 92913
96 110 28423
96 111 8312
96 112 64418
96 113 82100
96 114 80043
96 115 70102
96 116 25568
96 117 66787
96 118 53075
96 119 35792
97 98 1398
97 99 58893
97 100 86010
97 101 22552
97 102 26026
97 103 67518
97 104 65414
97 105 89822
97 106 60119
97 107 35952
97 108 76647
97 109 44890
97 110 95932
97 111 73105
97 112 10832
97 113 86960
97 114 25261
97 115 63600
97 116 38859
97 117 77224
97 118 40316
97 119 40329
98 99 195
98 100 40556
98 101 13311
98 102 31810
98 103 24001
98 104 87905
98 105 57343
98 106 2578
98 107 35126
98 108 25154
98 109 88671
98 110 3495
98 111 19296
98 112 89382
98 113 90743
98 114 34082
98 115 49277
98 116 43499
98 117 359
98 118 76015
98 119 22225
99 100 93128
99 101 58064
99 102 77697
99 103 63006
99 104 92073
99 105 7215
99 106 8650
99 107 76567
99 108 13955
99 109 15369
99 110 82953
99 111 13806
99 112 82228
99 113 75348
99 114 57688
99 115 54723
99 116 23213
99 117 67459
99 118 94271
99 119 19670
100 101 80827
100 102 73788
100 103 57968
100 104 36148
100 105 86135
100 106 55349
100 107 26402
100 108 39158
100 109 58713
100 110 48749
100 111 69099
100 112 23112
100 113 38232
100 114 95496
100 115 15087
100 116 2860
100 117 61185
100 118 57602
100 119 96665
101 102 89048
101 103 82234
101 104 88457
101 105 80271
101 106 66113
101 107 18212
101 108 91183
101 109 91890
101 110 13825
101 111 13535
101 112 14505
101 113 532
101 114 87386
101 115 74553
101 116 78552
101 117 31902
101 118 22689
101 119 68174
102 103 99817
102 104 34742
102 105 66167
102 106 89923
102 107 76402
102 108 29603
102 109 9229
102 110 39242
102 111 93442
102 112 256
102 113 56786
102 114 6422
102 115 36419
102 116 32339
102 117 5957
102 118 99017
102 119 35382
103 104 42114
103 105 69482
103 106 46652
103 107 81229
103 108 44977
103 109 96987
103 110 34158
103 111 46286
103 112 52536
103 113 88719
103 114 79537
103 115 89401
103 116 66549
103 117 71786
103 118 4895
103 119 12301
104 105 32341
104 106 63023
104 107 89890
104 108 2926
104 109 36157
104 110 99605
104 111 88535
104 112 60976
104 113 37603
104 114 40620
104 115 33251
104 116 3776
104 117 23122
104 118 32518
104 119 33705
105 106 41573
105 107 97234
105 108 87686
105 109 71408
105 110 87416
105 111 38910
105 112 59355
105 113 2123
105 114 28529
105 115 22472
105 116 18001
105 117 55297
105 118 11457
105 119 94596
106 107 4094
106 108 59173
106 109 73284
106 110 74339
106 111 6948
106 112 11892
106 113 75093
106 114 9000
106 115 70460
106 116 60326
106 117 81510
106 118 18793
106 119 12521
107 108 83978
107 109 15430
107 110 70748
107 111 20576
107 112 26372
107 113 41585
107 114 98606
107 115 44746
107 116 78469
107 117 29108
107 118 46576
107 119 57736
108 109 35216
108 110 57141
108 111 98369
108 112 17943
108 113 76502
108 114 7063
108 115 92062
108 116 62838
108 117 62086
108 118 78846
108 119 51747
109 110 80009
109 111 61067
109 112 27930
109 113 27371
109 114 27563
109 115 26538
109 116 64663
109 117 53136
109 118 59371
109 119 32221
110 111 23021
110 112 61887
110 113 39795
110 114 80959
110 115 16974
110 116 89049
110 117 57433
110 118 55139
110 119 73011
111 112 10701
111 113 65994
111 114 14718
111 115 92880
111 116 89846
111 117 91521
111 118 10231
111 119 99452
112 113 66683
112 114 58775
112 115 97997
112 116 17417
112 117 60932
112 118 75935
112 119 41598
113 114 23701
113 115 28519
113 116 20309
113 117 18774
113 118 28670
113 119 22399
114 115 18087
114 116 90209
114 117 68416
114 118 43711
114 119 7134
115 116 26561
115 117 73248
115 118 11186
115 119 34631
116 117 56316
116 118 63775
116 119 5371
117 118 18965
117 119 4495
118 119 28837
