120 7140
0 1 85305
0 2 70388
0 3 43616
0 4 68669
0 5 16371
0 6 27384
0 7 26271
0 8 96893
0 9 4877
0 10 82547
0 11 13326
0 12 11415
0 13 93844
0 14 83478
0 15 37190
0 16 29780
0 17 94756
0 18 82681
0 19 54234
0 20 4422
0 21 52781
0 22 83908
0 23 18156
0 24 20010
0 25 57184
0 26 59194
0 27 67076
0 28 30586
0 29 89914
0 30 39477
0 31 59791
0 32 48878
0 33 61929
0 34 25588
0 35 67274
0 36 10302
0 37 53129
0 38 73486
0 39 43635
0 40 77500
0 41 59189
0 42 98211
0 43 26062
0 44 57023
0 45 68735
0 46 84725
0 47 41530
0 48 46611
0 49 34792
0 50 69621
0 51 61357
0 52 52999
0 53 88973
0 54 66350
0 55 71035
0 56 18677
0 57 95832
0 58 37909
0 59 78956
0 60 23599
0 61 76826
0 62 91179
0 63 83054
0 64 30770
0 65 54706
0 66 13578
0 67 28038
0 68 30165
0 69 36598
0 70 49101
0 71 94118
0 72 18286
0 73 99478
0 74 82790
0 75 38822
0 76 77151
0 77 36610
0 78 64537
0 79 7277
0 80 92756
0 81 70647
0 82 64103
0 83 43548
0 84 16912
0 85 12427
0 86 57778
0 87 59111
0 88 10349
0 89 42242
0 90 54995
0 91 21296
0 92 92338
0 93 71727
0 94 38321
0 95 35018
0 96 35364
0 97 73038
0 98 16
0 99 50525
0 100 46049
0 101 13244
0 102 87803
0 103 2790
0 104 60612
0 105 5161
0 106 22432
0 107 69554
0 108 45775
0 109 1923
0 110 86842
0 111 96062
0 112 84904
0 113 5135
0 114 67510
0 115 63444
0 116 90500
0 117 53377
0 118 14333
0 119 65567
1 2 94655
1 3 62457
1 4 46037
1 5 40678
1 6 32769
1 7 93994
1 8 6556
1 9 84038
1 10 74670
1 11 77052
1 12 85359
1 13 54145
1 14 71651
1 15 31970
1 16 94399
1 17 40348
1 18 56012
1 19 11225
1 20 80617
1 21 5080
1 22 59785
1 23 68250
1 24 54901
1 25 67102
1 26 40526
1 27 74766
1 28 34896
1 29 63536
1 30 86463
1 31 50309
1 32 45838
1 33 63537
1 34 79303
1 35 62935
1 36 22004
1 37 64512
1 38 15153
1 39 66123
1 40 45904
1 41 23043
1 42 6069
1 43 5915
1 44 13678
1 45 3144
1 46 663
1 47 20230
1 48 72101
1 49 34290
1 50 31900
1 51 33213
1 52 46282
1 53 36668
1 54 5443
1 55 46556
1 56 59105
1 57 92775
1 58 65796
1 59 70775
1 60 66429
1 61 49898
1 62 90573
1 63 86053
1 64 78513
1 65 20606
1 66 21340
1 67 6608
1 68 87819
1 69 66217
1 70 57058
1 71 50114
1 72 65491
1 73 34778
1 74 59283
1 75 18919
1 76 53971
1 77 81469
1 78 19316
1 79 70289
1 80 95115
1 81 84306
1 82 59774
1 83 847
1 84 81799
1 85 7669
1 86 94849
1 87 93900
1 88 89211
1 89 23800
1 90 6088
1 91 83657
1 92 7634
1 93 13414
1 94 21432
1 95 18230
1 96 20549
1 97 36802
1 98 29932
1 99 26911
1 100 64024
1 101 82085
1 102 13059
1 103 57902
1 104 95627
1 105 29963
1 106 75132
1 107 59747
1 108 5712
1 109 27348
1 110 38492
1 111 47532
1 112 2372
1 113 25096
1 114 54987
1 115 96573
1 116 99875
1 117 81715
1 118 31190
1 119 38358
2 3 35769
2 4 88479
2 5 14313
2 6 33268
2 7 14260
2 8 56131
2 9 78922
2 10 5503
2 11 51058
2 12 89089
2 13 71685
2 14 2033
2 15 31338
2 16 93882
2 17 26452
2 18 50466
2 19 78540
2 20 48304
2 21 11445
2 22 19660
2 23 10957
2 24 95386
2 25 58169
2 26 68995
2 27 65929
2 28 43069
2 29 25869
2 30 51438
2 31 35370
2 32 10075
2 33 38634
2 34 8184
2 35 32339
2 36 11576
2 37 13538
2 38 41761
2 39 35076
2 40 66767
2 41 1591
2 42 40390
2 43 71282
2 44 43882
2 45 93747
2 46 42723
2 47 84747
2 48 75822
2 49 80247
2 50 85720
2 51 1302
2 52 55990
2 53 91150
2 54 75689
2 55 47503
2 56 20232
2 57 18191
2 58 53497
2 59 68450
2 60 76416
2 61 28747
2 62 46306
2 63 21646
2 64 64203
2 65 92696
2 66 78741
2 67 64811
2 68 73823
2 69 65234
2 70 87497
2 71 41978
2 72 6006
2 73 28122
2 74 65662
2 75 47416
2 76 19536
2 77 88989
2 78 36560
2 79 76391
2 80 70521
2 81 89871
2 82 7872
2 83 20650
2 84 38837
2 85 11927
2 86 92660
2 87 28435
2 88 12302
2 89 39615
2 90 69036
2 91 45430
2 92 25546
2 93 75905
2 94 6934
2 95 39545
2 96 1955
2 97 66345
2 98 48546
2 99 14291
2 100 21444
2 101 35565
2 102 48429
2 103 51312
2 104 77181
2 105 282
2 106 55621
2 107 55898
2 108 172
2 109 42752
2 110 69938
2 111 1664
2 112 41440
2 113 85409
2 114 58022
2 115 95324
2 116 24040
2 117 13321
2 118 56849
2 119 5806
3 4 24878
3 5 57297
3 6 16947
3 7 34012
3 8 29581
3 9 46855
3 10 8049
3 11 67397
3 12 79195
3 13 57587
3 14 41229
3 15 13200
3 16 51150
3 17 99640
3 18 21649
3 19 98431
3 20 89208
3 21 95056
3 22 86065
3 23 3550
3 24 98075
3 25 38549
3 26 67452
3 27 29919
3 28 81471
3 29 81382
3 30 27441
3 31 32985
3 32 43691
3 33 54657
3 34 73456
3 35 6204
3 36 62039
3 37 43801
3 38 92966
3 39 58326
3 40 80217
3 41 41631
3 42 49452
3 43 27940
3 44 95023
3 45 23841
3 46 73550
3 47 20322
3 48 23121
3 49 13591
3 50 61571
3 51 9839
3 52 77174
3 53 84843
3 54 85873
3 55 11956
3 56 52654
3 57 44692
3 58 17322
3 59 94536
3 60 32404
3 61 27204
3 62 38416
3 63 51397
3 64 60339
3 65 84156
3 66 13696
3 67 48535
3 68 9771
3 69 30587
3 70 94225
3 71 91285
3 72 84794
3 73 84467
3 74 50684
3 75 29085
3 76 99072
3 77 70144
3 78 20060
3 79 51125
3 80 16583
3 81 84647
3 82 42522
3 83 72324
3 84 73100
3 85 22080
3 86 26418
3 87 47566
3 88 81803
3 89 64601
3 90 96417
3 91 71325
3 92 61375
3 93 1181
3 94 91563
3 95 4943
3 96 67430
3 97 55765
3 98 84941
3 99 38192
3 100 39502
3 101 57779
3 102 7928
3 103 73138
3 104 69336
3 105 17250
3 106 7277
3 107 49539
3 108 42331
3 109 22030
3 110 39851
3 111 91297
3 112 81456
3 113 9182
3 114 85223
3 115 48075
3 116 77001
3 117 71625
3 118 47009
3 119 50410
4 5 98222
4 6 92715
4 7 49949
4 8 28107
4 9 17530
4 10 74900
4 11 36387
4 12 77945
4 13 75946
4 14 54716
4 15 83781
4 16 12569
4 17 31586
4 18 84424
4 19 92125
4 20 99151
4 21 92104
4 22 59540
4 23 98744
4 24 68641
4 25 72901
4 26 10027
4 27 30688
4 28 14821
4 29 27263
4 30 39847
4 31 88933
4 32 13149
4 33 24620
4 34 19765
4 35 23857
4 36 92416
4 37 44375
4 38 28651
4 39 44773
4 40 33982
4 41 88629
4 42 95392
4 43 7914
4 44 47966
4 45 8615
4 46 33969
4 47 72010
4 48 79037
4 49 65355
4 50 92224
4 51 30927
4 52 65872
4 53 9327
4 54 70009
4 55 3890
4 56 36711
4 57 60102
4 58 47509
4 59 61568
4 60 40186
4 61 70028
4 62 72380
4 63 52849
4 64 79372
4 65 18777
4 66 74205
4 67 56917
4 68 2531
4 69 11527
4 70 68086
4 71 99495
4 72 72877
4 73 28930
4 74 95394
4 75 94639
4 76 15853
4 77 14218
4 78 76296
4 79 39714
4 80 81820
4 81 21602
4 82 24995
4 83 70075
4 84 11317
4 85 79769
4 86 6453
4 87 15592
4 88 81289
4 89 6460
4 90 59063
4 91 44963
4 92 97636
4 93 88875
4 94 71293
4 95 7107
4 96 59089
4 97 58256
4 98 36958
4 99 31431
4 100 22748
4 101 79480
4 102 23986
4 103 43148
4 104 59406
4 105 3053
4 106 65569
4 107 70729
4 108 12142
4 109 26624
4 110 83385
4 111 42048
4 112 11832
4 113 88254
4 114 63775
4 115 45289
4 116 42636
4 117 25310
4 118 19269
4 119 51640
5 6 83498
5 7 30936
5 8 59512
5 9 77781
5 10 33780
5 11 91338
5 12 48271
5 13 18175
5 14 6062
5 15 21804
5 16 24478
5 17 47717
5 18 64299
5 19 46330
5 20 70370
5 21 12463
5 22 57703
5 23 12619
5 24 66552
5 25 31745
5 26 21473
5 27 22165
5 28 85878
5 29 84653
5 30 29297
5 31 72667
5 32 5182
5 33 51920
5 34 19965
5 35 32149
5 36 44014
5 37 57324
5 38 68079
5 39 19352
5 40 74737
5 41 21469
5 42 98544
5 43 46696
5 44 46921
5 45 52983
5 46 81534
5 47 29533
5 48 91801
5 49 50847
5 50 65902
5 51 99203
5 52 54826
5 53 15813
5 54 40466
5 55 48578
5 56 1473
5 57 61350
5 58 16756
5 59 93649
5 60 73214
5 61 61627
5 62 47362
5 63 5373
5 64 18106
5 65 82528
5 66 32726
5 67 47777
5 68 20342
5 69 41639
5 70 63387
5 71 19442
5 72 23258
5 73 44351
5 74 59366
5 75 25583
5 76 5505
5 77 94108
5 78 21273
5 79 21631
5 80 27835
5 81 23340
5 82 53537
5 83 36181
5 84 5046
5 85 24614
5 86 87038
5 87 91555
5 88 80829
5 89 72241
5 90 70503
5 91 96815
5 92 82070
5 93 71506
5 94 13900
5 95 23480
5 96 71168
5 97 70718
5 98 58446
5 99 18774
5 100 51617
5 101 98164
5 102 96685
5 103 37001
5 104 16852
5 105 57486
5 106 14136
5 107 2308
5 108 89420
5 109 55505
5 110 44067
5 111 88554
5 112 21242
5 113 79728
5 114 5632
5 115 21008
5 116 13760
5 117 35239
5 118 87344
5 119 26071
6 7 62315
6 8 96093
6 9 80249
6 10 30273
6 11 92495
6 12 88911
6 13 70058
6 14 54622
6 15 58193
6 16 64091
6 17 49155
6 18 6035
6 19 76169
6 20 62625
6 21 44578
6 22 20265
6 23 52099
6 24 28494
6 25 66452
6 26 17300
6 27 31389
6 28 75781
6 29 34438
6 30 33115
6 31 89640
6 32 21956
6 33 40742
6 34 22220
6 35 91636
6 36 29756
6 37 72241
6 38 83708
6 39 14920
6 40 55226
6 41 11964
6 42 40469
6 43 67211
6 44 73606
6 45 64809
6 46 7421
6 47 32632
6 48 97918
6 49 30085
6 50 36127
6 51 6461
6 52 86132
6 53 16717
6 54 30905
6 55 59014
6 56 68758
6 57 70336
6 58 34150
6 59 24222
6 60 51960
6 61 8670
6 62 9008
6 63 93020
6 64 50149
6 65 94110
6 66 58213
6 67 8523
6 68 50024
6 69 23979
6 70 47817
6 71 53168
6 72 76584
6 73 98282
6 74 21406
6 75 77722
6 76 24190
6 77 83136
6 78 32337
6 79 78107
6 80 10965
6 81 73496
6 82 21604
6 83 49307
6 84 23118
6 85 27003
6 86 2948
6 87 55297
6 88 16780
6 89 30400
6 90 62090
6 91 22571
6 92 53712
6 93 12945
6 94 25045
6 95 82418
6 96 5331
6 97 44987
6 98 50900
6 99 79456
6 100 47611
6 101 11931
6 102 91378
6 103 54566
6 104 75891
6 105 17871
6 106 79042
6 107 86129
6 108 30533
6 109 47994
6 110 76554
6 111 32692
6 112 67328
6 113 34305
6 114 69771
6 115 30816
6 116 18003
6 117 58398
6 118 36353
6 119 63575
7 8 34125
7 9 69289
7 10 44636
7 11 80785
7 12 3563
7 13 11291
7 14 11429
7 15 10302
7 16 63173
7 17 50329
7 18 10234
7 19 58181
7 20 94674
7 21 56746
7 22 48300
7 23 56205
7 24 28613
7 25 2658
7 26 3188
7 27 82301
7 28 75025
7 29 15447
7 30 60562
7 31 23129
7 32 2603
7 33 63817
7 34 75985
7 35 55396
7 36 78556
7 37 76813
7 38 12117
7 39 39260
7 40 16251
7 41 1788
7 42 75381
7 43 60884
7 44 12787
7 45 84712
7 46 37128
7 47 97439
7 48 16558
7 49 34403
7 50 9030
7 51 20513
7 52 89485
7 53 60861
7 54 91962
7 55 39074
7 56 70066
7 57 49113
7 58 2011
7 59 28406
7 60 3423
7 61 12141
7 62 71003
7 63 48703
7 64 41318
7 65 62510
7 66 48663
7 67 99933
7 68 51572
7 69 3963
7 70 26382
7 71 69693
7 72 50285
7 73 7473
7 74 23017
7 75 74157
7 76 6632
7 77 47229
7 78 54377
7 79 90661
7 80 99965
7 81 83617
7 82 96725
7 83 96120
7 84 90452
7 85 17453
7 86 22014
7 87 69868
7 88 37863
7 89 44527
7 90 50278
7 91 32889
7 92 8013
7 93 31280
7 94 5230
7 95 71998
7 96 65149
7 97 94718
7 98 80483
7 99 96714
7 100 84818
7 101 24423
7 102 41276
7 103 7026
7 104 61289
7 105 32273
7 106 79201
7 107 39626
7 108 7869
7 109 68418
7 110 9650
7 111 79825
7 112 55081
7 113 94639
7 114 73275
7 115 52685
7 116 78836
7 117 31009
7 118 8
7 119 76575
8 9 63664
8 10 78433
8 11 94990
8 12 92118
8 13 65308
8 14 91110
8 15 86723
8 16 37824
8 17 68011
8 18 52372
8 19 30918
8 20 47670
8 21 36155
8 22 19943
8 23 17860
8 24 42881
8 25 99849
8 26 69758
8 27 53154
8 28 84181
8 29 50359
8 30 31318
8 31 5265
8 32 64240
8 33 73769
8 34 41186
8 35 87550
8 36 82915
8 37 14485
8 38 63466
8 39 6587
8 40 15450
8 41 30625
8 42 84740
8 43 48745
8 44 8578
8 45 85722
8 46 41635
8 47 12752
8 48 66350
8 49 2953
8 50 23294
8 51 31721
8 52 35948
8 53 79075
8 54 63658
8 55 17995
8 56 78218
8 57 66126
8 58 87784
8 59 91838
8 60 41494
8 61 38297
8 62 30601
8 63 40946
8 64 92638
8 65 84826
8 66 65300
8 67 76622
8 68 79441
8 69 15239
8 70 66233
8 71 73565
8 72 94759
8 73 86570
8 74 79720
8 75 22548
8 76 3460
8 77 63729
8 78 20441
8 79 93193
8 80 44679
8 81 85666
8 82 77025
8 83 13575
8 84 786
8 85 37173
8 86 32155
8 87 39142
8 88 42026
8 89 54195
8 90 67680
8 91 36119
8 92 15814
8 93 99190
8 94 97338
8 95 6903
8 96 33929
8 97 18603
8 98 78779
8 99 50885
8 100 65937
8 101 14979
8 102 2569
8 103 40233
8 104 90689
8 105 77898
8 106 10367
8 107 38220
8 108 20154
8 109 79318
8 110 4895
8 111 15083
8 112 23399
8 113 89546
8 114 80640
8 115 92108
8 116 48417
8 117 15872
8 118 22328
8 119 63940
9 10 38269
9 11 5117
9 12 59161
9 13 17846
9 14 81689
9 15 30370
9 16 7776
9 17 28950
9 18 33239
9 19 28819
9 20 7808
9 21 53484
9 22 16170
9 23 91197
9 24 80707
9 25 27741
9 26 4221
9 27 32337
9 28 35313
9 29 98107
9 30 99934
9 31 14576
9 32 21089
9 33 20585
9 34 74570
9 35 2173
9 36 33988
9 37 76189
9 38 57370
9 39 47666
9 40 3307
9 41 1726
9 42 73707
9 43 89968
9 44 56520
9 45 75404
9 46 90199
9 47 96948
9 48 96944
9 49 66446
9 50 54756
9 51 46849
9 52 37836
9 53 58689
9 54 78448
9 55 62955
9 56 4688
9 57 31864
9 58 10590
9 59 60311
9 60 72813
9 61 84290
9 62 37398
9 63 60640
9 64 88260
9 65 56605
9 66 41275
9 67 32047
9 68 17777
9 69 35941
9 70 99983
9 71 61514
9 72 59916
9 73 13735
9 74 53235
9 75 6191
9 76 25561
9 77 5973
9 78 77535
9 79 85187
9 80 59344
9 81 67110
9 82 64778
9 83 65901
9 84 7118
9 85 35801
9 86 40715
9 87 9539
9 88 69436
9 89 89813
9 90 85454
9 91 5838
9 92 54637
9 93 52515
9 94 1355
9 95 8408
9 96 45151
9 97 32285
9 98 57361
9 99 62063
9 100 84451
9 101 41819
9 102 43120
9 103 76221
9 104 79811
9 105 38457
9 106 18402
9 107 38893
9 108 8408
9 109 22425
9 110 55810
9 111 38202
9 112 58633
9 113 84245
9 114 41736
9 115 88517
9 116 18100
9 117 87268
9 118 24377
9 119 7921
10 11 11895
10 12 24858
10 13 80303
10 14 5412
10 15 38265
10 16 49661
10 17 72980
10 18 97215
10 19 14564
10 20 75230
10 21 45810
10 22 45085
10 23 24550
10 24 95200
10 25 75200
10 26 92960
10 27 90251
10 28 5913
10 29 99961
10 30 70957
10 31 96639
10 32 84074
10 33 27067
10 34 52426
10 35 41501
10 36 34947
10 37 21670
10 38 93933
10 39 76833
10 40 9085
10 41 28106
10 42 42174
10 43 38434
10 44 9460
10 45 97028
10 46 36633
10 47 67773
10 48 11532
10 49 99797
10 50 49668
10 51 52673
10 52 68924
10 53 31081
10 54 36590
10 55 38434
10 56 77822
10 57 30735
10 58 13089
10 59 40339
10 60 14817
10 61 78116
10 62 50821
10 63 93662
10 64 96517
10 65 23694
10 66 20927
10 67 85654
10 68 65491
10 69 27805
10 70 84116
10 71 51558
10 72 32577
10 73 89962
10 74 67823
10 75 70301
10 76 27856
10 77 8089
10 78 62001
10 79 22130
10 80 83542
10 81 88859
10 82 7762
10 83 78626
10 84 79529
10 85 17147
10 86 99577
10 87 30422
10 88 13658
10 89 88108
10 90 85321
10 91 87345
10 92 24890
10 93 66672
10 94 55424
10 95 29438
10 96 47691
10 97 22588
10 98 11205
10 99 82818
10 100 51769
10 101 84150
10 102 48474
10 103 3169
10 104 24650
10 105 25998
10 106 92773
10 107 63944
10 108 25305
10 109 68872
10 110 99685
10 111 44000
10 112 29717
10 113 28836
10 114 68487
10 115 53741
10 116 7903
10 117 4065
10 118 72223
10 119 37964
11 12 72106
11 13 17345
11 14 98667
11 15 39581
11 16 28771
11 17 13396
11 18 96420
11 19 59650
11 20 4239
11 21 16916
11 22 92314
11 23 44960
11 24 86474
11 25 10798
11 26 40630
11 27 74775
11 28 75841
11 29 40323
11 30 21962
11 31 303
11 32 30733
11 33 70810
11 34 18437
11 35 50890
11 36 55988
11 37 29825
11 38 95988
11 39 59231
11 40 91795
11 41 98510
11 42 488
11 43 98501
11 44 74876
11 45 91427
11 46 20409
11 47 40222
11 48 41634
11 49 24063
11 50 59992
11 51 13412
11 52 68195
11 53 33102
11 54 46820
11 55 76362
11 56 88259
11 57 77556
11 58 50737
11 59 26892
11 60 34698
11 61 52789
11 62 88774
11 63 76079
11 64 71064
11 65 45003
11 66 35262
11 67 19370
11 68 64320
11 69 44285
11 70 26180
11 71 56130
11 72 71230
11 73 2952
11 74 3371
11 75 78648
11 76 3220
11 77 30222
11 78 22811
11 79 61929
11 80 86418
11 81 10998
11 82 95497
11 83 40617
11 84 19035
11 85 26942
11 86 71732
11 87 35969
11 88 63660
11 89 21057
11 90 19066
11 91 93265
11 92 63432
11 93 81185
11 94 14723
11 95 39023
11 96 72245
11 97 35765
11 98 48592
11 99 64355
11 100 45172
11 101 82632
11 102 23465
11 103 68105
11 104 9509
11 105 71464
11 106 33309
11 107 60672
11 108 70193
11 109 73987
11 110 9701
11 111 83263
11 112 2618
11 113 39607
11 114 20640
11 115 82878
11 116 71777
11 117 77090
11 118 81115
11 119 7997
12 13 1523
12 14 9110
12 15 24243
12 16 70288
12 17 51236
12 18 37728
12 19 26892
12 20 8416
12 21 9803
12 22 52333
12 23 32971
12 24 14421
12 25 91850
12 26 57622
12 27 9383
12 28 90577
12 29 94973
12 30 83663
12 31 87946
12 32 65027
12 33 60127
12 34 67608
12 35 73264
12 36 44371
12 37 54546
12 38 46359
12 39 78174
12 40 54327
12 41 10837
12 42 94600
12 43 515
12 44 33159
12 45 49439
12 46 41454
12 47 52294
12 48 77122
12 49 59577
12 50 93561
12 51 38542
12 52 96013
12 53 38985
12 54 49747
12 55 57191
12 56 72827
12 57 96355
12 58 94889
12 59 30098
12 60 21520
12 61 22963
12 62 10272
12 63 50538
12 64 79283
12 65 50237
12 66 10640
12 67 79152
12 68 63186
12 69 80486
12 70 7887
12 71 1640
12 72 38550
12 73 99230
12 74 4523
12 75 6797
12 76 7472
12 77 96704
12 78 25788
12 79 22388
12 80 75733
12 81 81830
12 82 30532
12 83 57155
12 84 37754
12 85 66657
12 86 22476
12 87 3559
12 88 93384
12 89 65419
12 90 91382
12 91 52035
12 92 31134
12 93 83473
12 94 51219
12 95 4004
12 96 85022
12 97 24741
12 98 37086
12 99 78356
12 100 26106
12 101 72004
12 102 4434
12 103 7513
12 104 28941
12 105 37066
12 106 53302
12 107 42662
12 108 82102
12 109 53399
12 110 96207
12 111 28723
12 112 7844
12 113 93883
12 114 81625
12 115 38460
12 116 13095
12 117 13101
12 118 35594
12 119 10255
13 14 82810
13 15 21544
13 16 58461
13 17 48618
13 18 31300
13 19 50057
13 20 94812
13 21 84318
13 22 42006
13 23 20098
13 24 33785
13 25 24573
13 26 40314
13 27 65616
13 28 94384
13 29 51528
13 30 32852
13 31 20260
13 32 74519
13 33 92094
13 34 15268
13 35 24504
13 36 1747
13 37 72944
13 38 54070
13 39 98279
13 40 1071
13 41 91673
13 42 238
13 43 90896
13 44 31884
13 45 68739
13 46 66331
13 47 58996
13 48 34118
13 49 62540
13 50 6716
13 51 1386
13 52 62151
13 53 56797
13 54 44953
13 55 39119
13 56 72506
13 57 20770
13 58 16941
13 59 7363
13 60 58302
13 61 59802
13 62 48191
13 63 84422
13 64 79893
13 65 21155
13 66 80117
13 67 86621
13 68 13571
13 69 571
13 70 28452
13 71 88847
13 72 43848
13 73 44733
13 74 44200
13 75 20287
13 76 28265
13 77 38251
13 78 14711
13 79 80576
13 80 62291
13 81 53239
13 82 51516
13 83 66573
13 84 22984
13 85 21152
13 86 44515
13 87 82649
13 88 58152
13 89 69426
13 90 91798
13 91 11187
13 92 81131
13 93 2400
13 94 38452
13 95 59391
13 96 10485
13 97 51249
13 98 8850
13 99 93092
13 100 9481
13 101 5819
13 102 18
13 103 49125
13 104 5931
13 105 93487
13 106 31137
13 107 44284
13 108 99284
13 109 61405
13 110 14838
13 111 52065
13 112 35241
13 113 91149
13 114 14892
13 115 79772
13 116 42311
13 117 5753
13 118 41826
13 119 99161
14 15 4582
14 16 30014
14 17 19400
14 18 9906
14 19 59891
14 20 31267
14 21 43169
14 22 45907
14 23 92633
14 24 92242
14 25 77512
14 26 24994
14 27 84162
14 28 10310
14 29 18762
14 30 27675
14 31 50472
14 32 69626
14 33 85322
14 34 74257
14 35 37921
14 36 10981
14 37 53394
14 38 44155
14 39 5116
14 40 86042
14 41 1533
14 42 84074
14 43 63953
14 44 36845
14 45 19565
14 46 15672
14 47 90627
14 48 96988
14 49 77612
14 50 30017
14 51 72774
14 52 54168
14 53 29118
14 54 25040
14 55 75350
14 56 89609
14 57 25768
14 58 89679
14 59 60051
14 60 93599
14 61 83561
14 62 23815
14 63 39753
14 64 39389
14 65 61353
14 66 88102
14 67 68949
14 68 59551
14 69 54274
14 70 1362
14 71 44230
14 72 77116
14 73 62663
14 74 92337
14 75 90349
14 76 83349
14 77 75990
14 78 85222
14 79 76512
14 80 21820
14 81 68158
14 82 67719
14 83 61238
14 84 9726
14 85 84114
14 86 913
14 87 6461
14 88 33722
14 89 82727
14 90 77106
14 91 76725
14 92 29053
14 93 19419
14 94 81530
14 95 67767
14 96 99696
14 97 33502
14 98 18697
14 99 86111
14 100 84447
14 101 52515
14 102 43611
14 103 95545
14 104 25848
14 105 37062
14 106 74928
14 107 42196
14 108 61543
14 109 68797
14 110 20255
14 111 76555
14 112 61375
14 113 4022
14 114 56719
14 115 76657
14 116 46750
14 117 62413
14 118 40498
14 119 99305
15 16 99438
15 17 95746
15 18 25069
15 19 49790
15 20 49342
15 21 81874
15 22 25484
15 23 25314
15 24 3004
15 25 49197
15 26 54760
15 27 87154
15 28 50152
15 29 3561
15 30 44636
15 31 94085
15 32 91949
15 33 44705
15 34 73459
15 35 10369
15 36 96613
15 37 60732
15 38 57998
15 39 90890
15 40 57102
15 41 49966
15 42 20511
15 43 17546
15 44 12314
15 45 30393
15 46 56870
15 47 74982
15 48 21714
15 49 34361
15 50 95315
15 51 52426
15 52 76457
15 53 24901
15 54 13273
15 55 93344
15 56 36767
15 57 39781
15 58 7198
15 59 65477
15 60 83295
15 61 67016
15 62 48265
15 63 32132
15 64 35145
15 65 17682
15 66 21259
15 67 24482
15 68 16531
15 69 56664
15 70 60742
15 71 87968
15 72 81682
15 73 41487
15 74 6825
15 75 78490
15 76 93843
15 77 38793
15 78 1717
15 79 37457
15 80 45937
15 81 32586
15 82 21523
15 83 50677
15 84 51213
15 85 34026
15 86 7089
15 87 69367
15 88 42469
15 89 91024
15 90 36404
15 91 25189
15 92 66648
15 93 50884
15 94 54412
15 95 45606
15 96 83723
15 97 48434
15 98 11555
15 99 73622
15 100 54739
15 101 530
15 102 10731
15 103 54753
15 104 75201
15 105 36089
15 106 88646
15 107 84359
15 108 54941
15 109 34874
15 110 15515
15 111 56158
15 112 68582
15 113 73088
15 114 46365
15 115 56917
15 116 40310
15 117 53184
15 118 62785
15 119 87450
16 17 81714
16 18 14250
16 19 56755
16 20 65988
16 21 83197
16 22 61794
16 23 83246
16 24 32933
16 25 83451
16 26 65610
16 27 86903
16 28 1772
16 29 41258
16 30 36745
16 31 19814
16 32 9342
16 33 86835
16 34 75472
16 35 22622
16 36 49039
16 37 94908
16 38 23296
16 39 35290
16 40 23736
16 41 52253
16 42 35261
16 43 88538
16 44 57706
16 45 26152
16 46 13891
16 47 68316
16 48 67041
16 49 85475
16 50 22490
16 51 86788
16 52 28766
16 53 10781
16 54 92617
16 55 57300
16 56 88246
16 57 10508
16 58 19911
16 59 76961
16 60 71593
16 61 55062
16 62 2501
16 63 71620
16 64 5945
16 65 73251
16 66 44171
16 67 83444
16 68 35778
16 69 75280
16 70 51876
16 71 12525
16 72 77535
16 73 1676
16 74 73602
16 75 73556
16 76 47702
16 77 9577
16 78 11791
16 79 94559
16 80 56149
16 81 84519
16 82 19280
16 83 28942
16 84 63250
16 85 44262
16 86 7071
16 87 85252
16 88 49796
16 89 39802
16 90 28618
16 91 37861
16 92 38111
16 93 18690
16 94 78195
16 95 26771
16 96 2834
16 97 87387
16 98 40916
16 99 54778
16 100 12625
16 101 8948
16 102 66803
16 103 76190
16 104 82501
16 105 73622
16 106 83837
16 107 58820
16 108 11690
16 109 96977
16 110 12553
16 111 83332
16 112 10040
16 113 28166
16 114 50892
16 115 50754
16 116 86784
16 117 98976
16 118 32549
16 119 85170
17 18 22931
17 19 66359
17 20 29749
17 21 82621
17 22 33212
17 23 96576
17 24 62340
17 25 91773
17 26 97239
17 27 29154
17 28 24136
17 29 27180
17 30 20866
17 31 14228
17 32 18470
17 33 66521
17 34 48242
17 35 23559
17 36 34880
17 37 24609
17 38 65138
17 39 3468
17 40 87597
17 41 97602
17 42 93199
17 43 86081
17 44 27829
17 45 12822
17 46 80993
17 47 81232
17 48 62139
17 49 88129
17 50 92693
17 51 87572
17 52 40346
17 53 46530
17 54 46850
17 55 67414
17 56 90087
17 57 88894
17 58 2380
17 59 49677
17 60 13228
17 61 28801
17 62 40390
17 63 82270
17 64 22854
17 65 6533
17 66 73938
17 67 71099
17 68 25091
17 69 14463
17 70 16357
17 71 72875
17 72 74142
17 73 58500
17 74 33970
17 75 44891
17 76 22129
17 77 99062
17 78 10160
17 79 11306
17 80 44031
17 81 63008
17 82 35746
17 83 37838
17 84 89382
17 85 61596
17 86 66059
17 87 38696
17 88 5958
17 89 18535
17 90 65190
17 91 73704
17 92 91803
17 93 51292
17 94 76123
17 95 54286
17 96 98215
17 97 47948
17 98 21120
17 99 44252
17 100 28725
17 101 27442
17 102 8688
17 103 27485
17 104 83470
17 105 6410
17 106 72227
17 107 1351
17 108 84927
17 109 51150
17 110 88002
17 111 46178
17 112 277
17 113 13610
17 114 91711
17 115 81358
17 116 7026
17 117 61805
17 118 8438
17 119 71697
18 19 78129
18 20 80876
18 21 1939
18 22 3059
18 23 94583
18 24 27511
18 25 23261
18 26 75409
18 27 44971
18 28 45405
18 29 70695
18 30 5387
18 31 58942
18 32 19786
18 33 58306
18 34 4826
18 35 2661
18 36 85067
18 37 86689
18 38 36201
18 39 60538
18 40 60983
18 41 31927
18 42 33601
18 43 24591
18 44 33112
18 45 62184
18 46 46193
18 47 70479
18 48 10124
18 49 79742
18 50 99434
18 51 93979
18 52 55516
18 53 17
18 54 6866
18 55 17366
18 56 22612
18 57 34628
18 58 96983
18 59 63968
18 60 18951
18 61 2133
18 62 22097
18 63 6579
18 64 91406
18 65 83199
18 66 55985
18 67 32257
18 68 16726
18 69 60595
18 70 92990
18 71 15539
18 72 44836
18 73 12437
18 74 83769
18 75 65553
18 76 97151
18 77 93633
18 78 39322
18 79 16217
18 80 20315
18 81 86254
18 82 96449
18 83 34497
18 84 57203
18 85 58754
18 86 80196
18 87 42072
18 88 10160
18 89 89788
18 90 41522
18 91 36460
18 92 71881
18 93 58872
18 94 33108
18 95 31414
18 96 8952
18 97 27391
18 98 87561
18 99 30483
18 100 32706
18 101 97425
18 102 99752
18 103 75303
18 104 93280
18 105 10069
18 106 62125
18 107 95840
18 108 21671
18 109 78348
18 110 88211
18 111 92945
18 112 31474
18 113 84856
18 114 84810
18 115 55769
18 116 5859
18 117 91764
18 118 6444
18 119 83575
19 20 66203
19 21 73202
19 22 32484
19 23 44125
19 24 7870
19 25 3334
19 26 63808
19 27 16309
19 28 66040
19 29 54237
19 30 79822
19 31 21681
19 32 27406
19 33 79316
19 34 5850
19 35 33233
19 36 38092
19 37 33556
19 38 28252
19 39 74089
19 40 48637
19 41 22770
19 42 42446
19 43 30344
19 44 65201
19 45 30085
19 46 7019
19 47 38811
19 48 82814
19 49 29828
19 50 93032
19 51 86972
19 52 66676
19 53 92690
19 54 26447
19 55 300
19 56 56213
19 57 34696
19 58 84664
19 59 59219
19 60 64464
19 61 3601
19 62 35141
19 63 95383
19 64 39175
19 65 82942
19 66 98489
19 67 69661
19 68 22028
19 69 96989
19 70 266
19 71 2684
19 72 50291
19 73 46344
19 74 36899
19 75 50620
19 76 62165
19 77 42469
19 78 97233
19 79 16241
19 80 40411
19 81 28471
19 82 83168
19 83 8444
19 84 45942
19 85 79730
19 86 55316
19 87 13378
19 88 11321
19 89 76484
19 90 96928
19 91 32031
19 92 37536
19 93 52730
19 94 20150
19 95 54996
19 96 3188
19 97 74791
19 98 98393
19 99 15724
19 100 83354
19 101 15157
19 102 3553
19 103 18724
19 104 94958
19 105 20564
19 106 84878
19 107 86990
19 108 58610
19 109 47437
19 110 78000
19 111 45429
19 112 13108
19 113 80478
19 114 20805
19 115 44019
19 116 21393
19 117 63264
19 118 50374
19 119 93133
20 21 48330
20 22 52632
20 23 41103
20 24 94406
20 25 97278
20 26 84413
20 27 11272
20 28 17974
20 29 32804
20 30 13014
20 31 53879
20 32 58250
20 33 17753
20 34 35560
20 35 73352
20 36 37063
20 37 99476
20 38 6668
20 39 24484
20 40 23614
20 41 29773
20 42 33962
20 43 89596
20 44 3055
20 45 53933
20 46 63209
20 47 64324
20 48 95843
20 49 50672
20 50 54148
20 51 64307
20 52 64099
20 53 27766
20 54 78946
20 55 81243
20 56 29244
20 57 4023
20 58 74319
20 59 1059
20 60 61498
20 61 99291
20 62 70693
20 63 66195
20 64 89472
20 65 92226
20 66 47855
20 67 60158
20 68 84114
20 69 36531
20 70 28489
20 71 20770
20 72 13160
20 73 12805
20 74 31395
20 75 37932
20 76 71926
20 77 64593
20 78 49611
20 79 9306
20 80 89584
20 81 16460
20 82 90551
20 83 62737
20 84 82215
20 85 93105
20 86 72643
20 87 26182
20 88 17574
20 89 37548
20 90 35040
20 91 88926
20 92 63999
20 93 35349
20 94 12877
20 95 6201
20 96 57045
20 97 64557
20 98 43994
20 99 6046
20 100 87235
20 101 51991
20 102 7759
20 103 77325
20 104 37728
20 105 86383
20 106 19223
20 107 49154
20 108 17152
20 109 22193
20 110 23347
20 111 56519
20 112 46676
20 113 74505
20 114 32139
20 115 35920
20 116 69920
20 117 64224
20 118 52158
20 119 63887
21 22 21728
21 23 44926
21 24 91681
21 25 15413
21 26 62130
21 27 76256
21 28 35887
21 29 72416
21 30 44928
21 31 16937
21 32 5214
21 33 93673
21 34 5050
21 35 81330
21 36 42381
21 37 56900
21 38 1783
21 39 18138
21 40 20852
21 41 98823
21 42 4816
21 43 4497
21 44 16328
21 45 82833
21 46 52396
21 47 93776
21 48 87561
21 49 17048
21 50 13589
21 51 43463
21 52 65385
21 53 29493
21 54 62205
21 55 30202
21 56 87000
21 57 88114
21 58 43660
21 59 36927
21 60 14043
21 61 44381
21 62 34094
21 63 54228
21 64 15800
21 65 81498
21 66 48949
21 67 80427
21 68 65130
21 69 98568
21 70 47737
21 71 61789
21 72 45866
21 73 68332
21 74 44077
21 75 23864
21 76 88974
21 77 69661
21 78 45683
21 79 96416
21 80 1754
21 81 83082
21 82 80060
21 83 65442
21 84 4174
21 85 75085
21 86 48431
21 87 76153
21 88 77531
21 89 97557
21 90 65650
21 91 64315
21 92 30802
21 93 62116
21 94 50799
21 95 60305
21 96 46931
21 97 51928
21 98 75740
21 99 75152
21 100 32130
21 101 83006
21 102 43930
21 103 78164
21 104 46935
21 105 63315
21 106 20710
21 107 75184
21 108 17048
21 109 79269
21 110 41393
21 111 8408
21 112 96371
21 113 3562
21 114 49711
21 115 54450
21 116 2413
21 117 21592
21 118 49772
21 119 98571
22 23 27124
22 24 43413
22 25 34578
22 26 33997
22 27 23195
22 28 17776
22 29 42522
22 30 62062
22 31 10600
22 32 55237
22 33 35632
22 34 92684
22 35 27486
22 36 83071
22 37 80343
22 38 60260
22 39 86508
22 40 16731
22 41 6465
22 42 67117
22 43 80169
22 44 75199
22 45 68339
22 46 58761
22 47 67797
22 48 37041
22 49 8109
22 50 55939
22 51 11572
22 52 5262
22 53 41395
22 54 24959
22 55 12064
22 56 17728
22 57 50738
22 58 12135
22 59 68511
22 60 46425
22 61 11563
22 62 71922
22 63 14503
22 64 13378
22 65 30430
22 66 56140
22 67 11916
22 68 63003
22 69 8306
22 70 29284
22 71 775
22 72 9541
22 73 50174
22 74 17808
22 75 44925
22 76 49165
22 77 88325
22 78 24032
22 79 87172
22 80 54187
22 81 36534
22 82 66611
22 83 11951
22 84 38793
22 85 50160
22 86 4017
22 87 66024
22 88 3547
22 89 17351
22 90 77699
22 91 10522
22 92 24848
22 93 18037
22 94 32571
22 95 21100
22 96 82751
22 97 83594
22 98 578
22 99 8257
22 100 43810
22 101 78884
22 102 20977
22 103 23168
22 104 31992
22 105 7472
22 106 8412
22 107 52420
22 108 15805
22 109 80475
22 110 14025
22 111 72076
22 112 92979
22 113 64378
22 114 68391
22 115 10059
22 116 42870
22 117 76845
22 118 39723
22 119 80307
23 24 83887
23 25 42521
23 26 49364
23 27 50613
23 28 15947
23 29 27354
23 30 48681
23 31 62113
23 32 75024
23 33 35885
23 34 27105
23 35 9030
23 36 31834
23 37 91305
23 38 67875
23 39 57928
23 40 35552
23 41 36290
23 42 53715
23 43 64427
23 44 65514
23 45 87512
23 46 88721
23 47 29494
23 48 50221
23 49 6079
23 50 61709
23 51 25917
23 52 26569
23 53 78853
23 54 88987
23 55 37965
23 56 18200
23 57 19784
23 58 5783
23 59 60437
23 60 57058
23 61 43029
23 62 52446
23 63 99694
23 64 15100
23 65 80521
23 66 35582
23 67 4742
23 68 77550
23 69 43748
23 70 71340
23 71 56024
23 72 24052
23 73 23741
23 74 17320
23 75 79652
23 76 52774
23 77 99777
23 78 37250
23 79 87855
23 80 72664
23 81 79906
23 82 87438
23 83 40296
23 84 73938
23 85 67545
23 86 4469
23 87 59485
23 88 92309
23 89 17791
23 90 36108
23 91 68389
23 92 66238
23 93 1349
23 94 15421
23 95 66230
23 96 51127
23 97 18017
23 98 80944
23 99 63720
23 100 28066
23 101 98783
23 102 87391
23 103 71567
23 104 7387
23 105 60533
23 106 62805
23 107 19345
23 108 10657
23 109 29484
23 110 16219
23 111 24366
23 112 29955
23 113 2825
23 114 77867
23 115 49881
23 116 77371
23 117 45098
23 118 31763
23 119 54374
24 25 97558
24 26 50901
24 27 42447
24 28 83636
24 29 52975
24 30 74875
24 31 37451
24 32 47245
24 33 20572
24 34 60558
24 35 98288
24 36 67563
24 37 88885
24 38 21107
24 39 24238
24 40 80872
24 41 15034
24 42 76873
24 43 10773
24 44 35663
24 45 46036
24 46 86069
24 47 8980
24 48 69580
24 49 10203
24 50 82125
24 51 48186
24 52 57911
24 53 7892
24 54 42214
24 55 84666
24 56 97242
24 57 93593
24 58 48182
24 59 24849
24 60 91997
24 61 23572
24 62 54377
24 63 1594
24 64 11543
24 65 46915
24 66 31684
24 67 5206
24 68 42756
24 69 20430
24 70 15048
24 71 52540
24 72 99565
24 73 86366
24 74 6839
24 75 82516
24 76 27748
24 77 4383
24 78 10686
24 79 27095
24 80 72276
24 81 54836
24 82 34411
24 83 56306
24 84 86193
24 85 33408
24 86 76829
24 87 92920
24 88 56170
24 89 33964
24 90 58545
24 91 96489
24 92 31011
24 93 10377
24 94 78256
24 95 69264
24 96 28385
24 97 58980
24 98 31528
24 99 40618
24 100 11352
24 101 9334
24 102 71411
24 103 71937
24 104 71331
24 105 38449
24 106 44261
24 107 18688
24 108 9396
24 109 16398
24 110 62300
24 111 31279
24 112 83766
24 113 47698
24 114 86712
24 115 96361
24 116 29330
24 117 67466
24 118 91555
24 119 58135
25 26 33690
25 27 60452
25 28 52301
25 29 75629
25 30 97031
25 31 25964
25 32 17782
25 33 74462
25 34 63263
25 35 77375
25 36 64730
25 37 98227
25 38 69197
25 39 74654
25 40 96280
25 41 13332
25 42 24221
25 43 98242
25 44 10257
25 45 74472
25 46 38379
25 47 94108
25 48 90292
25 49 51441
25 50 33459
25 51 30844
25 52 18203
25 53 14875
25 54 99545
25 55 82450
25 56 50416
25 57 75790
25 58 62263
25 59 34036
25 60 98036
25 61 25108
25 62 88491
25 63 63505
25 64 1806
25 65 96921
25 66 9834
25 67 38343
25 68 88534
25 69 59413
25 70 80030
25 71 94661
25 72 45449
25 73 59555
25 74 62813
25 75 42111
25 76 17298
25 77 51823
25 78 92887
25 79 28734
25 80 25655
25 81 62294
25 82 41132
25 83 56150
25 84 87672
25 85 55174
25 86 62546
25 87 4498
25 88 46870
25 89 35376
25 90 18676
25 91 91496
25 92 71027
25 93 77731
25 94 90722
25 95 18844
25 96 44451
25 97 7903
25 98 46933
25 99 71455
25 100 60452
25 101 26009
25 102 67565
25 103 62443
25 104 12870
25 105 88865
25 106 43874
25 107 97201
25 108 33966
25 109 61650
25 110 8371
25 111 55200
25 112 91954
25 113 40233
25 114 50156
25 115 26552
25 116 26898
25 117 68169
25 118 25348
25 119 87371
26 27 2433
26 28 84914
26 29 78592
26 30 13659
26 31 48425
26 32 72946
26 33 40666
26 34 14976
26 35 84134
26 36 89496
26 37 64042
26 38 74562
26 39 67091
26 40 19204
26 41 77010
26 42 6946
26 43 57668
26 44 5950
26 45 64388
26 46 71624
26 47 49778
26 48 447
26 49 91529
26 50 42035
26 51 94402
26 52 39174
26 53 22680
26 54 64619
26 55 16284
26 56 67871
26 57 50931
26 58 85677
26 59 51863
26 60 7454
26 61 59618
26 62 71369
26 63 73662
26 64 74497
26 65 98734
26 66 61910
26 67 75767
26 68 40322
26 69 61971
26 70 76571
26 71 61258
26 72 19159
26 73 58200
26 74 94984
26 75 90495
26 76 80961
26 77 56470
26 78 13107
26 79 42786
26 80 69417
26 81 27632
26 82 68870
26 83 81225
26 84 53304
26 85 12180
26 86 89039
26 87 93670
26 88 17094
26 89 66281
26 90 57607
26 91 79658
26 92 22915
26 93 8457
26 94 16726
26 95 49298
26 96 8271
26 97 67504
26 98 94946
26 99 45906
26 100 27565
26 101 14379
26 102 3052
26 103 76305
26 104 55538
26 105 50570
26 106 26078
26 107 40503
26 108 35856
26 109 22672
26 110 66358
26 111 70215
26 112 12594
26 113 75625
26 114 51859
26 115 41169
26 116 7372
26 117 10846
26 118 52968
26 119 33483
27 28 66853
27 29 65163
27 30 67862
27 31 4954
27 32 45560
27 33 90969
27 34 20634
27 35 27695
27 36 71157
27 37 27969
27 38 78264
27 39 71229
27 40 74842
27 41 30992
27 42 35910
27 43 99747
27 44 75237
27 45 49760
27 46 76568
27 47 56573
27 48 86461
27 49 85996
27 50 73431
27 51 14071
27 52 1194
27 53 70605
27 54 47546
27 55 88077
27 56 26400
27 57 12544
27 58 29963
27 59 45888
27 60 44296
27 61 3645
27 62 36207
27 63 18365
27 64 89564
27 65 95509
27 66 92755
27 67 16647
27 68 60160
27 69 4968
27 70 27308
27 71 22163
27 72 84325
27 73 25039
27 74 91483
27 75 76878
27 76 58279
27 77 42958
27 78 15512
27 79 91503
27 80 61985
27 81 22222
27 82 85079
27 83 48728
27 84 99991
27 85 98973
27 86 57141
27 87 27917
27 88 49741
27 89 86122
27 90 32840
27 91 43273
27 92 14024
27 93 73610
27 94 12581
27 95 74155
27 96 89760
27 97 50271
27 98 47436
27 99 44999
27 100 51639
27 101 11748
27 102 59066
27 103 97436
27 104 33087
27 105 81501
27 106 15232
27 107 49141
27 108 40981
27 109 85949
27 110 21229
27 111 93136
27 112 16897
27 113 45243
27 114 27792
27 115 18577
27 116 70899
27 117 22652
27 118 89678
27 119 92958
28 29 25349
28 30 77474
28 31 64945
28 32 23532
28 33 31838
28 34 17132
28 35 70510
28 36 80081
28 37 91026
28 38 52266
28 39 47744
28 40 17416
28 41 3260
28 42 80854
28 43 26304
28 44 6731
28 45 27277
28 46 82768
28 47 9696
28 48 4996
28 49 24851
28 50 35241
28 51 92889
28 52 73146
28 53 38359
28 54 3997
28 55 49202
28 56 598
28 57 57569
28 58 81183
28 59 29248
28 60 6003
28 61 95238
28 62 65312
28 63 63951
28 64 27065
28 65 13519
28 66 11964
28 67 7332
28 68 58222
28 69 97744
28 70 8190
28 71 19540
28 72 49947
28 73 62365
28 74 3128
28 75 5220
28 76 23542
28 77 53710
28 78 72629
28 79 81895
28 80 42203
28 81 49938
28 82 4038
28 83 16584
28 84 54574
28 85 2174
28 86 30972
28 87 38126
28 88 80300
28 89 48316
28 90 83761
28 91 3503
28 92 36971
28 93 22911
28 94 45019
28 95 47889
28 96 64721
28 97 38797
28 98 71065
28 99 36067
28 100 32115
28 101 36617
28 102 94076
28 103 88632
28 104 74559
28 105 49385
28 106 71879
28 107 47950
28 108 40596
28 109 2812
28 110 41424
28 111 81617
28 112 81828
28 113 61531
28 114 60489
28 115 28245
28 116 37942
28 117 54021
28 118 24471
28 119 17339
29 30 9874
29 31 57079
29 32 75310
29 33 11635
29 34 96786
29 35 26596
29 36 82111
29 37 93656
29 38 97253
29 39 19849
29 40 45657
29 41 60532
29 42 94954
29 43 28817
29 44 96710
29 45 49390
29 46 25974
29 47 38147
29 48 83668
29 49 57438
29 50 33898
29 51 67494
29 52 15154
29 53 77839
29 54 75897
29 55 39930
29 56 45699
29 57 20045
29 58 84619
29 59 59685
29 60 15861
29 61 55348
29 62 45232
29 63 7663
29 64 1671
29 65 46764
29 66 26185
29 67 30339
29 68 96318
29 69 98908
29 70 62092
29 71 28439
29 72 20260
29 73 8515
29 74 37624
29 75 57031
29 76 72342
29 77 17798
29 78 81262
29 79 84280
29 80 39137
29 81 48587
29 82 42817
29 83 88244
29 84 48045
29 85 36415
29 86 91592
29 87 87144
29 88 75198
29 89 39256
29 90 81377
29 91 54126
29 92 69539
29 93 90070
29 94 87055
29 95 66756
29 96 22105
29 97 22371
29 98 77927
29 99 8712
29 100 25721
29 101 46655
29 102 79105
29 103 29873
29 104 54217
29 105 43494
29 106 82071
29 107 83727
29 108 77357
29 109 34498
29 110 38065
29 111 41048
29 112 15827
29 113 80065
29 114 59246
29 115 58565
29 116 10312
29 117 57708
29 118 28898
29 119 2724
30 31 10910
30 32 53040
30 33 89094
30 34 76001
30 35 8386
30 36 89010
30 37 77121
30 38 44391
30 39 91830
30 40 28227
30 41 30413
30 42 76156
30 43 5070
30 44 53495
30 45 47975
30 46 34990
30 47 75632
30 48 29734
30 49 19038
30 50 46935
30 51 89693
30 52 78834
30 53 8046
30 54 6963
30 55 36091
30 56 14857
30 57 75353
30 58 72056
30 59 72383
30 60 74738
30 61 44661
30 62 3780
30 63 29607
30 64 61859
30 65 24801
30 66 37559
30 67 3547
30 68 76191
30 69 93485
30 70 60602
30 71 55527
30 72 71321
30 73 26367
30 74 96110
30 75 15324
30 76 54598
30 77 26757
30 78 45722
30 79 94314
30 80 52746
30 81 32981
30 82 88290
30 83 36355
30 84 50165
30 85 74148
30 86 80767
30 87 51479
30 88 18003
30 89 83914
30 90 648
30 91 45138
30 92 98764
30 93 58236
30 94 17926
30 95 11708
30 96 72201
30 97 51620
30 98 12553
30 99 57344
30 100 5235
30 101 54051
30 102 67003
30 103 23681
30 104 92069
30 105 7257
30 106 78910
30 107 70857
30 108 19857
30 109 95296
30 110 15813
30 111 61565
30 112 49213
30 113 98657
30 114 43827
30 115 67388
30 116 74153
30 117 82558
30 118 36900
30 119 25338
31 32 93192
31 33 98975
31 34 95393
31 35 33580
31 36 4342
31 37 83135
31 38 87416
31 39 97252
31 40 99586
31 41 44435
31 42 52144
31 43 2350
31 44 33643
31 45 58360
31 46 14551
31 47 17121
31 48 43819
31 49 69147
31 50 22167
31 51 52701
31 52 74407
31 53 2246
31 54 56131
31 55 23044
31 56 57956
31 57 20553
31 58 82118
31 59 5864
31 60 50897
31 61 93087
31 62 31411
31 63 14224
31 64 94958
31 65 89626
31 66 73546
31 67 87337
31 68 22522
31 69 15299
31 70 14359
31 71 96512
31 72 43665
31 73 96846
31 74 33405
31 75 7339
31 76 26173
31 77 26552
31 78 49505
31 79 35068
31 80 48344
31 81 26908
31 82 86471
31 83 30009
31 84 88235
31 85 13003
31 86 3071
31 87 98945
31 88 81203
31 89 97448
31 90 91628
31 91 79903
31 92 48773
31 93 50148
31 94 25096
31 95 80720
31 96 8386
31 97 86840
31 98 97274
31 99 97501
31 100 10494
31 101 46963
31 102 7125
31 103 65398
31 104 85701
31 105 57532
31 106 24163
31 107 93627
31 108 27770
31 109 4859
31 110 89219
31 111 49981
31 112 54319
31 113 63027
31 114 34929
31 115 67620
31 116 36269
31 117 88060
31 118 19927
31 119 7792
32 33 77501
32 34 95139
32 35 65624
32 36 42045
32 37 37637
32 38 73119
32 39 79050
32 40 54433
32 41 38209
32 42 27644
32 43 87636
32 44 41824
32 45 84898
32 46 36967
32 47 30314
32 48 26076
32 49 93056
32 50 44222
32 51 12173
32 52 43659
32 53 46954
32 54 56440
32 55 13401
32 56 47278
32 57 68116
32 58 69729
32 59 32566
32 60 94080
32 61 94031
32 62 46973
32 63 79219
32 64 53574
32 65 21467
32 66 64993
32 67 3877
32 68 12896
32 69 35855
32 70 29785
32 71 16556
32 72 76206
32 73 24746
32 74 36613
32 75 78980
32 76 15086
32 77 19454
32 78 17819
32 79 80465
32 80 40002
32 81 28082
32 82 18415
32 83 93508
32 84 95677
32 85 70916
32 86 6020
32 87 18326
32 88 98182
32 89 38309
32 90 56877
32 91 62086
32 92 78114
32 93 66574
32 94 16889
32 95 75818
32 96 65762
32 97 16799
32 98 5263
32 99 58543
32 100 56665
32 101 59876
32 102 51766
32 103 17619
32 104 14713
32 105 92838
32 106 17447
32 107 41107
32 108 46956
32 109 63823
32 110 99791
32 111 27293
32 112 38469
32 113 73085
32 114 54330
32 115 90284
32 116 55044
32 117 54507
32 118 29322
32 119 31688
33 34 80462
33 35 43855
33 36 4051
33 37 56105
33 38 25110
33 39 8866
33 40 51360
33 41 5393
33 42 4413
33 43 62254
33 44 905
33 45 83401
33 46 32956
33 47 10842
33 48 25413
33 49 99746
33 50 2135
33 51 93567
33 52 10289
33 53 9258
33 54 69054
33 55 12727
33 56 64413
33 57 30973
33 58 51361
33 59 19087
33 60 6797
33 61 95408
33 62 55318
33 63 66081
33 64 49587
33 65 47553
33 66 328
33 67 53374
33 68 64397
33 69 63357
33 70 21859
33 71 96723
33 72 86994
33 73 93966
33 74 8632
33 75 8707
33 76 79074
33 77 9279
33 78 99745
33 79 47906
33 80 99471
33 81 50801
33 82 29810
33 83 85755
33 84 48645
33 85 50770
33 86 4365
33 87 35846
33 88 7181
33 89 26623
33 90 73187
33 91 85010
33 92 6638
33 93 32769
33 94 75014
33 95 88148
33 96 42044
33 97 251
33 98 97
33 99 65511
33 100 91923
33 101 45001
33 102 67728
33 103 62945
33 104 63424
33 105 40419
33 106 87037
33 107 79769
33 108 85064
33 109 53094
33 110 52864
33 111 82929
33 112 87617
33 113 13891
33 114 93284
33 115 94552
33 116 367
33 117 38088
33 118 26428
33 119 55839
34 35 69119
34 36 16704
34 37 98481
34 38 72848
34 39 57301
34 40 35765
34 41 29347
34 42 67603
34 43 77953
34 44 30098
34 45 60201
34 46 14045
34 47 49608
34 48 16897
34 49 51304
34 50 73975
34 51 6151
34 52 37326
34 53 10511
34 54 6328
34 55 36893
34 56 92251
34 57 42294
34 58 64758
34 59 28745
34 60 27980
34 61 65911
34 62 61721
34 63 80921
34 64 39260
34 65 28741
34 66 50915
34 67 10279
34 68 36170
34 69 83718
34 70 96410
34 71 16394
34 72 83963
34 73 84315
34 74 22586
34 75 98770
34 76 46736
34 77 94791
34 78 79204
34 79 19891
34 80 9965
34 81 59244
34 82 40990
34 83 88001
34 84 62311
34 85 52184
34 86 4784
34 87 39483
34 88 40095
34 89 21231
34 90 88258
34 91 24855
34 92 9017
34 93 38407
34 94 4693
34 95 85784
34 96 43261
34 97 27849
34 98 1676
34 99 18641
34 100 18605
34 101 9205
34 102 86049
34 103 480
34 104 87025
34 105 4947
34 106 89942
34 107 48770
34 108 58366
34 109 79372
34 110 46622
34 111 76249
34 112 54692
34 113 53735
34 114 12743
34 115 20198
34 116 29819
34 117 24479
34 118 79791
34 119 93878
35 36 33271
35 37 25027
35 38 50076
35 39 96909
35 40 25973
35 41 59231
35 42 86257
35 43 21355
35 44 13454
35 45 60046
35 46 19062
35 47 6527
35 48 29585
35 49 81407
35 50 86703
35 51 99563
35 52 70630
35 53 99847
35 54 39075
35 55 80018
35 56 30054
35 57 61987
35 58 25219
35 59 37641
35 60 13114
35 61 61722
35 62 9678
35 63 55560
35 64 37275
35 65 97796
35 66 39719
35 67 62528
35 68 80708
35 69 19009
35 70 35856
35 71 29934
35 72 19665
35 73 48920
35 74 47125
35 75 39978
35 76 42508
35 77 64494
35 78 6625
35 79 24419
35 80 9511
35 81 33783
35 82 13059
35 83 33559
35 84 91102
35 85 42408
35 86 4569
35 87 9567
35 88 93678
35 89 94024
35 90 21119
35 91 94057
35 92 51256
35 93 6204
35 94 31935
35 95 15018
35 96 6215
35 97 76692
35 98 47926
35 99 57318
35 100 89289
35 101 27360
35 102 390
35 103 87376
35 104 28181
35 105 74176
35 106 13200
35 107 83646
35 108 97975
35 109 58612
35 110 78210
35 111 9475
35 112 10965
35 113 78902
35 114 72461
35 115 45467
35 116 17205
35 117 93983
35 118 63005
35 119 60519
36 37 32963
36 38 1186
36 39 30596
36 40 3764
36 41 61397
36 42 54380
36 43 65523
36 44 66758
36 45 8297
36 46 52224
36 47 4489
36 48 4088
36 49 59877
36 50 27053
36 51 27065
36 52 15938
36 53 37239
36 54 34086
36 55 20922
36 56 18549
36 57 88876
36 58 83666
36 59 51636
36 60 74089
36 61 97802
36 62 71616
36 63 1715
36 64 64458
36 65 83766
36 66 77337
36 67 46450
36 68 13543
36 69 42778
36 70 42580
36 71 36469
36 72 48268
36 73 37117
36 74 95239
36 75 39362
36 76 62960
36 77 14405
36 78 30329
36 79 58800
36 80 28812
36 81 53632
36 82 12338
36 83 64830
36 84 92491
36 85 42762
36 86 11421
36 87 12164
36 88 18203
36 89 95292
36 90 15796
36 91 22131
36 92 78583
36 93 44696
36 94 50060
36 95 96421
36 96 15112
36 97 90303
36 98 5741
36 99 98663
36 100 84536
36 101 15050
36 102 4945
36 103 5813
36 104 61373
36 105 40897
36 106 29821
36 107 92430
36 108 43642
36 109 18642
36 110 754
36 111 58221
36 112 5600
36 113 36769
36 114 64805
36 115 1228
36 116 38227
36 117 51667
36 118 11719
36 119 89260
37 38 98803
37 39 33517
37 40 99079
37 41 96791
37 42 16030
37 43 79961
37 44 39829
37 45 1330
37 46 47675
37 47 72358
37 48 74284
37 49 76067
37 50 5460
37 51 63227
37 52 58946
37 53 2642
37 54 67898
37 55 92718
37 56 51361
37 57 29713
37 58 11488
37 59 22038
37 60 23632
37 61 481
37 62 14256
37 63 94620
37 64 1729
37 65 9370
37 66 38350
37 67 27267
37 68 6153
37 69 14854
37 70 25866
37 71 62768
37 72 75470
37 73 44401
37 74 94058
37 75 92220
37 76 10197
37 77 77980
37 78 70219
37 79 29404
37 80 32866
37 81 75350
37 82 19801
37 83 75728
37 84 41772
37 85 15858
37 86 28753
37 87 3498
37 88 30713
37 89 54597
37 90 18371
37 91 69144
37 92 4699
37 93 91179
37 94 82182
37 95 92790
37 96 42327
37 97 34479
37 98 68344
37 99 46727
37 100 14758
37 101 28536
37 102 8627
37 103 813
37 104 88576
37 105 4775
37 106 87651
37 107 14722
37 108 43400
37 109 97554
37 110 50951
37 111 79401
37 112 42237
37 113 80843
37 114 70781
37 115 44873
37 116 79445
37 117 20431
37 118 50154
37 119 45043
38 39 74869
38 40 4351
38 41 41013
38 42 63702
38 43 3299
38 44 52628
38 45 69214
38 46 58405
38 47 55941
38 48 75150
38 49 34842
38 50 51786
38 51 33455
38 52 81871
38 53 62855
38 54 78529
38 55 39452
38 56 70511
38 57 4829
38 58 62646
38 59 77885
38 60 80636
38 61 97641
38 62 51990
38 63 43282
38 64 1276
38 65 16103
38 66 7970
38 67 51757
38 68 83736
38 69 60569
38 70 86746
38 71 97498
38 72 25147
38 73 37198
38 74 56163
38 75 1517
38 76 78087
38 77 5577
38 78 46114
38 79 87279
38 80 2405
38 81 53715
38 82 31302
38 83 79748
38 84 15546
38 85 8596
38 86 23898
38 87 41666
38 88 58351
38 89 54253
38 90 23427
38 91 63115
38 92 30031
38 93 91497
38 94 31008
38 95 45084
38 96 11351
38 97 26899
38 98 8117
38 99 52987
38 100 13502
38 101 39275
38 102 94899
38 103 22244
38 104 69074
38 105 18450
38 106 99563
38 107 66834
38 108 87330
38 109 10355
38 110 62766
38 111 47329
38 112 29239
38 113 24152
38 114 68282
38 115 14354
38 116 80226
38 117 11457
38 118 13147
38 119 91694
39 40 76361
39 41 65991
39 42 52725
39 43 6068
39 44 60394
39 45 70648
39 46 88585
39 47 58933
39 48 76830
39 49 44230
39 50 82594
39 51 75036
39 52 92175
39 53 86200
39 54 77961
39 55 97883
39 56 95678
39 57 39259
39 58 42371
39 59 61990
39 60 32347
39 61 6561
39 62 43725
39 63 71512
39 64 74506
39 65 61061
39 66 78641
39 67 1112
39 68 54642
39 69 11650
39 70 50214
39 71 14085
39 72 58301
39 73 63728
39 74 16633
39 75 38670
39 76 96013
39 77 21218
39 78 12502
39 79 44761
39 80 46061
39 81 20144
39 82 94086
39 83 14114
39 84 42302
39 85 7765
39 86 35181
39 87 77245
39 88 65276
39 89 1143
39 90 81526
39 91 67374
39 92 93043
39 93 88880
39 94 89756
39 95 58674
39 96 4318
39 97 74824
39 98 88521
39 99 46040
39 100 74844
39 101 18211
39 102 21118
39 103 639
39 104 23538
39 105 41672
39 106 35902
39 107 27134
39 108 1149
39 109 33743
39 110 16860
39 111 13972
39 112 49566
39 113 81014
39 114 57848
39 115 96801
39 116 96442
39 117 3981
39 118 79823
39 119 58990
40 41 31410
40 42 69742
40 43 21206
40 44 54768
40 45 8738
40 46 81663
40 47 89529
40 48 3674
40 49 18333
40 50 56940
40 51 95
40 52 6192
40 53 74142
40 54 75043
40 55 34952
40 56 5432
40 57 12551
40 58 3258
40 59 95188
40 60 56130
40 61 78884
40 62 92119
40 63 11320
40 64 63447
40 65 6407
40 66 98585
40 67 38632
40 68 7140
40 69 45911
40 70 72586
40 71 52184
40 72 80117
40 73 82158
40 74 74969
40 75 77644
40 76 39202
40 77 10253
40 78 53769
40 79 76166
40 80 2534
40 81 28072
40 82 30047
40 83 54330
40 84 48149
40 85 81744
40 86 21673
40 87 17129
40 88 26848
40 89 69524
40 90 7718
40 91 43338
40 92 11374
40 93 9726
40 94 89908
40 95 39571
40 96 5214
40 97 39052
40 98 93795
40 99 17716
40 100 56104
40 101 17214
40 102 75329
40 103 76355
40 104 2093
40 105 58798
40 106 90525
40 107 79119
40 108 44405
40 109 59141
40 110 72953
40 111 87055
40 112 31418
40 113 44625
40 114 39393
40 115 41614
40 116 92239
40 117 90420
40 118 38049
40 119 83179
41 42 95377
41 43 5331
41 44 21622
41 45 97702
41 46 85175
41 47 59125
41 48 87906
41 49 84296
41 50 962
41 51 19629
41 52 72469
41 53 55141
41 54 26844
41 55 72697
41 56 27064
41 57 55965
41 58 64766
41 59 79573
41 60 53349
41 61 99872
41 62 75562
41 63 34909
41 64 45312
41 65 11522
41 66 62132
41 67 26603
41 68 75891
41 69 69440
41 70 40858
41 71 70762
41 72 7837
41 73 83154
41 74 57589
41 75 77692
41 76 43603
41 77 93359
41 78 98684
41 79 21543
41 80 85524
41 81 39052
41 82 87329
41 83 41381
41 84 4615
41 85 86125
41 86 52791
41 87 64937
41 88 92153
41 89 83739
41 90 27449
41 91 89251
41 92 48422
41 93 50
41 94 71552
41 95 29351
41 96 88166
41 97 17293
41 98 4716
41 99 4946
41 100 47571
41 101 19020
41 102 78718
41 103 24021
41 104 38314
41 105 60645
41 106 5771
41 107 18949
41 108 57747
41 109 17202
41 110 43353
41 111 94693
41 112 94321
41 113 72185
41 114 68707
41 115 57168
41 116 95987
41 117 46835
41 118 45264
41 119 65249
42 43 65971
42 44 49328
42 45 59535
42 46 48835
42 47 98347
42 48 33296
42 49 2202
42 50 21927
42 51 5819
42 52 19140
42 53 87815
42 54 74847
42 55 88219
42 56 77275
42 57 831
42 58 64816
42 59 5072
42 60 56584
42 61 20690
42 62 22822
42 63 75183
42 64 63785
42 65 87450
42 66 17244
42 67 97773
42 68 51415
42 69 65716
42 70 66437
42 71 13058
42 72 84409
42 73 81225
42 74 1571
42 75 27347
42 76 98840
42 77 92892
42 78 34007
42 79 87225
42 80 15178
42 81 20634
42 82 17167
42 83 80036
42 84 15897
42 85 30330
42 86 39030
42 87 10329
42 88 28138
42 89 32557
42 90 56589
42 91 80223
42 92 95847
42 93 70370
42 94 21940
42 95 24499
42 96 80678
42 97 51757
42 98 71115
42 99 64289
42 100 59267
42 101 38136
42 102 82019
42 103 13267
42 104 45806
42 105 87313
42 106 81884
42 107 297
42 108 99068
42 109 40918
42 110 9181
42 111 15056
42 112 30951
42 113 11955
42 114 98070
42 115 1943
42 116 12767
42 117 81815
42 118 20059
42 119 90105
43 44 21847
43 45 50203
43 46 9463
43 47 30602
43 48 51596
43 49 40958
43 50 98646
43 51 64069
43 52 50791
43 53 70297
43 54 21728
43 55 18674
43 56 62212
43 57 55729
43 58 94608
43 59 99006
43 60 8525
43 61 47726
43 62 73041
43 63 12610
43 64 51233
43 65 197
43 66 52544
43 67 12429
43 68 43844
43 69 63207
43 70 55907
43 71 93950
43 72 60270
43 73 13075
43 74 59085
43 75 55164
43 76 38798
43 77 30638
43 78 27182
43 79 83710
43 80 750
43 81 31285
43 82 38807
43 83 88502
43 84 75908
43 85 6335
43 86 2724
43 87 39153
43 88 82760
43 89 96285
43 90 97311
43 91 75899
43 92 42452
43 93 81261
43 94 83009
43 95 33434
43 96 89999
43 97 8380
43 98 63217
43 99 43595
43 100 14971
43 101 40375
43 102 9931
43 103 28158
43 104 85294
43 105 53810
43 106 45258
43 107 16850
43 108 90061
43 109 82590
43 110 33686
43 111 32620
43 112 92385
43 113 2940
43 114 46954
43 115 23692
43 116 41897
43 117 13227
43 118 88623
43 119 4924
44 45 60455
44 46 55347
44 47 36087
44 48 48213
44 49 21672
44 50 21657
44 51 7415
44 52 30183
44 53 85258
44 54 57676
44 55 31175
44 56 89745
44 57 71366
44 58 67049
44 59 85459
44 60 28344
44 61 12689
44 62 70262
44 63 84402
44 64 93791
44 65 63348
44 66 19441
44 67 8978
44 68 94430
44 69 16152
44 70 96454
44 71 48159
44 72 54876
44 73 74950
44 74 19553
44 75 26558
44 76 93708
44 77 28988
44 78 56221
44 79 86750
44 80 86266
44 81 23856
44 82 1360
44 83 79447
44 84 65127
44 85 85650
44 86 85224
44 87 25759
44 88 4363
44 89 48745
44 90 77656
44 91 69648
44 92 99896
44 93 8351
44 94 71759
44 95 27114
44 96 24922
44 97 34701
44 98 28455
44 99 22412
44 100 45028
44 101 12970
44 102 25730
44 103 5262
44 104 27899
44 105 63914
44 106 36368
44 107 61365
44 108 53982
44 109 16355
44 110 30011
44 111 59011
44 112 8384
44 113 91182
44 114 3037
44 115 64439
44 116 24349
44 117 17832
44 118 24857
44 119 82540
45 46 18155
45 47 30774
45 48 81428
45 49 22377
45 50 89485
45 51 87304
45 52 96075
45 53 39908
45 54 65592
45 55 44735
45 56 80989
45 57 92629
45 58 82551
45 59 1849
45 60 81471
45 61 34659
45 62 71972
45 63 31173
45 64 35778
45 65 86585
45 66 53405
45 67 18252
45 68 12127
45 69 40065
45 70 56504
45 71 61521
45 72 13319
45 73 75225
45 74 20133
45 75 45892
45 76 71452
45 77 57110
45 78 18658
45 79 85737
45 80 69439
45 81 68102
45 82 3581
45 83 97653
45 84 95515
45 85 60169
45 86 34142
45 87 50823
45 88 93132
45 89 25963
45 90 10396
45 91 11310
45 92 85945
45 93 96918
45 94 82504
45 95 67463
45 96 72897
45 97 66662
45 98 48609
45 99 30242
45 100 78277
45 101 93025
45 102 84078
45 103 93091
45 104 87049
45 105 5532
45 106 16949
45 107 7714
45 108 58886
45 109 16254
45 110 52151
45 111 48095
45 112 71160
45 113 97610
45 114 90106
45 115 65616
45 116 38170
45 117 11920
45 118 56135
45 119 61515
46 47 45275
46 48 34697
46 49 71376
46 50 7304
46 51 1164
46 52 60388
46 53 24237
46 54 59670
46 55 48337
46 56 70650
46 57 83066
46 58 74198
46 59 25602
46 60 38487
46 61 17814
46 62 95174
46 63 26071
46 64 52662
46 65 44830
46 66 57049
46 67 52054
46 68 36611
46 69 93677
46 70 85150
46 71 16319
46 72 546
46 73 29860
46 74 70766
46 75 91103
46 76 81984
46 77 54290
46 78 84555
46 79 22797
46 80 15346
46 81 13378
46 82 48825
46 83 10195
46 84 11869
46 85 5605
46 86 18336
46 87 45425
46 88 90162
46 89 62422
46 90 60201
46 91 8053
46 92 38437
46 93 74564
46 94 86484
46 95 26484
46 96 59797
46 97 63038
46 98 31475
46 99 20675
46 100 42616
46 101 74920
46 102 6956
46 103 41932
46 104 77342
46 105 18938
46 106 86626
46 107 64132
46 108 1354
46 109 17368
46 110 40130
46 111 70136
46 112 66212
46 113 65172
46 114 3514
46 115 36372
46 116 69621
46 117 70762
46 118 22844
46 119 11830
47 48 56353
47 49 34975
47 50 84173
47 51 61323
47 52 95823
47 53 70634
47 54 22887
47 55 59113
47 56 38258
47 57 11569
47 58 84334
47 59 6238
47 60 98476
47 61 12873
47 62 75451
47 63 95814
47 64 72542
47 65 63254
47 66 25669
47 67 46157
47 68 27380
47 69 81495
47 70 6094
47 71 88840
47 72 85519
47 73 44050
47 74 67189
47 75 97776
47 76 41336
47 77 26960
47 78 63683
47 79 93941
47 80 5441
47 81 92843
47 82 31515
47 83 8144
47 84 32355
47 85 83260
47 86 80716
47 87 40816
47 88 64994
47 89 89083
47 90 15016
47 91 16747
47 92 83673
47 93 63731
47 94 39125
47 95 95379
47 96 4526
47 97 73805
47 98 47939
47 99 93198
47 100 84685
47 101 60445
47 102 17249
47 103 51268
47 104 94519
47 105 25131
47 106 97924
47 107 70676
47 108 67616
47 109 50583
47 110 52461
47 111 85382
47 112 90756
47 113 10807
47 114 1633
47 115 84396
47 116 44296
47 117 40630
47 118 81416
47 119 42688
48 49 86987
48 50 21915
48 51 96634
48 52 96825
48 53 77882
48 54 45147
48 55 31972
48 56 91634
48 57 3464
48 58 96230
48 59 78001
48 60 7402
48 61 24400
48 62 56566
48 63 39596
48 64 15948
48 65 340
48 66 94417
48 67 51303
48 68 8822
48 69 46573
48 70 20494
48 71 55102
48 72 17888
48 73 18989
48 74 27410
48 75 77056
48 76 35449
48 77 57718
48 78 70466
48 79 39133
48 80 93268
48 81 68465
48 82 51048
48 83 36569
48 84 74422
48 85 62280
48 86 88217
48 87 67443
48 88 77829
48 89 7925
48 90 36269
48 91 20824
48 92 41973
48 93 86584
48 94 64374
48 95 61656
48 96 3139
48 97 57885
48 98 80722
48 99 66012
48 100 61672
48 101 91904
48 102 56896
48 103 20452
48 104 11444
48 105 34896
48 106 39353
48 107 7666
48 108 22174
48 109 60959
48 110 20209
48 111 56217
48 112 63132
48 113 22191
48 114 94956
48 115 18401
48 116 60793
48 117 31604
48 118 26294
48 119 79598
49 50 90485
49 51 88127
49 52 13897
49 53 47778
49 54 57993
49 55 90536
49 56 71856
49 57 33791
49 58 31434
49 59 94535
49 60 40567
49 61 6930
49 62 57336
49 63 99839
49 64 40699
49 65 99539
49 66 90173
49 67 94192
49 68 85983
49 69 29535
49 70 33800
49 71 15770
49 72 41945
49 73 86899
49 74 47546
49 75 59263
49 76 28694
49 77 72835
49 78 41443
49 79 1550
49 80 95540
49 81 23528
49 82 26287
49 83 85363
49 84 79287
49 85 31602
49 86 37947
49 87 9659
49 88 52387
49 89 19957
49 90 5720
49 91 53751
49 92 9559
49 93 53317
49 94 95949
49 95 29832
49 96 70408
49 97 7145
49 98 78748
49 99 60915
49 100 98134
49 101 45159
49 102 92437
49 103 45022
49 104 56183
49 105 38050
49 106 18645
49 107 78413
49 108 74586
49 109 60274
49 110 95338
49 111 12802
49 112 19093
49 113 2072
49 114 41984
49 115 86044
49 116 95623
49 117 68126
49 118 85644
49 119 96347
50 51 47799
50 52 31041
50 53 98163
50 54 63315
50 55 17138
50 56 14251
50 57 34484
50 58 2320
50 59 90352
50 60 91547
50 61 40591
50 62 14896
50 63 46968
50 64 73703
50 65 78731
50 66 15360
50 67 55144
50 68 15467
50 69 73463
50 70 15150
50 71 55415
50 72 9249
50 73 58416
50 74 40020
50 75 32664
50 76 21396
50 77 58624
50 78 63999
50 79 24266
50 80 60144
50 81 39541
50 82 83931
50 83 20291
50 84 1623
50 85 86500
50 86 1279
50 87 15558
50 88 88869
50 89 14272
50 90 37464
50 91 77623
50 92 7921
50 93 29194
50 94 75066
50 95 72711
50 96 67348
50 97 22476
50 98 83449
50 99 66309
50 100 57087
50 101 85956
50 102 39116
50 103 99456
50 104 17279
50 105 75020
50 106 1418
50 107 77983
50 108 21018
50 109 51769
50 110 39737
50 111 35248
50 112 74865
50 113 26179
50 114 51389
50 115 7562
50 116 51401
50 117 11532
50 118 44097
50 119 50891
51 52 993
51 53 25927
51 54 11939
51 55 72106
51 56 59994
51 57 1664
51 58 53197
51 59 16335
51 60 33378
51 61 16968
51 62 45922
51 63 86133
51 64 17638
51 65 53289
51 66 30857
51 67 64557
51 68 94839
51 69 86083
51 70 58274
51 71 60075
51 72 1247
51 73 49923
51 74 27247
51 75 88061
51 76 32749
51 77 53631
51 78 97933
51 79 72601
51 80 9112
51 81 66215
51 82 70700
51 83 64386
51 84 13899
51 85 30890
51 86 29560
51 87 46216
51 88 90685
51 89 91571
51 90 25760
51 91 15845
51 92 92328
51 93 68047
51 94 81495
51 95 92618
51 96 86680
51 97 17691
51 98 96297
51 99 2598
51 100 83997
51 101 50848
51 102 97881
51 103 16979
51 104 80090
51 105 22307
51 106 47648
51 107 41760
51 108 84603
51 109 25058
51 110 38931
51 111 79553
51 112 57954
51 113 78073
51 114 85823
51 115 89342
51 116 83861
51 117 71100
51 118 40455
51 119 84802
52 53 38881
52 54 34605
52 55 62214
52 56 52063
52 57 48980
52 58 52327
52 59 87082
52 60 85622
52 61 90096
52 62 88019
52 63 95754
52 64 38459
52 65 71800
52 66 14258
52 67 20903
52 68 93192
52 69 60300
52 70 74302
52 71 63273
52 72 54712
52 73 63856
52 74 58722
52 75 28595
52 76 53395
52 77 7938
52 78 5000
52 79 72654
52 80 25756
52 81 42400
52 82 55503
52 83 13697
52 84 35791
52 85 79731
52 86 51272
52 87 35022
52 88 17814
52 89 65615
52 90 80284
52 91 41137
52 92 92526
52 93 23861
52 94 32174
52 95 58040
52 96 47684
52 97 49896
52 98 15624
52 99 23426
52 100 72431
52 101 90266
52 102 38459
52 103 21609
52 104 69928
52 105 40131
52 106 84918
52 107 93908
52 108 15941
52 109 65411
52 110 90695
52 111 69626
52 112 34117
52 113 16354
52 114 91174
52 115 78917
52 116 93135
52 117 81742
52 118 30437
52 119 80116
53 54 97206
53 55 69935
53 56 69559
53 57 74773
53 58 24615
53 59 34960
53 60 1952
53 61 401
53 62 1473
53 63 14204
53 64 89948
53 65 67328
53 66 95835
53 67 15979
53 68 70081
53 69 8700
53 70 735
53 71 4601
53 72 66340
53 73 49731
53 74 1924
53 75 67542
53 76 69536
53 77 5457
53 78 93022
53 79 46615
53 80 22995
53 81 79204
53 82 224
53 83 78813
53 84 90032
53 85 66837
53 86 96394
53 87 39262
53 88 98290
53 89 55487
53 90 1076
53 91 97016
53 92 71471
53 93 63428
53 94 22332
53 95 92852
53 96 95416
53 97 68491
53 98 19487
53 99 67778
53 100 90911
53 101 63153
53 102 40504
53 103 83525
53 104 40483
53 105 33889
53 106 89195
53 107 92565
53 108 53322
53 109 84194
53 110 18155
53 111 89348
53 112 13388
53 113 21536
53 114 52650
53 115 73185
53 116 26521
53 117 21181
53 118 8105
53 119 32065
54 55 32320
54 56 31422
54 57 45684
54 58 1709
54 59 33193
54 60 2308
54 61 84419
54 62 97680
54 63 470
54 64 85694
54 65 75489
54 66 88744
54 67 89468
54 68 11559
54 69 64201
54 70 76075
54 71 58035
54 72 75212
54 73 64021
54 74 16909
54 75 73857
54 76 94934
54 77 12004
54 78 24674
54 79 41425
54 80 81373
54 81 39560
54 82 70119
54 83 45609
54 84 5609
54 85 37566
54 86 97387
54 87 20295
54 88 18886
54 89 15849
54 90 18014
54 91 16912
54 92 21372
54 93 91201
54 94 67401
54 95 98609
54 96 67506
54 97 21980
54 98 85081
54 99 2104
54 100 17153
54 101 3937
54 102 35256
54 103 7475
54 104 87921
54 105 13455
54 106 33757
54 107 74668
54 108 53862
54 109 44535
54 110 10727
54 111 18249
54 112 26419
54 113 56627
54 114 30364
54 115 30956
54 116 39941
54 117 14210
54 118 95260
54 119 7893
55 56 77142
55 57 51001
55 58 88815
55 59 97489
55 60 94090
55 61 65000
55 62 46943
55 63 97871
55 64 11798
55 65 97937
55 66 32322
55 67 76207
55 68 12274
55 69 59770
55 70 43511
55 71 98379
55 72 55617
55 73 75749
55 74 13013
55 75 60887
55 76 79609
55 77 42376
55 78 74869
55 79 85145
55 80 16752
55 81 68134
55 82 86042
55 83 603
55 84 83236
55 85 61200
55 86 15156
55 87 21861
55 88 74546
55 89 41154
55 90 9919
55 91 77052
55 92 5902
55 93 15444
55 94 76191
55 95 17275
55 96 13676
55 97 42598
55 98 96873
55 99 38465
55 100 73592
55 101 74425
55 102 45966
55 103 85397
55 104 28862
55 105 64031
55 106 92625
55 107 65498
55 108 5052
55 109 54898
55 110 26260
55 111 24895
55 112 98691
55 113 47411
55 114 66690
55 115 61412
55 116 14607
55 117 35106
55 118 64363
55 119 78748
56 57 30426
56 58 9211
56 59 64855
56 60 60138
56 61 73214
56 62 99556
56 63 82096
56 64 33574
56 65 12494
56 66 24701
56 67 42126
56 68 88640
56 69 74429
56 70 16911
56 71 46258
56 72 619
56 73 2813
56 74 6263
56 75 59265
56 76 40316
56 77 45958
56 78 31238
56 79 84890
56 80 42384
56 81 75319
56 82 39209
56 83 86437
56 84 20884
56 85 92085
56 86 76251
56 87 77563
56 88 43586
56 89 91871
56 90 18754
56 91 17858
56 92 68786
56 93 33671
56 94 39830
56 95 21899
56 96 48254
56 97 74122
56 98 68131
56 99 56981
56 100 34062
56 101 25731
56 102 38441
56 103 37079
56 104 88486
56 105 86785
56 106 56819
56 107 86560
56 108 87416
56 109 33859
56 110 916
56 111 91070
56 112 49926
56 113 3002
56 114 6503
56 115 64226
56 116 14459
56 117 7327
56 118 96057
56 119 2052
57 58 34174
57 59 77458
57 60 86336
57 61 4232
57 62 85142
57 63 95097
57 64 21592
57 65 94047
57 66 84544
57 67 63419
57 68 95976
57 69 13766
57 70 89260
57 71 14389
57 72 27897
57 73 35527
57 74 16527
57 75 44940
57 76 89095
57 77 28137
57 78 22389
57 79 57062
57 80 56378
57 81 25604
57 82 15509
57 83 58349
57 84 2914
57 85 54760
57 86 55846
57 87 53007
57 88 83390
57 89 44444
57 90 60492
57 91 76670
57 92 41908
57 93 89172
57 94 40836
57 95 36445
57 96 89558
57 97 39659
57 98 35534
57 99 68596
57 100 93248
57 101 75629
57 102 67757
57 103 10180
57 104 42531
57 105 51362
57 106 15610
57 107 48609
57 108 56701
57 109 74555
57 110 5358
57 111 78600
57 112 75935
57 113 88969
57 114 45079
57 115 82425
57 116 47194
57 117 5584
57 118 90610
57 119 9792
58 59 17498
58 60 81097
58 61 89021
58 62 35871
58 63 16679
58 64 29001
58 65 21695
58 66 46145
58 67 61835
58 68 58692
58 69 47548
58 70 61436
58 71 96616
58 72 33271
58 73 82026
58 74 51576
58 75 80998
58 76 54199
58 77 23516
58 78 31110
58 79 58916
58 80 67547
58 81 87735
58 82 9636
58 83 78764
58 84 78022
58 85 94604
58 86 56440
58 87 4343
58 88 45989
58 89 88735
58 90 80419
58 91 69440
58 92 61206
58 93 84518
58 94 50852
58 95 14916
58 96 34788
58 97 69666
58 98 57496
58 99 62384
58 100 62507
58 101 38796
58 102 22086
58 103 10823
58 104 59440
58 105 72454
58 106 71044
58 107 61063
58 108 78475
58 109 2936
58 110 11408
58 111 522
58 112 2718
58 113 65439
58 114 36003
58 115 93227
58 116 20002
58 117 69482
58 118 77775
58 119 48214
59 60 59707
59 61 10488
59 62 65910
59 63 29823
59 64 32414
59 65 47125
59 66 51194
59 67 57168
59 68 63543
59 69 70926
59 70 77007
59 71 50081
59 72 86774
59 73 83200
59 74 16961
59 75 78190
59 76 14549
59 77 39105
59 78 1724
59 79 64355
59 80 2615
59 81 12125
59 82 39047
59 83 49642
59 84 8951
59 85 13194
59 86 17106
59 87 69174
59 88 14298
59 89 73184
59 90 59455
59 91 29356
59 92 70491
59 93 87109
59 94 19243
59 95 66215
59 96 78008
59 97 15557
59 98 75003
59 99 47691
59 100 79589
59 101 46684
59 102 47353
59 103 82044
59 104 21837
59 105 80201
59 106 99634
59 107 39505
59 108 48276
59 109 61715
59 110 34574
59 111 4889
59 112 24019
59 113 47614
59 114 21692
59 115 52927
59 116 33513
59 117 8159
59 118 59007
59 119 19013
60 61 52656
60 62 42008
60 63 10441
60 64 58311
60 65 82237
60 66 90268
60 67 88638
60 68 33786
60 69 23338
60 70 93204
60 71 51760
60 72 41299
60 73 30803
60 74 48734
60 75 5305
60 76 18765
60 77 58398
60 78 90203
60 79 56599
60 80 44877
60 81 88657
60 82 97326
60 83 94949
60 84 12433
60 85 18592
60 86 33264
60 87 62318
60 88 11951
60 89 2782
60 90 29410
60 91 45319
60 92 82356
60 93 20898
60 94 92043
60 95 48798
60 96 91267
60 97 96
60 98 59519
60 99 9467
60 100 79897
60 101 76872
60 102 33088
60 103 16179
60 104 35650
60 105 69888
60 106 45281
60 107 14134
60 108 9372
60 109 66893
60 110 60770
60 111 82242
60 112 79253
60 113 28732
60 114 28466
60 115 9164
60 116 3979
60 117 49028
60 118 48061
60 119 69384
61 62 43403
61 63 52239
61 64 89533
61 65 22758
61 66 62958
61 67 51893
61 68 59647
61 69 49328
61 70 98223
61 71 49880
61 72 25265
61 73 40752
61 74 95553
61 75 77474
61 76 79719
61 77 26783
61 78 45252
61 79 66368
61 80 67478
61 81 27972
61 82 85437
61 83 45307
61 84 31282
61 85 79582
61 86 51494
61 87 93057
61 88 37707
61 89 42699
61 90 94830
61 91 16135
61 92 8059
61 93 39307
61 94 91756
61 95 43867
61 96 7164
61 97 34338
61 98 56629
61 99 66637
61 100 62077
61 101 30103
61 102 49055
61 103 19246
61 104 93482
61 105 13806
61 106 65347
61 107 99234
61 108 4940
61 109 31667
61 110 49901
61 111 74239
61 112 36783
61 113 94611
61 114 45451
61 115 58961
61 116 55972
61 117 72753
61 118 31350
61 119 25780
62 63 77772
62 64 82624
62 65 97472
62 66 66063
62 67 12200
62 68 82626
62 69 68147
62 70 81151
62 71 31088
62 72 89629
62 73 55136
62 74 63228
62 75 73805
62 76 70347
62 77 56413
62 78 48880
62 79 97179
62 80 26804
62 81 24553
62 82 32654
62 83 46179
62 84 43396
62 85 83790
62 86 83243
62 87 85109
62 88 66597
62 89 2941
62 90 49859
62 91 47099
62 92 47292
62 93 73517
62 94 14086
62 95 64052
62 96 83922
62 97 9722
62 98 46530
62 99 3799
62 100 27793
62 101 79911
62 102 31816
62 103 67280
62 104 57415
62 105 63583
62 106 26156
62 107 34826
62 108 79123
62 109 64190
62 110 67515
62 111 89465
62 112 1638
62 113 17466
62 114 65083
62 115 69881
62 116 7574
62 117 79576
62 118 39348
62 119 76672
63 64 55244
63 65 90553
63 66 41871
63 67 10050
63 68 65502
63 69 24928
63 70 1504
63 71 86064
63 72 17470
63 73 87386
63 74 27046
63 75 77275
63 76 7275
63 77 4059
63 78 15725
63 79 60494
63 80 46480
63 81 19109
63 82 51882
63 83 80994
63 84 7847
63 85 12047
63 86 51235
63 87 76899
63 88 52353
63 89 62198
63 90 83752
63 91 92881
63 92 50904
63 93 8737
63 94 67431
63 95 12151
63 96 66683
63 97 58312
63 98 65029
63 99 64663
63 100 48838
63 101 2591
63 102 77061
63 103 49461
63 104 92214
63 105 42922
63 106 70374
63 107 75101
63 108 64903
63 109 42345
63 110 92913
63 111 18852
63 112 17091
63 113 8982
63 114 37170
63 115 84684
63 116 66965
63 117 51171
63 118 85137
63 119 13682
64 65 40174
64 66 28888
64 67 8910
64 68 76053
64 69 25886
64 70 98509
64 71 19118
64 72 18113
64 73 71118
64 74 40384
64 75 33301
64 76 61893
64 77 46438
64 78 34473
64 79 90155
64 80 19694
64 81 34525
64 82 35264
64 83 76426
64 84 18947
64 85 97882
64 86 61518
64 87 32385
64 88 14862
64 89 57617
64 90 18123
64 91 11078
64 92 99958
64 93 48494
64 94 20982
64 95 75961
64 96 79775
64 97 86667
64 98 88715
64 99 38800
64 100 68079
64 101 66937
64 102 47224
64 103 35544
64 104 90842
64 105 27882
64 106 60824
64 107 53575
64 108 13115
64 109 58434
64 110 79267
64 111 72215
64 112 78333
64 113 47847
64 114 38354
64 115 92067
64 116 84008
64 117 52989
64 118 93275
64 119 17423
65 66 90235
65 67 18789
65 68 67549
65 69 86897
65 70 43011
65 71 73477
65 72 49929
65 73 28463
65 74 48788
65 75 28588
65 76 39049
65 77 9720
65 78 14142
65 79 8844
65 80 36679
65 81 20293
65 82 47309
65 83 18164
65 84 52221
65 85 2014
65 86 87860
65 87 82004
65 88 11272
65 89 15128
65 90 35923
65 91 37740
65 92 96361
65 93 8300
65 94 56153
65 95 17594
65 96 69953
65 97 58335
65 98 61449
65 99 15316
65 100 66654
65 101 15132
65 102 34067
65 103 45221
65 104 52768
65 105 79397
65 106 52531
65 107 62165
65 108 71564
65 109 32383
65 110 27768
65 111 73425
65 112 2190
65 113 39826
65 114 66021
65 115 23632
65 116 75436
65 117 80516
65 118 81633
65 119 67905
66 67 53888
66 68 95140
66 69 12238
66 70 13444
66 71 25858
66 72 89453
66 73 10747
66 74 83599
66 75 58699
66 76 68777
66 77 86811
66 78 43073
66 79 60458
66 80 78889
66 81 6056
66 82 43661
66 83 12202
66 84 79046
66 85 89122
66 86 14713
66 87 59368
66 88 35953
66 89 64504
66 90 84752
66 91 54201
66 92 33776
66 93 88247
66 94 90385
66 95 35934
66 96 9047
66 97 19925
66 98 60795
66 99 58759
66 100 20803
66 101 71150
66 102 19788
66 103 72199
66 104 61344
66 105 21410
66 106 41795
66 107 83047
66 108 59994
66 109 88505
66 110 9746
66 111 81622
66 112 43535
66 113 95239
66 114 89116
66 115 97084
66 116 36571
66 117 60814
66 118 70258
66 119 23921
67 68 30808
67 69 27959
67 70 41538
67 71 53782
67 72 80063
67 73 33797
67 74 22196
67 75 95464
67 76 55991
67 77 80447
67 78 33200
67 79 92566
67 80 75318
67 81 33238
67 82 16337
67 83 82297
67 84 82154
67 85 34983
67 86 13391
67 87 53977
67 88 70006
67 89 38173
67 90 73025
67 91 74567
67 92 48050
67 93 17753
67 94 48866
67 95 78691
67 96 43650
67 97 56542
67 98 62091
67 99 84317
67 100 45976
67 101 60888
67 102 3351
67 103 69730
67 104 36603
67 105 58657
67 106 86390
67 107 47184
67 108 11959
67 109 31968
67 110 32879
67 111 50772
67 112 28094
67 113 60667
67 114 18008
67 115 52384
67 116 37037
67 117 66520
67 118 135
67 119 38514
68 69 50237
68 70 78906
68 71 58944
68 72 10241
68 73 48918
68 74 44240
68 75 91257
68 76 42647
68 77 12972
68 78 94567
68 79 21429
68 80 44016
68 81 66583
68 82 65394
68 83 97106
68 84 56313
68 85 99277
68 86 60816
68 87 96341
68 88 42735
68 89 63291
68 90 96911
68 91 96839
68 92 31862
68 93 96265
68 94 88424
68 95 62180
68 96 19837
68 97 93538
68 98 54414
68 99 85417
68 100 45033
68 101 19822
68 102 55499
68 103 78367
68 104 40602
68 105 4969
68 106 47587
68 107 46152
68 108 14431
68 109 59635
68 110 28688
68 111 74534
68 112 55962
68 113 78719
68 114 36898
68 115 32111
68 116 74459
68 117 13353
68 118 68619
68 119 80051
69 70 32363
69 71 86095
69 72 39647
69 73 69956
69 74 99767
69 75 49707
69 76 54227
69 77 6787
69 78 52203
69 79 22705
69 80 30712
69 81 69545
69 82 89087
69 83 66500
69 84 90615
69 85 66191
69 86 41077
69 87 75593
69 88 46797
69 89 96242
69 90 20479
69 91 8626
69 92 31475
69 93 10849
69 94 54938
69 95 94215
69 96 38513
69 97 50822
69 98 52844
69 99 85388
69 100 94831
69 101 32977
69 102 99357
69 103 63560
69 104 10477
69 105 72856
69 106 57634
69 107 95116
69 108 20417
69 109 99310
69 110 81764
69 111 31590
69 112 23899
69 113 48403
69 114 88531
69 115 24415
69 116 81397
69 117 80584
69 118 76043
69 119 11134
70 71 55399
70 72 29118
70 73 58555
70 74 59545
70 75 234
70 76 63045
70 77 49135
70 78 2119
70 79 85411
70 80 61780
70 81 71733
70 82 12064
70 83 1821
70 84 77067
70 85 65389
70 86 62128
70 87 42160
70 88 25904
70 89 75348
70 90 34304
70 91 54352
70 92 92482
70 93 9511
70 94 47244
70 95 53009
70 96 16453
70 97 29996
70 98 54944
70 99 92508
70 100 64723
70 101 78589
70 102 20456
70 103 62638
70 104 88322
70 105 64459
70 106 82535
70 107 14519
70 108 27364
70 109 92068
70 110 93897
70 111 80221
70 112 44893
70 113 45404
70 114 9662
70 115 25274
70 116 74912
70 117 47233
70 118 45886
70 119 60610
71 72 31621
71 73 49050
71 74 42690
71 75 39403
71 76 42424
71 77 93467
71 78 22299
71 79 98859
71 80 37015
71 81 17449
71 82 56420
71 83 94310
71 84 39320
71 85 41206
71 86 92498
71 87 5954
71 88 56933
71 89 6903
71 90 46008
71 91 3861
71 92 14861
71 93 54128
71 94 88314
71 95 74173
71 96 88251
71 97 43602
71 98 92373
71 99 5659
71 100 26418
71 101 58682
71 102 82829
71 103 61305
71 104 58841
71 105 18087
71 106 62027
71 107 86522
71 108 7965
71 109 36023
71 110 3719
71 111 73117
71 112 93882
71 113 31515
71 114 14848
71 115 12303
71 116 37785
71 117 65635
71 118 87854
71 119 25609
72 73 31949
72 74 42033
72 75 69648
72 76 43810
72 77 29921
72 78 53479
72 79 97864
72 80 56075
72 81 15993
72 82 34372
72 83 79114
72 84 74085
72 85 87378
72 86 25539
72 87 74426
72 88 30330
72 89 75809
72 90 12842
72 91 92639
72 92 53784
72 93 70158
72 94 25901
72 95 63083
72 96 51841
72 97 19024
72 98 68683
72 99 61402
72 100 18689
72 101 83225
72 102 128
72 103 62472
72 104 16573
72 105 7491
72 106 34958
72 107 41427
72 108 53725
72 109 9043
72 110 52300
72 111 71256
72 112 34552
72 113 52181
72 114 19842
72 115 23313
72 116 94478
72 117 36064
72 118 26129
72 119 74676
73 74 48793
73 75 81964
73 76 29538
73 77 17790
73 78 10761
73 79 42633
73 80 97944
73 81 74935
73 82 57528
73 83 17307
73 84 38974
73 85 64089
73 86 5231
73 87 16129
73 88 3686
73 89 53389
73 90 31469
73 91 79192
73 92 43461
73 93 83151
73 94 91204
73 95 25264
73 96 62400
73 97 43715
73 98 65777
73 99 49787
73 100 69828
73 101 70150
73 102 66679
73 103 34714
73 104 81399
73 105 44500
73 106 55750
73 107 55529
73 108 51474
73 109 93217
73 110 82848
73 111 48063
73 112 76271
73 113 19391
73 114 23743
73 115 36646
73 116 26359
73 117 41311
73 118 74452
73 119 62407
74 75 50640
74 76 10234
74 77 26527
74 78 39434
74 79 83644
74 80 2024
74 81 74281
74 82 25856
74 83 20536
74 84 37152
74 85 48964
74 86 72366
74 87 65835
74 88 31838
74 89 95747
74 90 73035
74 91 58288
74 92 95465
74 93 35499
74 94 80522
74 95 20273
74 96 36969
74 97 87807
74 98 67244
74 99 29621
74 100 34446
74 101 76757
74 102 99716
74 103 74252
74 104 9848
74 105 40162
74 106 14375
74 107 28454
74 108 6000
74 109 47549
74 110 32940
74 111 90564
74 112 61821
74 113 3386
74 114 81600
74 115 78459
74 116 22865
74 117 60296
74 118 44850
74 119 24941
75 76 87907
75 77 11767
75 78 86252
75 79 60241
75 80 12937
75 81 7034
75 82 80151
75 83 77355
75 84 9653
75 85 63208
75 86 9544
75 87 47693
75 88 27861
75 89 85974
75 90 24169
75 91 39906
75 92 55977
75 93 90397
75 94 13003
75 95 37573
75 96 41682
75 97 21116
75 98 28649
75 99 48322
75 100 84926
75 101 47169
75 102 48578
75 103 29845
75 104 93006
75 105 77986
75 106 95565
75 107 47801
75 108 31118
75 109 32174
75 110 78007
75 111 55273
75 112 53254
75 113 14776
75 114 10115
75 115 12022
75 116 62332
75 117 36032
75 118 63375
75 119 43437
76 77 96394
76 78 18016
76 79 94294
76 80 46878
76 81 14468
76 82 7336
76 83 72371
76 84 14541
76 85 95635
76 86 25157
76 87 2575
76 88 21717
76 89 56785
76 90 90211
76 91 32994
76 92 9258
76 93 49990
76 94 50877
76 95 19879
76 96 24886
76 97 77927
76 98 66490
76 99 30588
76 100 17262
76 101 28907
76 102 83983
76 103 8739
76 104 61884
76 105 22603
76 106 74994
76 107 28720
76 108 52275
76 109 7788
76 110 13595
76 111 55545
76 112 89635
76 113 70230
76 114 71180
76 115 30797
76 116 77333
76 117 79438
76 118 57626
76 119 61653
77 78 5129
77 79 12953
77 80 14493
77 81 45977
77 82 88474
77 83 94063
77 84 76434
77 85 18771
77 86 5813
77 87 59458
77 88 46245
77 89 9590
77 90 53044
77 91 49803
77 92 90295
77 93 7664
77 94 67689
77 95 4321
77 96 80869
77 97 33318
77 98 51935
77 99 89309
77 100 30728
77 101 8036
77 102 2246
77 103 83502
77 104 53588
77 105 44206
77 106 99731
77 107 51680
77 108 84150
77 109 79366
77 110 92945
77 111 53399
77 112 3026
77 113 80822
77 114 16377
77 115 11765
77 116 90322
77 117 96785
77 118 72397
77 119 47230
78 79 97125
78 80 54606
78 81 26697
78 82 47785
78 83 49314
78 84 93280
78 85 50562
78 86 38903
78 87 69641
78 88 59373
78 89 72007
78 90 11142
78 91 59455
78 92 17574
78 93 32588
78 94 19949
78 95 10357
78 96 38474
78 97 33475
78 98 73730
78 99 54511
78 100 74001
78 101 23056
78 102 53202
78 103 70797
78 104 71573
78 105 95430
78 106 43678
78 107 34555
78 108 89390
78 109 86020
78 110 5027
78 111 65428
78 112 5254
78 113 97294
78 114 57483
78 115 3028
78 116 63316
78 117 60941
78 118 34409
78 119 39951
79 80 84013
79 81 17825
79 82 4670
79 83 6701
79 84 21169
79 85 15910
79 86 61484
79 87 23710
79 88 82374
79 89 77941
79 90 93626
79 91 72949
79 92 82854
79 93 99184
79 94 21870
79 95 59728
79 96 61217
79 97 21217
79 98 48008
79 99 60485
79 100 68524
79 101 56496
79 102 70301
79 103 2348
79 104 70006
79 105 32717
79 106 73804
79 107 33625
79 108 79527
79 109 14693
79 110 21838
79 111 52427
79 112 76790
79 113 67162
79 114 83808
79 115 45597
79 116 82923
79 117 82600
79 118 26419
79 119 58716
80 81 44651
80 82 36309
80 83 64907
80 84 7112
80 85 19405
80 86 11949
80 87 21478
80 88 4759
80 89 26261
80 90 43309
80 91 64884
80 92 67597
80 93 79051
80 94 85302
80 95 49858
80 96 95919
80 97 82103
80 98 97432
80 99 56961
80 100 99571
80 101 91102
80 102 44716
80 103 75476
80 104 17674
80 105 98120
80 106 8014
80 107 36737
80 108 48527
80 109 65358
80 110 90146
80 111 83474
80 112 54198
80 113 31430
80 114 28398
80 115 31833
80 116 35663
80 117 91785
80 118 40612
80 119 42484
81 82 94709
81 83 77532
81 84 47272
81 85 54074
81 86 20797
81 87 44678
81 88 10794
81 89 65365
81 90 45245
81 91 61307
81 92 12915
81 93 92340
81 94 13875
81 95 40751
81 96 49182
81 97 56796
81 98 20176
81 99 94376
81 100 77202
81 101 17647
81 102 98684
81 103 76212
81 104 30855
81 105 55805
81 106 44382
81 107 14372
81 108 5854
81 109 68867
81 110 59902
81 111 40766
81 112 43903
81 113 13413
81 114 90308
81 115 78804
81 116 63824
81 117 39534
81 118 68987
81 119 33427
82 83 10907
82 84 90609
82 85 25732
82 86 6365
82 87 90763
82 88 60928
82 89 97564
82 90 75341
82 91 41801
82 92 32730
82 93 31414
82 94 47320
82 95 4373
82 96 4912
82 97 58310
82 98 97771
82 99 75162
82 100 97848
82 101 63031
82 102 32920
82 103 53620
82 104 42000
82 105 27891
82 106 79175
82 107 34444
82 108 51916
82 109 54675
82 110 29071
82 111 2527
82 112 56000
82 113 18882
82 114 2486
82 115 38512
82 116 69515
82 117 91283
82 118 74949
82 119 86765
83 84 25398
83 85 1579
83 86 40765
83 87 17739
83 88 87451
83 89 40141
83 90 74806
83 91 83906
83 92 48855
83 93 97098
83 94 78753
83 95 82911
83 96 16640
83 97 36206
83 98 31040
83 99 47529
83 100 13968
83 101 77449
83 102 16473
83 103 40236
83 104 79306
83 105 36510
83 106 35287
83 107 56577
83 108 59289
83 109 4912
83 110 38956
83 111 4873
83 112 21817
83 113 38250
83 114 93153
83 115 4956
83 116 13351
83 117 59759
83 118 48598
83 119 90255
84 85 37083
84 86 67304
84 87 67254
84 88 59957
84 89 84981
84 90 10020
84 91 82129
84 92 13517
84 93 61097
84 94 46720
84 95 24666
84 96 28221
84 97 57465
84 98 21021
84 99 13922
84 100 2522
84 101 63777
84 102 94089
84 103 33546
84 104 32461
84 105 83614
84 106 8464
84 107 65285
84 108 95432
84 109 38277
84 110 63811
84 111 20637
84 112 58839
84 113 72655
84 114 86405
84 115 36297
84 116 10023
84 117 33843
84 118 22207
84 119 86251
85 86 86411
85 87 67558
85 88 80184
85 89 47783
85 90 36450
85 91 89219
85 92 72584
85 93 70605
85 94 60150
85 95 96377
85 96 20812
85 97 34630
85 98 76723
85 99 11012
85 100 69553
85 101 1657
85 102 69907
85 103 50429
85 104 2535
85 105 89134
85 106 95450
85 107 37074
85 108 35929
85 109 24500
85 110 96550
85 111 45908
85 112 15724
85 113 27007
85 114 85607
85 115 18627
85 116 65583
85 117 50439
85 118 99407
85 119 67286
86 87 80793
86 88 35694
86 89 14714
86 90 17140
86 91 26411
86 92 74043
86 93 5475
86 94 40266
86 95 55151
86 96 18132
86 97 4069
86 98 31899
86 99 47388
86 100 95738
86 101 70275
86 102 50466
86 103 2088
86 104 62244
86 105 48828
86 106 85730
86 107 6899
86 108 72011
86 109 3494
86 110 2408
86 111 77751
86 112 25109
86 113 61012
86 114 47945
86 115 30857
86 116 69393
86 117 77214
86 118 51093
86 119 61906
87 88 19371
87 89 88207
87 90 63615
87 91 9149
87 92 80167
87 93 34354
87 94 13188
87 95 87218
87 96 97442
87 97 15715
87 98 87534
87 99 74108
87 100 95815
87 101 40927
87 102 13780
87 103 9823
87 104 16754
87 105 36951
87 106 52979
87 107 28145
87 108 15985
87 109 5665
87 110 37683
87 111 58058
87 112 24807
87 113 20631
87 114 71315
87 115 4028
87 116 15045
87 117 14672
87 118 38908
87 119 10343
88 89 27387
88 90 79338
88 91 6423
88 92 19578
88 93 86230
88 94 14598
88 95 11443
88 96 60749
88 97 65097
88 98 43854
88 99 92432
88 100 71841
88 101 97274
88 102 65410
88 103 36385
88 104 29536
88 105 2017
88 106 40319
88 107 41972
88 108 1076
88 109 71184
88 110 2059
88 111 85233
88 112 96956
88 113 83723
88 114 71306
88 115 69118
88 116 70233
88 117 89871
88 118 59395
88 119 30747
89 90 22792
89 91 25837
89 92 1750
89 93 56544
89 94 2930
89 95 69312
89 96 23878
89 97 6948
89 98 52291
89 99 66317
89 100 98289
89 101 65220
89 102 25362
89 103 89529
89 104 36695
89 105 12209
89 106 98646
89 107 23226
89 108 55260
89 109 4795
89 110 199
89 111 19748
89 112 95461
89 113 91243
89 114 86470
89 115 72665
89 116 42023
89 117 18238
89 118 4161
89 119 47372
90 91 48391
90 92 72435
90 93 79517
90 94 62940
90 95 52039
90 96 36358
90 97 76040
90 98 68485
90 99 48008
90 100 64536
90 101 58022
90 102 94333
90 103 67831
90 104 91878
90 105 26286
90 106 50906
90 107 80864
90 108 78554
90 109 61170
90 110 92041
90 111 92765
90 112 35713
90 113 91043
90 114 64423
90 115 17616
90 116 42425
90 117 51075
90 118 86561
90 119 26615
91 92 9769
91 93 53572
91 94 45216
91 95 52990
91 96 46408
91 97 96886
91 98 83158
91 99 51810
91 100 86525
91 101 22521
91 102 32574
91 103 61673
91 104 73651
91 105 7205
91 106 15404
91 107 51528
91 108 19164
91 109 61030
91 110 45808
91 111 18218
91 112 11604
91 113 93553
91 114 34143
91 115 96025
91 116 93651
91 117 6676
91 118 67149
91 119 94811
92 93 17445
92 94 84735
92 95 51802
92 96 64674
92 97 7457
92 98 31626
92 99 48270
92 100 56384
92 101 17114
92 102 23726
92 103 84499
92 104 73172
92 105 6020
92 106 17185
92 107 48583
92 108 72888
92 109 27453
92 110 6953
92 111 715
92 112 55103
92 113 25065
92 114 68037
92 115 79518
92 116 82616
92 117 25910
92 118 47810
92 119 63799
93 94 61304
93 95 71675
93 96 64859
93 97 21856
93 98 47334
93 99 69223
93 100 42390
93 101 63446
93 102 20495
93 103 88615
93 104 10802
93 105 34252
93 106 23784
93 107 25164
93 108 89672
93 109 13401
93 110 55448
93 111 54359
93 112 80817
93 113 41826
93 114 78747
93 115 25168
93 116 18661
93 117 34763
93 118 20696
93 119 96878
94 95 80306
94 96 55392
94 97 42321
94 98 81028
94 99 41940
94 100 36653
94 101 63371
94 102 5836
94 103 48325
94 104 57695
94 105 71450
94 106 55941
94 107 66822
94 108 58386
94 109 61077
94 110 17608
94 111 86691
94 112 3476
94 113 5067
94 114 17865
94 115 87411
94 116 76887
94 117 63028
94 118 10675
94 119 87895
95 96 18053
95 97 66881
95 98 54492
95 99 7818
95 100 12261
95 101 34051
95 102 32975
95 103 48303
95 104 87093
95 105 71337
95 106 71648
95 107 91981
95 108 41470
95 109 66082
95 110 79514
95 111 47782
95 112 13620
95 113 14036
95 114 12390
95 115 64340
95 116 93400
95 117 24275
95 118 49506
95 119 56465
96 97 67456
96 98 92554
96 99 72402
96 100 7159
96 101 46777
96 102 58518
96 103 8041
96 104 79981
96 105 23815
96 106 10427
96 107 78002
96 108 41973
96 109 80073
96 110 88236
96 111 98377
96 112 1861
96 113 56650
96 114 8983
96 115 70328
96 116 96830
96 117 43621
96 118 41725
96 119 38726
97 98 62728
97 99 72252
97 100 85488
97 101 73006
97 102 5058
97 103 51556
97 104 33698
97 105 63792
97 106 54357
97 107 79407
97 108 51943
97 109 48272
97 110 47348
97 111 58575
97 112 11458
97 113 3052
97 114 21452
97 115 53098
97 116 85721
97 117 88641
97 118 29199
97 119 87162
98 99 57333
98 100 91022
98 101 73485
98 102 81050
98 103 50330
98 104 25787
98 105 6339
98 106 4107
98 107 7734
98 108 91299
98 109 81033
98 110 24470
98 111 11949
98 112 175
98 113 79747
98 114 35371
98 115 76583
98 116 82172
98 117 41473
98 118 35304
98 119 64395
99 100 65130
99 101 45163
99 102 12391
99 103 42775
99 104 89846
99 105 26731
99 106 15157
99 107 73543
99 108 29466
99 109 1615
99 110 89376
99 111 81664
99 112 3027
99 113 29527
99 114 51938
99 115 76922
99 116 8216
99 117 79592
99 118 23616
99 119 53550
100 101 14837
100 102 68570
100 103 24185
100 104 37071
100 105 19329
100 106 73032
100 107 57025
100 108 83746
100 109 98778
100 110 642
100 111 71372
100 112 87659
100 113 98115
100 114 10589
100 115 33639
100 116 98526
100 117 4968
100 118 7171
100 119 73048
101 102 65279
101 103 52074
101 104 50187
101 105 87417
101 106 70538
101 107 58041
101 108 30368
101 109 44066
101 110 66417
101 111 25383
101 112 75527
101 113 1359
101 114 68834
101 115 76633
101 116 96022
101 117 8298
101 118 1838
101 119 62318
102 103 82377
102 104 70605
102 105 67870
102 106 96409
102 107 80958
102 108 36681
102 109 44145
102 110 68842
102 111 52076
102 112 33822
102 113 74582
102 114 51294
102 115 37995
102 116 79142
102 117 51255
102 118 63247
102 119 36328
103 104 39725
103 105 82586
103 106 8141
103 107 31484
103 108 68899
103 109 39253
103 110 9449
103 111 30196
103 112 35924
103 113 93907
103 114 76258
103 115 65306
103 116 27592
103 117 20408
103 118 94706
103 119 12662
104 105 93324
104 106 42052
104 107 18969
104 108 12562
104 109 38567
104 110 49206
104 111 69096
104 112 11799
104 113 44845
104 114 12821
104 115 87858
104 116 70915
104 117 28594
104 118 96280
104 119 17398
105 106 43570
105 107 56905
105 108 47167
105 109 73214
105 110 79020
105 111 5835
105 112 33642
105 113 90302
105 114 51675
105 115 15976
105 116 168
105 117 98952
105 118 2761
105 119 59086
106 107 8661
106 108 55248
106 109 13049
106 110 13761
106 111 68205
106 112 76097
106 113 93689
106 114 11012
106 115 31125
106 116 12908
106 117 55307
106 118 87540
106 119 87940
107 108 26918
107 109 37898
107 110 28787
107 111 64274
107 112 97407
107 113 48092
107 114 31603
107 115 80368
107 116 97044
107 117 73194
107 118 70078
107 119 23482
108 109 39092
108 110 59022
108 111 30979
108 112 17197
108 113 37729
108 114 17597
108 115 56224
108 116 98386
108 117 62473
108 118 50521
108 119 12843
109 110 4761
109 111 40700
109 112 53498
109 113 7427
109 114 69266
109 115 99103
109 116 63858
109 117 91069
109 118 40602
109 119 55939
110 111 5642
110 112 98350
110 113 70732
110 114 90630
110 115 53847
110 116 45989
110 117 28968
110 118 26848
110 119 29960
111 112 87806
111 113 95049
111 114 96816
111 115 60774
111 116 26924
111 117 38116
111 118 92606
111 119 17397
112 113 50722
112 114 310
112 115 58628
112 116 79657
112 117 86753
112 118 70661
112 119 90616
113 114 57770
113 115 2866
113 116 64036
113 117 61840
113 118 88473
113 119 81015
114 115 77909
114 116 99266
114 117 860
114 118 24608
114 119 4937
115 116 56571
115 117 28312
115 118 21232
115 119 85694
116 117 20511
116 118 22474
116 119 35712
117 118 86809
117 119 4410
118 119 66650
