120 7140
0 1 58592
0 2 10908
0 3 14773
0 4 97665
0 5 51937
0 6 17438
0 7 53005
0 8 64600
0 9 128
0 10 36168
0 11 94508
0 12 99850
0 13 39970
0 14 66540
0 15 83562
0 16 92655
0 17 2525
0 18 76108
0 19 62665
0 20 4009
0 21 35697
0 22 34429
0 23 47056
0 24 73605
0 25 36682
0 26 28506
0 27 24728
0 28 19120
0 29 15351
0 30 93616
0 31 64691
0 32 34508
0 33 59060
0 34 10338
0 35 75341
0 36 62766
0 37 28648
0 38 17958
0 39 32679
0 40 31637
0 41 60031
0 42 752
0 43 9951
0 44 45414
0 45 81484
0 46 59533
0 47 74873
0 48 30909
0 49 58677
0 50 61680
0 51 6700
0 52 90688
0 53 82123
0 54 37560
0 55 12586
0 56 18729
0 57 11647
0 58 44881
0 59 25373
0 60 82414
0 61 65065
0 62 4836
0 63 42159
0 64 8314
0 65 25378
0 66 49416
0 67 36360
0 68 36787
0 69 67162
0 70 83158
0 71 77885
0 72 2371
0 73 66579
0 74 18759
0 75 93927
0 76 95454
0 77 92982
0 78 40927
0 79 52192
0 80 77034
0 81 90188
0 82 22927
0 83 33991
0 84 58071
0 85 80230
0 86 93751
0 87 39871
0 88 51891
0 89 88001
0 90 91134
0 91 69668
0 92 3263
0 93 64682
0 94 80799
0 95 64484
0 96 349
0 97 94230
0 98 27195
0 99 44093
0 100 14028
0 101 30783
0 102 97433
0 103 69742
0 104 6524
0 105 10085
0 106 11679
0 107 37907
0 108 9387
0 109 42182
0 110 36678
0 111 13347
0 112 99882
0 113 32609
0 114 72618
0 115 35321
0 116 21401
0 117 61065
0 118 55953
0 119 2156
1 2 4175
1 3 86235
1 4 33348
1 5 37224
1 6 35175
1 7 1965
1 8 59592
1 9 68914
1 10 40124
1 11 78105
1 12 6316
1 13 68158
1 14 30892
1 15 33749
1 16 88960
1 17 46836
1 18 5138
1 19 8
1 20 877
1 21 19901
1 22 68260
1 23 17648
1 24 96848
1 25 69919
1 26 12393
1 27 39133
1 28 90259
1 29 90938
1 30 2538
1 31 61167
1 32 35213
1 33 28849
1 34 38975
1 35 29638
1 36 87454
1 37 90361
1 38 58172
1 39 6790
1 40 51645
1 41 37105
1 42 40160
1 43 22222
1 44 46378
1 45 8979
1 46 69164
1 47 11846
1 48 46288
1 49 99016
1 50 94491
1 51 78001
1 52 47340
1 53 70906
1 54 1330
1 55 85804
1 56 91217
1 57 27854
1 58 98310
1 59 16971
1 60 62198
1 61 35135
1 62 34917
1 63 73544
1 64 67446
1 65 38046
1 66 42648
1 67 20307
1 68 11749
1 69 44737
1 70 87443
1 71 20891
1 72 43621
1 73 65038
1 74 14511
1 75 46752
1 76 18225
1 77 41657
1 78 86016
1 79 8513
1 80 76362
1 81 10393
1 82 35136
1 83 55616
1 84 54867
1 85 61913
1 86 35569
1 87 82390
1 88 51620
1 89 68356
1 90 50785
1 91 65807
1 92 54200
1 93 11991
1 94 72586
1 95 58352
1 96 67841
1 97 6467
1 98 54372
1 99 79476
1 100 17206
1 101 19015
1 102 81125
1 103 69070
1 104 65570
1 105 17586
1 106 32566
1 107 18396
1 108 13710
1 109 32488
1 110 17463
1 111 18462
1 112 38702
1 113 82689
1 114 58889
1 115 28260
1 116 14211
1 117 83088
1 118 89970
1 119 57070
2 3 93529
2 4 14131
2 5 89546
2 6 84055
2 7 67951
2 8 31313
2 9 78232
2 10 31382
2 11 37487
2 12 21327
2 13 14031
2 14 90820
2 15 64006
2 16 95988
2 17 96609
2 18 27213
2 19 72890
2 20 32988
2 21 69979
2 22 49764
2 23 9686
2 24 79024
2 25 99194
2 26 59334
2 27 91832
2 28 37888
2 29 57396
2 30 63741
2 31 37883
2 32 69542
2 33 2583
2 34 63999
2 35 59496
2 36 79435
2 37 91584
2 38 21415
2 39 51304
2 40 43590
2 41 67519
2 42 58605
2 43 72382
2 44 28172
2 45 5520
2 46 16144
2 47 58079
2 48 92301
2 49 46047
2 50 14504
2 51 72953
2 52 38354
2 53 13939
2 54 89176
2 55 19335
2 56 84082
2 57 99586
2 58 6685
2 59 62447
2 60 88072
2 61 26865
2 62 80466
2 63 48249
2 64 91554
2 65 3130
2 66 65794
2 67 5295
2 68 13796
2 69 86912
2 70 95320
2 71 46121
2 72 5918
2 73 99758
2 74 77018
2 75 79470
2 76 56229
2 77 10185
2 78 9169
2 79 68301
2 80 88728
2 81 99194
2 82 25469
2 83 26588
2 84 58178
2 85 24813
2 86 78394
2 87 61498
2 88 17147
2 89 41443
2 90 95684
2 91 77325
2 92 41126
2 93 3589
2 94 2530
2 95 92987
2 96 46423
2 97 66994
2 98 64605
2 99 5462
2 100 37401
2 101 97578
2 102 93712
2 103 68127
2 104 21496
2 105 72465
2 106 85187
2 107 36817
2 108 32974
2 109 25885
2 110 10058
2 111 45426
2 112 27018
2 113 82530
2 114 86321
2 115 84577
2 116 78530
2 117 13268
2 118 51425
2 119 27949
3 4 61635
3 5 50272
3 6 84998
3 7 42292
3 8 22150
3 9 96987
3 10 3071
3 11 10746
3 12 38691
3 13 34257
3 14 70720
3 15 46686
3 16 1467
3 17 33177
3 18 9860
3 19 5188
3 20 15726
3 21 30407
3 22 6140
3 23 37294
3 24 32162
3 25 345
3 26 22279
3 27 16607
3 28 25840
3 29 74133
3 30 11643
3 31 72081
3 32 82062
3 33 31214
3 34 81977
3 35 8255
3 36 33803
3 37 37293
3 38 70202
3 39 97674
3 40 23735
3 41 95414
3 42 38832
3 43 99805
3 44 24517
3 45 64305
3 46 8956
3 47 7655
3 48 6053
3 49 61374
3 50 56914
3 51 48735
3 52 62800
3 53 34868
3 54 13847
3 55 4548
3 56 18822
3 57 12307
3 58 90052
3 59 45607
3 60 73430
3 61 18518
3 62 69608
3 63 28522
3 64 35943
3 65 93049
3 66 97189
3 67 52910
3 68 38890
3 69 54590
3 70 95005
3 71 93150
3 72 66881
3 73 616
3 74 93597
3 75 32395
3 76 30969
3 77 72330
3 78 69212
3 79 89739
3 80 93466
3 81 6011
3 82 87912
3 83 96921
3 84 93563
3 85 75791
3 86 77070
3 87 79783
3 88 75194
3 89 51734
3 90 15645
3 91 9454
3 92 56656
3 93 80220
3 94 98592
3 95 31135
3 96 37979
3 97 61492
3 98 99321
3 99 78756
3 100 25969
3 101 15474
3 102 6129
3 103 29506
3 104 48091
3 105 53297
3 106 54095
3 107 62559
3 108 54958
3 109 64654
3 110 96482
3 111 26240
3 112 37650
3 113 1039
3 114 86221
3 115 81058
3 116 55299
3 117 19731
3 118 98610
3 119 38914
4 5 94154
4 6 35964
4 7 17739
4 8 35745
4 9 74792
4 10 60930
4 11 94323
4 12 8895
4 13 63006
4 14 11043
4 15 85193
4 16 70388
4 17 72111
4 18 49991
4 19 17529
4 20 42107
4 21 357
4 22 28603
4 23 54663
4 24 67433
4 25 75461
4 26 28401
4 27 92322
4 28 48788
4 29 60944
4 30 20549
4 31 80352
4 32 89868
4 33 27282
4 34 87730
4 35 61378
4 36 97722
4 37 2713
4 38 63887
4 39 1343
4 40 23362
4 41 6817
4 42 30013
4 43 25053
4 44 74407
4 45 87910
4 46 82647
4 47 89377
4 48 80156
4 49 33660
4 50 39809
4 51 27663
4 52 86321
4 53 56638
4 54 39538
4 55 12379
4 56 3300
4 57 15139
4 58 39759
4 59 41807
4 60 86015
4 61 20191
4 62 42665
4 63 13153
4 64 98126
4 65 65114
4 66 23111
4 67 20118
4 68 5526
4 69 49540
4 70 30309
4 71 85164
4 72 50247
4 73 87606
4 74 52353
4 75 66342
4 76 42551
4 77 2382
4 78 25111
4 79 3065
4 80 93983
4 81 47802
4 82 85810
4 83 45085
4 84 64343
4 85 93886
4 86 92490
4 87 38806
4 88 84045
4 89 52053
4 90 25136
4 91 63902
4 92 40889
4 93 23649
4 94 25175
4 95 18146
4 96 89648
4 97 34404
4 98 29184
4 99 79863
4 100 84489
4 101 99084
4 102 88887
4 103 77609
4 104 77222
4 105 10105
4 106 26405
4 107 65985
4 108 75407
4 109 43042
4 110 67598
4 111 97683
4 112 29612
4 113 32780
4 114 43626
4 115 90476
4 116 19002
4 117 46828
4 118 26528
4 119 48398
5 6 2818
5 7 75861
5 8 28451
5 9 36199
5 10 28907
5 11 78832
5 12 92719
5 13 55418
5 14 45132
5 15 33562
5 16 82592
5 17 95426
5 18 76054
5 19 5484
5 20 51247
5 21 32258
5 22 53750
5 23 28176
5 24 77390
5 25 6345
5 26 33877
5 27 6750
5 28 58662
5 29 34850
5 30 25704
5 31 31504
5 32 14920
5 33 98438
5 34 42333
5 35 39920
5 36 44712
5 37 38132
5 38 56549
5 39 73896
5 40 99180
5 41 11012
5 42 31057
5 43 53258
5 44 44679
5 45 52663
5 46 91814
5 47 52840
5 48 63602
5 49 76249
5 50 38514
5 51 82069
5 52 68070
5 53 60855
5 54 45556
5 55 24826
5 56 12117
5 57 56835
5 58 69811
5 59 25492
5 60 7699
5 61 9663
5 62 53710
5 63 11280
5 64 89274
5 65 87809
5 66 7081
5 67 75956
5 68 96781
5 69 55950
5 70 60141
5 71 48946
5 72 69078
5 73 20604
5 74 13964
5 75 59445
5 76 51593
5 77 27545
5 78 68258
5 79 88014
5 80 76668
5 81 35457
5 82 89937
5 83 68397
5 84 91300
5 85 98949
5 86 17241
5 87 8672
5 88 86249
5 89 8604
5 90 46328
5 91 5057
5 92 81174
5 93 36370
5 94 33097
5 95 30768
5 96 66641
5 97 11628
5 98 93089
5 99 66549
5 100 74763
5 101 53967
5 102 80929
5 103 90369
5 104 45141
5 105 66785
5 106 85872
5 107 58163
5 108 86356
5 109 60245
5 110 85517
5 111 50073
5 112 83145
5 113 23656
5 114 58947
5 115 20789
5 116 96334
5 117 39143
5 118 61537
5 119 14693
6 7 40497
6 8 74576
6 9 67467
6 10 46331
6 11 13636
6 12 83146
6 13 7540
6 14 70019
6 15 89430
6 16 39824
6 17 56680
6 18 41247
6 19 84692
6 20 29385
6 21 82404
6 22 27032
6 23 67969
6 24 70081
6 25 9492
6 26 90894
6 27 64043
6 28 64198
6 29 9110
6 30 41040
6 31 19985
6 32 23497
6 33 41290
6 34 32965
6 35 96011
6 36 64862
6 37 49795
6 38 71334
6 39 21181
6 40 86659
6 41 19949
6 42 89975
6 43 82948
6 44 67630
6 45 20223
6 46 24497
6 47 95636
6 48 92404
6 49 703
6 50 92051
6 51 34221
6 52 69589
6 53 90626
6 54 8329
6 55 46932
6 56 29048
6 57 35212
6 58 99441
6 59 7655
6 60 63603
6 61 46861
6 62 42861
6 63 63251
6 64 21666
6 65 34493
6 66 74389
6 67 75953
6 68 62694
6 69 16512
6 70 75081
6 71 57562
6 72 47161
6 73 28815
6 74 73631
6 75 33320
6 76 89300
6 77 97489
6 78 26073
6 79 19667
6 80 17165
6 81 44719
6 82 28905
6 83 46126
6 84 85097
6 85 78804
6 86 37570
6 87 55809
6 88 85697
6 89 85120
6 90 15534
6 91 54991
6 92 78117
6 93 57893
6 94 9404
6 95 68614
6 96 438
6 97 68502
6 98 82065
6 99 25370
6 100 95268
6 101 88473
6 102 41900
6 103 75258
6 104 58989
6 105 66381
6 106 78028
6 107 30014
6 108 39123
6 109 44363
6 110 56541
6 111 14216
6 112 51055
6 113 36280
6 114 85036
6 115 5157
6 116 40359
6 117 1651
6 118 33499
6 119 3353
7 8 39172
7 9 75677
7 10 74717
7 11 52858
7 12 92104
7 13 56528
7 14 66311
7 15 57177
7 16 13391
7 17 55083
7 18 42011
7 19 2871
7 20 53303
7 21 83717
7 22 70416
7 23 6846
7 24 16341
7 25 33846
7 26 91584
7 27 44251
7 28 43495
7 29 37678
7 30 14694
7 31 66634
7 32 59328
7 33 27392
7 34 71
7 35 17153
7 36 83914
7 37 630
7 38 26636
7 39 73808
7 40 55810
7 41 21755
7 42 48577
7 43 93580
7 44 99067
7 45 52884
7 46 61295
7 47 51594
7 48 25407
7 49 84077
7 50 23119
7 51 33503
7 52 68526
7 53 26209
7 54 63935
7 55 94117
7 56 59693
7 57 86138
7 58 54951
7 59 90276
7 60 97751
7 61 61436
7 62 41323
7 63 86947
7 64 38035
7 65 78100
7 66 17456
7 67 2343
7 68 28926
7 69 41318
7 70 62164
7 71 71838
7 72 97037
7 73 38806
7 74 91500
7 75 10565
7 76 19307
7 77 43329
7 78 16741
7 79 37057
7 80 5089
7 81 52620
7 82 11931
7 83 12369
7 84 32691
7 85 37928
7 86 87182
7 87 21983
7 88 59581
7 89 26697
7 90 36749
7 91 6642
7 92 44232
7 93 96411
7 94 29903
7 95 56118
7 96 17974
7 97 68361
7 98 67066
7 99 80020
7 100 65763
7 101 84547
7 102 22121
7 103 40099
7 104 23117
7 105 41330
7 106 69212
7 107 56285
7 108 76178
7 109 73841
7 110 78028
7 111 94873
7 112 43393
7 113 65625
7 114 23026
7 115 30409
7 116 18607
7 117 100000
7 118 23154
7 119 23980
8 9 57338
8 10 34591
8 11 53134
8 12 91371
8 13 32358
8 14 14090
8 15 25180
8 16 5413
8 17 92461
8 18 57758
8 19 76261
8 20 56707
8 21 33307
8 22 75014
8 23 79576
8 24 675
8 25 68063
8 26 52481
8 27 2926
8 28 84464
8 29 68628
8 30 25688
8 31 15553
8 32 99060
8 33 14062
8 34 71758
8 35 7956
8 36 83767
8 37 28742
8 38 86629
8 39 41966
8 40 64186
8 41 21792
8 42 90688
8 43 52703
8 44 25284
8 45 82949
8 46 58277
8 47 11193
8 48 74308
8 49 2346
8 50 38047
8 51 40719
8 52 37006
8 53 99545
8 54 72202
8 55 44764
8 56 84080
8 57 18460
8 58 66705
8 59 50186
8 60 89154
8 61 65549
8 62 42581
8 63 37342
8 64 9374
8 65 15516
8 66 49020
8 67 97337
8 68 72683
8 69 625
8 70 28277
8 71 57832
8 72 8384
8 73 5277
8 74 55549
8 75 93218
8 76 39108
8 77 22420
8 78 90058
8 79 15097
8 80 46528
8 81 57485
8 82 64941
8 83 83978
8 84 28211
8 85 84318
8 86 47563
8 87 38997
8 88 67120
8 89 20997
8 90 73248
8 91 35494
8 92 552
8 93 4113
8 94 72067
8 95 83255
8 96 7144
8 97 65849
8 98 94979
8 99 52293
8 100 65843
8 101 80277
8 102 10874
8 103 10931
8 104 36836
8 105 33148
8 106 36957
8 107 57810
8 108 33084
8 109 50944
8 110 58719
8 111 51971
8 112 82685
8 113 75585
8 114 55292
8 115 74171
8 116 38057
8 117 8423
8 118 12042
8 119 45872
9 10 474
9 11 32092
9 12 62676
9 13 73087
9 14 88448
9 15 90827
9 16 57700
9 17 82790
9 18 55052
9 19 58926
9 20 79623
9 21 13837
9 22 26557
9 23 90535
9 24 89274
9 25 52291
9 26 11667
9 27 62954
9 28 24858
9 29 14118
9 30 36770
9 31 7515
9 32 28971
9 33 56696
9 34 54020
9 35 6200
9 36 34128
9 37 51878
9 38 3618
9 39 4594
9 40 64963
9 41 96673
9 42 79634
9 43 87662
9 44 56131
9 45 37833
9 46 65708
9 47 41499
9 48 4264
9 49 60126
9 50 26766
9 51 4114
9 52 89990
9 53 15891
9 54 88431
9 55 90383
9 56 56130
9 57 84413
9 58 34153
9 59 22397
9 60 58182
9 61 29405
9 62 40406
9 63 47187
9 64 98775
9 65 50100
9 66 93709
9 67 30635
9 68 94962
9 69 41948
9 70 6962
9 71 49966
9 72 24397
9 73 73913
9 74 51379
9 75 11868
9 76 92751
9 77 33423
9 78 17562
9 79 90124
9 80 48918
9 81 72773
9 82 66238
9 83 75028
9 84 32304
9 85 35774
9 86 30906
9 87 8972
9 88 53761
9 89 63324
9 90 15275
9 91 26399
9 92 77435
9 93 11774
9 94 90825
9 95 92317
9 96 44526
9 97 56229
9 98 76774
9 99 1713
9 100 99960
9 101 17153
9 102 49847
9 103 3233
9 104 68628
9 105 66760
9 106 7873
9 107 46804
9 108 2629
9 109 72659
9 110 81554
9 111 49960
9 112 97294
9 113 41027
9 114 26830
9 115 13153
9 116 71477
9 117 61026
9 118 20301
9 119 3026
10 11 34953
10 12 67482
10 13 41840
10 14 35589
10 15 29250
10 16 40594
10 17 16143
10 18 46782
10 19 71896
10 20 41212
10 21 91374
10 22 98755
10 23 66151
10 24 57920
10 25 12487
10 26 14610
10 27 20955
10 28 47425
10 29 91772
10 30 27698
10 31 53310
10 32 50843
10 33 21275
10 34 99901
10 35 55002
10 36 92275
10 37 77316
10 38 34231
10 39 27661
10 40 90041
10 41 69316
10 42 97781
10 43 72795
10 44 26620
10 45 71830
10 46 64604
10 47 10881
10 48 4577
10 49 12734
10 50 7997
10 51 4409
10 52 87249
10 53 25658
10 54 71371
10 55 34530
10 56 87477
10 57 37991
10 58 77516
10 59 89911
10 60 53344
10 61 3794
10 62 72795
10 63 27376
10 64 1113
10 65 79118
10 66 57415
10 67 49813
10 68 59991
10 69 70805
10 70 31703
10 71 38756
10 72 24042
10 73 32162
10 74 88817
10 75 71220
10 76 2570
10 77 6355
10 78 85460
10 79 79367
10 80 79334
10 81 53159
10 82 63643
10 83 68170
10 84 30630
10 85 67129
10 86 96637
10 87 13893
10 88 17414
10 89 82578
10 90 972
10 91 55496
10 92 66488
10 93 17114
10 94 99486
10 95 79158
10 96 50263
10 97 82663
10 98 20697
10 99 68922
10 100 68657
10 101 58485
10 102 68344
10 103 2360
10 104 41808
10 105 34383
10 106 58689
10 107 44240
10 108 657
10 109 21378
10 110 51063
10 111 53951
10 112 77380
10 113 99921
10 114 96359
10 115 61770
10 116 91985
10 117 53324
10 118 93118
10 119 17186
11 12 13900
11 13 76534
11 14 62883
11 15 58706
11 16 28530
11 17 72562
11 18 24272
11 19 34650
11 20 31741
11 21 14712
11 22 803
11 23 34842
11 24 70544
11 25 91208
11 26 3304
11 27 21935
11 28 19526
11 29 85183
11 30 44094
11 31 42113
11 32 68304
11 33 6591
11 34 38123
11 35 94729
11 36 30693
11 37 97709
11 38 93052
11 39 84907
11 40 23734
11 41 26438
11 42 56507
11 43 68886
11 44 9408
11 45 54176
11 46 79295
11 47 14798
11 48 62734
11 49 42430
11 50 24401
11 51 9546
11 52 47636
11 53 9997
11 54 44651
11 55 9112
11 56 67506
11 57 72989
11 58 26481
11 59 47068
11 60 95384
11 61 62901
11 62 99640
11 63 98693
11 64 90633
11 65 53112
11 66 46103
11 67 98827
11 68 72415
11 69 85923
11 70 36103
11 71 4886
11 72 86437
11 73 22610
11 74 92404
11 75 37071
11 76 71998
11 77 6061
11 78 35591
11 79 92976
11 80 20202
11 81 89208
11 82 31552
11 83 60288
11 84 79202
11 85 77176
11 86 61074
11 87 42627
11 88 71769
11 89 87785
11 90 83964
11 91 98191
11 92 52456
11 93 74946
11 94 70597
11 95 60111
11 96 44306
11 97 42651
11 98 17741
11 99 3457
11 100 41307
11 101 7579
11 102 24540
11 103 35966
11 104 50042
11 105 78226
11 106 42283
11 107 84773
11 108 84803
11 109 91659
11 110 43373
11 111 90910
11 112 80969
11 113 36669
11 114 82583
11 115 85389
11 116 72144
11 117 76354
11 118 32822
11 119 28613
12 13 90338
12 14 56274
12 15 73268
12 16 42987
12 17 69752
12 18 65445
12 19 90682
12 20 20832
12 21 10329
12 22 59744
12 23 44910
12 24 84886
12 25 91707
12 26 18486
12 27 44043
12 28 42876
12 29 98640
12 30 91974
12 31 44378
12 32 94613
12 33 17762
12 34 94668
12 35 67681
12 36 31393
12 37 26546
12 38 72690
12 39 63343
12 40 42482
12 41 31149
12 42 83737
12 43 19084
12 44 22696
12 45 89219
12 46 56585
12 47 54279
12 48 42953
12 49 40841
12 50 80961
12 51 48406
12 52 33384
12 53 47246
12 54 71328
12 55 40048
12 56 24195
12 57 35643
12 58 34181
12 59 64013
12 60 39241
12 61 79130
12 62 32452
12 63 88192
12 64 99962
12 65 97035
12 66 95375
12 67 39152
12 68 13988
12 69 28292
12 70 99218
12 71 20280
12 72 38414
12 73 53076
12 74 67451
12 75 28104
12 76 36
12 77 52549
12 78 12190
12 79 64324
12 80 59578
12 81 43718
12 82 75649
12 83 89472
12 84 43533
12 85 23806
12 86 1341
12 87 89447
12 88 12174
12 89 33313
12 90 68036
12 91 20278
12 92 64436
12 93 44522
12 94 59827
12 95 68328
12 96 15808
12 97 5722
12 98 26856
12 99 40098
12 100 78482
12 101 9424
12 102 17466
12 103 23762
12 104 11835
12 105 46941
12 106 100
12 107 50266
12 108 5730
12 109 87189
12 110 31459
12 111 8531
12 112 81674
12 113 19487
12 114 42266
12 115 5807
12 116 88684
12 117 35321
12 118 35625
12 119 52610
13 14 4064
13 15 18272
13 16 80721
13 17 19769
13 18 43852
13 19 14202
13 20 45236
13 21 66628
13 22 62725
13 23 95243
13 24 25922
13 25 7806
13 26 53040
13 27 7189
13 28 17903
13 29 9856
13 30 30847
13 31 73905
13 32 30489
13 33 67078
13 34 74101
13 35 52005
13 36 43727
13 37 74559
13 38 79791
13 39 33813
13 40 96526
13 41 81433
13 42 59249
13 43 64256
13 44 50889
13 45 27813
13 46 72071
13 47 30959
13 48 32181
13 49 9749
13 50 85929
13 51 79230
13 52 24000
13 53 71930
13 54 41118
13 55 10078
13 56 47944
13 57 42998
13 58 53236
13 59 71660
13 60 71766
13 61 7495
13 62 25759
13 63 6666
13 64 53736
13 65 33756
13 66 80193
13 67 5081
13 68 9591
13 69 27418
13 70 76002
13 71 61623
13 72 9155
13 73 74596
13 74 49266
13 75 83443
13 76 96086
13 77 72418
13 78 87307
13 79 78110
13 80 58
13 81 88826
13 82 17239
13 83 6773
13 84 86183
13 85 21845
13 86 44776
13 87 96761
13 88 92592
13 89 89168
13 90 638
13 91 84597
13 92 19155
13 93 46012
13 94 67278
13 95 64187
13 96 59218
13 97 57613
13 98 89531
13 99 64467
13 100 79725
13 101 91607
13 102 92088
13 103 85408
13 104 60667
13 105 53309
13 106 20380
13 107 82923
13 108 46616
13 109 47739
13 110 59864
13 111 97341
13 112 45165
13 113 63327
13 114 18395
13 115 97576
13 116 51971
13 117 42021
13 118 28293
13 119 87361
14 15 11537
14 16 41091
14 17 42193
14 18 43371
14 19 22175
14 20 71986
14 21 27056
14 22 99835
14 23 19236
14 24 55599
14 25 4375
14 26 83844
14 27 25647
14 28 36587
14 29 18584
14 30 85483
14 31 2750
14 32 46782
14 33 77905
14 34 4426
14 35 46626
14 36 24818
14 37 16438
14 38 10308
14 39 94513
14 40 27446
14 41 76455
14 42 23307
14 43 11825
14 44 85700
14 45 22195
14 46 34566
14 47 99053
14 48 56091
14 49 39994
14 50 32742
14 51 41384
14 52 76282
14 53 56721
14 54 25005
14 55 36971
14 56 17774
14 57 23094
14 58 82106
14 59 25232
14 60 52384
14 61 98524
14 62 93458
14 63 98833
14 64 42168
14 65 38216
14 66 91692
14 67 54445
14 68 88430
14 69 20
14 70 60685
14 71 38973
14 72 30730
14 73 37039
14 74 54273
14 75 79941
14 76 31708
14 77 56007
14 78 4002
14 79 772
14 80 24713
14 81 31691
14 82 51952
14 83 96008
14 84 56518
14 85 70160
14 86 12191
14 87 80932
14 88 55530
14 89 4012
14 90 26216
14 91 83947
14 92 84618
14 93 65816
14 94 22646
14 95 48427
14 96 98531
14 97 96097
14 98 37078
14 99 1484
14 100 58097
14 101 27149
14 102 75345
14 103 83752
14 104 92829
14 105 55525
14 106 73023
14 107 96306
14 108 43806
14 109 77799
14 110 51392
14 111 90096
14 112 45106
14 113 28995
14 114 24694
14 115 36012
14 116 14480
14 117 2848
14 118 1052
14 119 35764
15 16 69443
15 17 25749
15 18 27741
15 19 56144
15 20 31161
15 21 96681
15 22 5702
15 23 93496
15 24 40746
15 25 45460
15 26 82890
15 27 12797
15 28 40465
15 29 71104
15 30 80287
15 31 93843
15 32 45106
15 33 80052
15 34 44107
15 35 34365
15 36 85077
15 37 36057
15 38 5741
15 39 67312
15 40 34219
15 41 60917
15 42 67249
15 43 75332
15 44 65775
15 45 10193
15 46 50904
15 47 62968
15 48 96700
15 49 71836
15 50 48300
15 51 63321
15 52 35068
15 53 83495
15 54 7216
15 55 23998
15 56 71964
15 57 97148
15 58 91445
15 59 38283
15 60 96035
15 61 25493
15 62 63027
15 63 66243
15 64 82112
15 65 14967
15 66 58331
15 67 81384
15 68 21775
15 69 57543
15 70 78274
15 71 14861
15 72 6358
15 73 47404
15 74 54139
15 75 11331
15 76 2217
15 77 6189
15 78 54705
15 79 4169
15 80 90082
15 81 99616
15 82 42749
15 83 40689
15 84 97705
15 85 79661
15 86 34080
15 87 24653
15 88 43478
15 89 94284
15 90 21594
15 91 11677
15 92 72030
15 93 14435
15 94 51956
15 95 40717
15 96 27805
15 97 67411
15 98 55051
15 99 89565
15 100 21814
15 101 3546
15 102 37446
15 103 16354
15 104 50313
15 105 50245
15 106 14097
15 107 90137
15 108 92224
15 109 60357
15 110 46399
15 111 93066
15 112 13002
15 113 22921
15 114 27249
15 115 99546
15 116 77209
15 117 71397
15 118 79611
15 119 62036
16 17 93007
16 18 46899
16 19 44936
16 20 75974
16 21 75071
16 22 27379
16 23 41179
16 24 96553
16 25 29244
16 26 69786
16 27 45685
16 28 77585
16 29 30608
16 30 31307
16 31 27440
16 32 73347
16 33 40994
16 34 59243
16 35 85035
16 36 65141
16 37 13114
16 38 22436
16 39 26493
16 40 13154
16 41 61932
16 42 11712
16 43 91975
16 44 94289
16 45 40054
16 46 69970
16 47 8651
16 48 62274
16 49 96260
16 50 14692
16 51 19235
16 52 52938
16 53 2486
16 54 2851
16 55 79834
16 56 69604
16 57 77518
16 58 30325
16 59 54651
16 60 38407
16 61 508
16 62 39204
16 63 9000
16 64 35733
16 65 29179
16 66 81947
16 67 81254
16 68 92336
16 69 11939
16 70 36866
16 71 50764
16 72 44976
16 73 61952
16 74 33754
16 75 9814
16 76 13574
16 77 36481
16 78 30164
16 79 84510
16 80 69195
16 81 56568
16 82 25632
16 83 70932
16 84 29119
16 85 40521
16 86 18376
16 87 13562
16 88 29945
16 89 31439
16 90 56665
16 91 41610
16 92 69265
16 93 82246
16 94 77892
16 95 51408
16 96 81998
16 97 12932
16 98 67750
16 99 3018
16 100 56216
16 101 41742
16 102 23991
16 103 74650
16 104 95593
16 105 37594
16 106 92807
16 107 46055
16 108 6665
16 109 59577
16 110 99198
16 111 85929
16 112 81749
16 113 61770
16 114 39447
16 115 86648
16 116 64750
16 117 90982
16 118 47231
16 119 28210
17 18 37409
17 19 31810
17 20 61627
17 21 49266
17 22 14026
17 23 36222
17 24 86371
17 25 4708
17 26 21553
17 27 90416
17 28 38627
17 29 11259
17 30 81084
17 31 31651
17 32 92418
17 33 5670
17 34 33954
17 35 87546
17 36 58950
17 37 86441
17 38 82842
17 39 5557
17 40 52464
17 41 89342
17 42 48253
17 43 51102
17 44 97577
17 45 51335
17 46 51578
17 47 56630
17 48 60531
17 49 95958
17 50 44096
17 51 72139
17 52 22991
17 53 20738
17 54 70629
17 55 47863
17 56 34426
17 57 22037
17 58 29632
17 59 17085
17 60 75748
17 61 49519
17 62 48790
17 63 54485
17 64 69091
17 65 5604
17 66 68360
17 67 31657
17 68 38751
17 69 76410
17 70 29748
17 71 23759
17 72 84773
17 73 30696
17 74 67890
17 75 87747
17 76 44298
17 77 82407
17 78 32075
17 79 44186
17 80 55750
17 81 31062
17 82 7242
17 83 68799
17 84 92008
17 85 78456
17 86 11258
17 87 92060
17 88 15136
17 89 28048
17 90 66853
17 91 81296
17 92 88075
17 93 78366
17 94 47081
17 95 5567
17 96 34871
17 97 71941
17 98 19010
17 99 17025
17 100 48548
17 101 25225
17 102 53959
17 103 67766
17 104 81217
17 105 81642
17 106 18822
17 107 86743
17 108 38919
17 109 71470
17 110 20953
17 111 91184
17 112 49917
17 113 38990
17 114 13585
17 115 11581
17 116 99338
17 117 86746
17 118 18253
17 119 23057
18 19 28895
18 20 90794
18 21 85267
18 22 36992
18 23 62528
18 24 31508
18 25 55279
18 26 61852
18 27 43481
18 28 4109
18 29 30743
18 30 73974
18 31 5759
18 32 29783
18 33 98346
18 34 18904
18 35 40082
18 36 78507
18 37 60083
18 38 93953
18 39 4165
18 40 7080
18 41 54669
18 42 153
18 43 17890
18 44 62492
18 45 70601
18 46 35176
18 47 53362
18 48 66073
18 49 15219
18 50 39176
18 51 29642
18 52 33548
18 53 95290
18 54 45737
18 55 60275
18 56 47431
18 57 51988
18 58 72134
18 59 10606
18 60 80302
18 61 77484
18 62 90557
18 63 84636
18 64 36404
18 65 78348
18 66 45068
18 67 51523
18 68 12200
18 69 15737
18 70 71136
18 71 66160
18 72 87004
18 73 81622
18 74 11199
18 75 19947
18 76 55369
18 77 39453
18 78 70252
18 79 54285
18 80 69172
18 81 28532
18 82 49609
18 83 61567
18 84 6645
18 85 39265
18 86 87194
18 87 73751
18 88 20307
18 89 40098
18 90 79354
18 91 68343
18 92 740
18 93 342
18 94 80097
18 95 36110
18 96 33473
18 97 73526
18 98 61531
18 99 17208
18 100 12786
18 101 73766
18 102 79510
18 103 4436
18 104 93436
18 105 43283
18 106 61109
18 107 79605
18 108 72655
18 109 40200
18 110 48896
18 111 37030
18 112 67352
18 113 17855
18 114 25297
18 115 52252
18 116 7496
18 117 33877
18 118 92593
18 119 26840
19 20 26736
19 21 7617
19 22 1692
19 23 60610
19 24 54028
19 25 2236
19 26 41005
19 27 44180
19 28 94528
19 29 56118
19 30 88820
19 31 43974
19 32 42745
19 33 77292
19 34 17121
19 35 80805
19 36 34433
19 37 62333
19 38 88693
19 39 69997
19 40 2464
19 41 80066
19 42 99965
19 43 47001
19 44 23355
19 45 17482
19 46 20709
19 47 64729
19 48 75758
19 49 15995
19 50 45341
19 51 53179
19 52 66232
19 53 33903
19 54 89933
19 55 7907
19 56 51171
19 57 58875
19 58 96412
19 59 29185
19 60 10882
19 61 34993
19 62 50756
19 63 67180
19 64 95253
19 65 23923
19 66 73550
19 67 11252
19 68 66678
19 69 86795
19 70 80623
19 71 10945
19 72 19233
19 73 97478
19 74 24353
19 75 71169
19 76 63808
19 77 98046
19 78 77163
19 79 73266
19 80 39921
19 81 30483
19 82 37702
19 83 22844
19 84 47680
19 85 65251
19 86 27948
19 87 18562
19 88 38150
19 89 32159
19 90 66754
19 91 26797
19 92 82967
19 93 35136
19 94 77793
19 95 39517
19 96 84184
19 97 75541
19 98 37040
19 99 616
19 100 71736
19 101 38755
19 102 64887
19 103 68241
19 104 91791
19 105 54513
19 106 81199
19 107 82096
19 108 3378
19 109 70088
19 110 28630
19 111 15867
19 112 62065
19 113 44382
19 114 94047
19 115 64200
19 116 19769
19 117 52353
19 118 61917
19 119 68127
20 21 64844
20 22 23592
20 23 78424
20 24 49636
20 25 14302
20 26 35670
20 27 4374
20 28 586
20 29 79562
20 30 26552
20 31 64732
20 32 87949
20 33 81289
20 34 26765
20 35 7127
20 36 27078
20 37 79177
20 38 97581
20 39 63440
20 40 67927
20 41 2335
20 42 78137
20 43 68041
20 44 47048
20 45 97810
20 46 52888
20 47 56882
20 48 28268
20 49 84430
20 50 61038
20 51 76219
20 52 6031
20 53 64844
20 54 82540
20 55 66428
20 56 89823
20 57 51082
20 58 55365
20 59 65119
20 60 8636
20 61 58048
20 62 14342
20 63 9140
20 64 93429
20 65 97882
20 66 20224
20 67 71777
20 68 47851
20 69 4926
20 70 3619
20 71 60912
20 72 54503
20 73 58198
20 74 42487
20 75 8325
20 76 18659
20 77 49218
20 78 6020
20 79 86193
20 80 82162
20 81 14694
20 82 66410
20 83 80104
20 84 5006
20 85 17039
20 86 12805
20 87 37573
20 88 416
20 89 10632
20 90 93106
20 91 40402
20 92 50791
20 93 30565
20 94 23226
20 95 99826
20 96 27330
20 97 21541
20 98 71146
20 99 81906
20 100 96183
20 101 95597
20 102 77575
20 103 58572
20 104 45275
20 105 80543
20 106 15809
20 107 14444
20 108 50848
20 109 24022
20 110 61781
20 111 45426
20 112 86199
20 113 82987
20 114 8054
20 115 11225
20 116 29359
20 117 16316
20 118 46106
20 119 22079
21 22 74606
21 23 88830
21 24 97560
21 25 23899
21 26 60804
21 27 82264
21 28 22976
21 29 88189
21 30 91883
21 31 25736
21 32 51367
21 33 54871
21 34 71425
21 35 94582
21 36 39707
21 37 94311
21 38 76076
21 39 98248
21 40 77168
21 41 41992
21 42 14964
21 43 13124
21 44 94395
21 45 2709
21 46 13572
21 47 10337
21 48 65725
21 49 56242
21 50 5908
21 51 98551
21 52 73839
21 53 9060
21 54 99592
21 55 20403
21 56 92898
21 57 76420
21 58 71253
21 59 60918
21 60 31711
21 61 28269
21 62 26815
21 63 88611
21 64 37534
21 65 40046
21 66 91430
21 67 92918
21 68 68878
21 69 83086
21 70 79343
21 71 54502
21 72 57010
21 73 48239
21 74 99500
21 75 88506
21 76 42382
21 77 11578
21 78 68503
21 79 28708
21 80 67791
21 81 69583
21 82 78281
21 83 42215
21 84 86613
21 85 73712
21 86 96919
21 87 10974
21 88 66801
21 89 34972
21 90 82613
21 91 91944
21 92 7313
21 93 91476
21 94 23888
21 95 74775
21 96 68357
21 97 88722
21 98 81782
21 99 1423
21 100 33161
21 101 18495
21 102 48665
21 103 57864
21 104 19872
21 105 18175
21 106 81438
21 107 61469
21 108 99476
21 109 92078
21 110 61206
21 111 49374
21 112 38785
21 113 54621
21 114 8368
21 115 21789
21 116 29077
21 117 86600
21 118 47775
21 119 71245
22 23 50479
22 24 35962
22 25 68128
22 26 40635
22 27 11535
22 28 81054
22 29 83467
22 30 69618
22 31 92081
22 32 72030
22 33 51504
22 34 74404
22 35 1450
22 36 47099
22 37 2487
22 38 49571
22 39 81579
22 40 79524
22 41 50426
22 42 74162
22 43 78857
22 44 19721
22 45 43588
22 46 82197
22 47 1665
22 48 45319
22 49 31524
22 50 90248
22 51 70011
22 52 8738
22 53 40326
22 54 64313
22 55 87718
22 56 19260
22 57 18116
22 58 32692
22 59 28595
22 60 1119
22 61 76610
22 62 27560
22 63 8748
22 64 61196
22 65 71873
22 66 50718
22 67 64275
22 68 6399
22 69 69418
22 70 65422
22 71 57354
22 72 69355
22 73 52414
22 74 964
22 75 8945
22 76 25720
22 77 42084
22 78 59429
22 79 71469
22 80 88244
22 81 25028
22 82 96644
22 83 4028
22 84 83594
22 85 68435
22 86 29231
22 87 82759
22 88 85881
22 89 13798
22 90 84463
22 91 94746
22 92 19947
22 93 99325
22 94 20465
22 95 62773
22 96 90196
22 97 61903
22 98 30695
22 99 62407
22 100 63512
22 101 99383
22 102 47093
22 103 35603
22 104 29131
22 105 88604
22 106 40370
22 107 35072
22 108 89781
22 109 14706
22 110 32384
22 111 4784
22 112 58232
22 113 5507
22 114 10507
22 115 54001
22 116 79138
22 117 8181
22 118 95780
22 119 7367
23 24 3416
23 25 78362
23 26 89293
23 27 60521
23 28 38929
23 29 17924
23 30 20342
23 31 65553
23 32 20884
23 33 68870
23 34 15950
23 35 64080
23 36 1563
23 37 43083
23 38 72033
23 39 82906
23 40 94526
23 41 80405
23 42 78508
23 43 49342
23 44 31901
23 45 74582
23 46 77690
23 47 37076
23 48 65501
23 49 99451
23 50 31335
23 51 52769
23 52 25001
23 53 16455
23 54 63572
23 55 56879
23 56 50660
23 57 44458
23 58 29394
23 59 35949
23 60 26036
23 61 86282
23 62 51256
23 63 1699
23 64 14441
23 65 47899
23 66 38743
23 67 57052
23 68 4338
23 69 44656
23 70 25550
23 71 473
23 72 94425
23 73 75234
23 74 94971
23 75 51466
23 76 70231
23 77 966
23 78 91794
23 79 74162
23 80 33358
23 81 85096
23 82 71205
23 83 78161
23 84 56838
23 85 54083
23 86 52706
23 87 99787
23 88 95800
23 89 5334
23 90 25680
23 91 11182
23 92 57439
23 93 10896
23 94 96288
23 95 94632
23 96 46812
23 97 73751
23 98 37091
23 99 6447
23 100 40124
23 101 64369
23 102 61038
23 103 88984
23 104 12889
23 105 22353
23 106 54648
23 107 13473
23 108 71530
23 109 24526
23 110 83668
23 111 78177
23 112 81360
23 113 16586
23 114 80408
23 115 61527
23 116 2109
23 117 71153
23 118 41820
23 119 45793
24 25 63716
24 26 31141
24 27 44065
24 28 74812
24 29 32987
24 30 68780
24 31 97747
24 32 16821
24 33 69532
24 34 51820
24 35 68418
24 36 38741
24 37 1568
24 38 83261
24 39 13404
24 40 99422
24 41 32715
24 42 71173
24 43 48526
24 44 5619
24 45 68223
24 46 12516
24 47 11
24 48 90935
24 49 16601
24 50 57493
24 51 4787
24 52 78590
24 53 94776
24 54 28673
24 55 55322
24 56 1882
24 57 5015
24 58 9405
24 59 74923
24 60 88346
24 61 85063
24 62 9295
24 63 1250
24 64 88338
24 65 44644
24 66 7240
24 67 29905
24 68 17727
24 69 26185
24 70 53661
24 71 70898
24 72 56411
24 73 40113
24 74 7245
24 75 72106
24 76 94699
24 77 80545
24 78 41129
24 79 74862
24 80 73365
24 81 83604
24 82 50644
24 83 49238
24 84 562
24 85 33262
24 86 77656
24 87 46119
24 88 20321
24 89 55713
24 90 34852
24 91 82508
24 92 53160
24 93 8251
24 94 25888
24 95 87355
24 96 51826
24 97 38593
24 98 82175
24 99 83586
24 100 70009
24 101 71225
24 102 88816
24 103 43733
24 104 45202
24 105 54290
24 106 58425
24 107 71420
24 108 17763
24 109 71803
24 110 36469
24 111 43132
24 112 27692
24 113 54389
24 114 93648
24 115 96015
24 116 21619
24 117 32609
24 118 67552
24 119 18179
25 26 6758
25 27 84212
25 28 62764
25 29 40550
25 30 46361
25 31 62630
25 32 61818
25 33 17396
25 34 28852
25 35 94277
25 36 26490
25 37 75461
25 38 29968
25 39 65130
25 40 9916
25 41 18740
25 42 12702
25 43 37785
25 44 67764
25 45 84465
25 46 90710
25 47 31216
25 48 47876
25 49 78994
25 50 88325
25 51 35800
25 52 70857
25 53 99360
25 54 20514
25 55 60635
25 56 19303
25 57 72708
25 58 83526
25 59 86114
25 60 38851
25 61 55599
25 62 35488
25 63 45001
25 64 81041
25 65 17508
25 66 56253
25 67 59668
25 68 50124
25 69 89429
25 70 65486
25 71 2374
25 72 53697
25 73 88999
25 74 38201
25 75 49927
25 76 41996
25 77 42321
25 78 59610
25 79 65672
25 80 47164
25 81 29519
25 82 73678
25 83 41714
25 84 47664
25 85 51927
25 86 46166
25 87 83625
25 88 44107
25 89 63379
25 90 89344
25 91 37907
25 92 56198
25 93 88686
25 94 66194
25 95 73227
25 96 79877
25 97 68294
25 98 33056
25 99 85542
25 100 83543
25 101 46670
25 102 45493
25 103 55860
25 104 11527
25 105 24593
25 106 22775
25 107 42266
25 108 36550
25 109 10551
25 110 44027
25 111 91763
25 112 95844
25 113 95391
25 114 50101
25 115 19337
25 116 94536
25 117 98496
25 118 90346
25 119 93953
26 27 57459
26 28 424
26 29 43034
26 30 90829
26 31 81257
26 32 98978
26 33 32578
26 34 36398
26 35 2004
26 36 21709
26 37 77280
26 38 40393
26 39 14166
26 40 86145
26 41 56789
26 42 66082
26 43 19536
26 44 53216
26 45 1988
26 46 57041
26 47 32536
26 48 40650
26 49 78834
26 50 68288
26 51 35180
26 52 29577
26 53 65693
26 54 54869
26 55 30643
26 56 75217
26 57 38407
26 58 46900
26 59 97702
26 60 52656
26 61 59278
26 62 34055
26 63 35935
26 64 98118
26 65 61183
26 66 55607
26 67 67942
26 68 18160
26 69 75246
26 70 53977
26 71 53046
26 72 1280
26 73 80185
26 74 67792
26 75 6047
26 76 61691
26 77 87865
26 78 512
26 79 21719
26 80 7865
26 81 50833
26 82 19776
26 83 35336
26 84 45100
26 85 92696
26 86 54714
26 87 23404
26 88 60765
26 89 63077
26 90 63618
26 91 74618
26 92 67255
26 93 99361
26 94 55671
26 95 37587
26 96 82989
26 97 40599
26 98 13598
26 99 75322
26 100 60077
26 101 35814
26 102 88288
26 103 41486
26 104 454
26 105 94517
26 106 75448
26 107 86110
26 108 40242
26 109 89744
26 110 6890
26 111 76062
26 112 45321
26 113 37743
26 114 55836
26 115 38379
26 116 34536
26 117 49659
26 118 15202
26 119 23157
27 28 25568
27 29 1705
27 30 8328
27 31 80935
27 32 53426
27 33 49911
27 34 48016
27 35 32601
27 36 90227
27 37 37541
27 38 15762
27 39 63793
27 40 28664
27 41 56688
27 42 86357
27 43 8451
27 44 71890
27 45 35054
27 46 41988
27 47 93290
27 48 81325
27 49 24076
27 50 17245
27 51 85139
27 52 33946
27 53 27700
27 54 27532
27 55 3829
27 56 64535
27 57 81534
27 58 58691
27 59 4817
27 60 98875
27 61 2692
27 62 50296
27 63 21397
27 64 90981
27 65 58553
27 66 54319
27 67 21977
27 68 75500
27 69 1981
27 70 89552
27 71 73835
27 72 96073
27 73 28394
27 74 15832
27 75 90098
27 76 72855
27 77 8282
27 78 23203
27 79 1996
27 80 83974
27 81 90058
27 82 35271
27 83 80788
27 84 88807
27 85 10009
27 86 85776
27 87 70439
27 88 97659
27 89 64306
27 90 34261
27 91 91760
27 92 81066
27 93 38082
27 94 34529
27 95 65840
27 96 20553
27 97 9504
27 98 55945
27 99 89064
27 100 28397
27 101 18478
27 102 55060
27 103 95412
27 104 8400
27 105 84850
27 106 27222
27 107 28741
27 108 15263
27 109 96026
27 110 18539
27 111 41438
27 112 96037
27 113 46930
27 114 8639
27 115 6632
27 116 50460
27 117 82762
27 118 14987
27 119 10025
28 29 82712
28 30 50021
28 31 50282
28 32 87859
28 33 59199
28 34 85593
28 35 64669
28 36 27695
28 37 28167
28 38 58031
28 39 63716
28 40 44819
28 41 37019
28 42 73567
28 43 87330
28 44 513
28 45 19001
28 46 94777
28 47 69549
28 48 99798
28 49 9844
28 50 72764
28 51 15170
28 52 70525
28 53 47130
28 54 14893
28 55 80946
28 56 12671
28 57 69678
28 58 4936
28 59 58792
28 60 12732
28 61 65165
28 62 24245
28 63 98097
28 64 50451
28 65 42032
28 66 81881
28 67 7326
28 68 15825
28 69 96101
28 70 48463
28 71 83708
28 72 13189
28 73 76455
28 74 81511
28 75 91459
28 76 39416
28 77 28737
28 78 25408
28 79 50322
28 80 65696
28 81 68233
28 82 3233
28 83 81210
28 84 48035
28 85 71269
28 86 18446
28 87 51128
28 88 35481
28 89 4055
28 90 52839
28 91 33337
28 92 79447
28 93 27033
28 94 44897
28 95 80230
28 96 80255
28 97 79994
28 98 23546
28 99 6085
28 100 77352
28 101 80118
28 102 55301
28 103 38743
28 104 28851
28 105 8928
28 106 81537
28 107 30332
28 108 26363
28 109 1580
28 110 26100
28 111 13802
28 112 51026
28 113 10838
28 114 58406
28 115 91565
28 116 98203
28 117 71281
28 118 17720
28 119 62967
29 30 25131
29 31 60480
29 32 13144
29 33 2597
29 34 86522
29 35 79088
29 36 65559
29 37 72442
29 38 60174
29 39 34048
29 40 57015
29 41 22510
29 42 80611
29 43 82098
29 44 90082
29 45 58945
29 46 33809
29 47 29790
29 48 4733
29 49 97064
29 50 97712
29 51 4644
29 52 78110
29 53 78770
29 54 13603
29 55 18806
29 56 23946
29 57 75102
29 58 33518
29 59 3280
29 60 8926
29 61 50592
29 62 29662
29 63 20803
29 64 13408
29 65 67213
29 66 50681
29 67 19685
29 68 45423
29 69 74887
29 70 29636
29 71 51653
29 72 79609
29 73 37778
29 74 91784
29 75 6397
29 76 66836
29 77 797
29 78 93062
29 79 44389
29 80 91339
29 81 99823
29 82 22507
29 83 96912
29 84 53961
29 85 17656
29 86 95552
29 87 88282
29 88 90484
29 89 59903
29 90 226
29 91 22999
29 92 44688
29 93 84265
29 94 60086
29 95 43908
29 96 67718
29 97 28749
29 98 52633
29 99 55948
29 100 82827
29 101 44615
29 102 89114
29 103 41672
29 104 38900
29 105 74333
29 106 39955
29 107 25769
29 108 9749
29 109 29680
29 110 81200
29 111 55779
29 112 84797
29 113 79843
29 114 98658
29 115 87311
29 116 78815
29 117 8179
29 118 9363
29 119 39442
30 31 24929
30 32 13528
30 33 16498
30 34 87452
30 35 75497
30 36 40097
30 37 57676
30 38 10465
30 39 81160
30 40 93311
30 41 94639
30 42 18187
30 43 2116
30 44 8160
30 45 55594
30 46 16688
30 47 40556
30 48 43642
30 49 29223
30 50 919
30 51 83460
30 52 74981
30 53 64621
30 54 55217
30 55 52889
30 56 41619
30 57 21668
30 58 47317
30 59 25863
30 60 54012
30 61 18713
30 62 16948
30 63 99993
30 64 93364
30 65 38921
30 66 1874
30 67 67786
30 68 72216
30 69 14309
30 70 88590
30 71 67490
30 72 88999
30 73 29868
30 74 65299
30 75 506
30 76 40572
30 77 80755
30 78 44288
30 79 43117
30 80 29922
30 81 76996
30 82 78929
30 83 9555
30 84 86608
30 85 99507
30 86 56964
30 87 83161
30 88 64630
30 89 60233
30 90 84857
30 91 49038
30 92 56541
30 93 2796
30 94 68664
30 95 82935
30 96 40961
30 97 71928
30 98 74564
30 99 4232
30 100 77427
30 101 70580
30 102 49785
30 103 87431
30 104 74203
30 105 14570
30 106 82593
30 107 89450
30 108 2537
30 109 52368
30 110 1054
30 111 49576
30 112 9058
30 113 49420
30 114 78745
30 115 16352
30 116 14115
30 117 1612
30 118 26412
30 119 94025
31 32 97763
31 33 77023
31 34 36073
31 35 33524
31 36 11129
31 37 71393
31 38 75153
31 39 64850
31 40 51148
31 41 75647
31 42 35357
31 43 50730
31 44 49638
31 45 50300
31 46 10921
31 47 41685
31 48 37569
31 49 16789
31 50 76947
31 51 70029
31 52 8849
31 53 62507
31 54 66704
31 55 27497
31 56 53333
31 57 26277
31 58 70447
31 59 96485
31 60 71770
31 61 79866
31 62 11494
31 63 1158
31 64 4864
31 65 71193
31 66 44314
31 67 74989
31 68 64199
31 69 55974
31 70 790
31 71 54301
31 72 14477
31 73 63510
31 74 58878
31 75 67098
31 76 79473
31 77 7305
31 78 75102
31 79 7681
31 80 23087
31 81 49221
31 82 97070
31 83 37012
31 84 43961
31 85 93042
31 86 99948
31 87 83501
31 88 65644
31 89 73929
31 90 73167
31 91 79683
31 92 96111
31 93 52819
31 94 33027
31 95 41957
31 96 46120
31 97 91873
31 98 8101
31 99 7809
31 100 69525
31 101 44009
31 102 325
31 103 52555
31 104 30345
31 105 43035
31 106 35469
31 107 51112
31 108 81808
31 109 16561
31 110 66524
31 111 62705
31 112 44631
31 113 87562
31 114 3259
31 115 10182
31 116 46467
31 117 71911
31 118 82860
31 119 29985
32 33 75874
32 34 89673
32 35 52373
32 36 20476
32 37 28035
32 38 43607
32 39 87216
32 40 22504
32 41 84879
32 42 10271
32 43 39041
32 44 68135
32 45 24175
32 46 23427
32 47 8327
32 48 4438
32 49 37880
32 50 58325
32 51 39559
32 52 67505
32 53 43687
32 54 35820
32 55 97140
32 56 81804
32 57 37395
32 58 86203
32 59 86044
32 60 90038
32 61 84507
32 62 64083
32 63 10894
32 64 24865
32 65 81050
32 66 67844
32 67 68026
32 68 17117
32 69 70693
32 70 66947
32 71 15261
32 72 31525
32 73 32216
32 74 96400
32 75 3497
32 76 80466
32 77 90023
32 78 51393
32 79 49474
32 80 97949
32 81 79101
32 82 97077
32 83 43596
32 84 9821
32 85 57938
32 86 68111
32 87 13686
32 88 46211
32 89 46864
32 90 30515
32 91 59096
32 92 82249
32 93 18492
32 94 10163
32 95 77977
32 96 27729
32 97 32287
32 98 97633
32 99 88926
32 100 28537
32 101 51837
32 102 43213
32 103 73658
32 104 22905
32 105 38646
32 106 17673
32 107 1223
32 108 25992
32 109 74068
32 110 73436
32 111 80185
32 112 98173
32 113 25750
32 114 62262
32 115 22607
32 116 34134
32 117 53237
32 118 6271
32 119 38539
33 34 21753
33 35 28850
33 36 78654
33 37 64231
33 38 68439
33 39 33933
33 40 87514
33 41 63415
33 42 21309
33 43 59175
33 44 2905
33 45 83502
33 46 72512
33 47 49665
33 48 96717
33 49 14641
33 50 21647
33 51 17287
33 52 42920
33 53 77279
33 54 58007
33 55 49918
33 56 10856
33 57 44478
33 58 13844
33 59 95382
33 60 16783
33 61 62691
33 62 60777
33 63 23605
33 64 97279
33 65 69512
33 66 61910
33 67 51589
33 68 22038
33 69 62223
33 70 53054
33 71 64567
33 72 77842
33 73 54759
33 74 39253
33 75 51061
33 76 64040
33 77 78888
33 78 12293
33 79 21189
33 80 45594
33 81 45416
33 82 61348
33 83 71116
33 84 77046
33 85 78894
33 86 38704
33 87 23199
33 88 65259
33 89 15088
33 90 45652
33 91 65376
33 92 17811
33 93 19832
33 94 89553
33 95 50313
33 96 80999
33 97 90247
33 98 78726
33 99 25753
33 100 94889
33 101 22559
33 102 80425
33 103 22113
33 104 24190
33 105 5337
33 106 36829
33 107 29486
33 108 62026
33 109 76961
33 110 82996
33 111 66023
33 112 10827
33 113 32967
33 114 48311
33 115 43249
33 116 14523
33 117 25404
33 118 10110
33 119 13171
34 35 71025
34 36 31327
34 37 43544
34 38 43240
34 39 96411
34 40 97604
34 41 27263
34 42 26729
34 43 89155
34 44 7299
34 45 53351
34 46 88606
34 47 64560
34 48 58642
34 49 72442
34 50 79953
34 51 15810
34 52 93693
34 53 72357
34 54 56045
34 55 20309
34 56 17412
34 57 16345
34 58 78659
34 59 82243
34 60 11207
34 61 72095
34 62 43808
34 63 79152
34 64 11593
34 65 38267
34 66 35986
34 67 69513
34 68 79509
34 69 66253
34 70 24690
34 71 61896
34 72 81588
34 73 11268
34 74 77264
34 75 82654
34 76 27869
34 77 89180
34 78 77982
34 79 80127
34 80 92263
34 81 75614
34 82 90362
34 83 30987
34 84 73718
34 85 66341
34 86 97324
34 87 75507
34 88 36488
34 89 39119
34 90 34892
34 91 35397
34 92 91799
34 93 91049
34 94 62498
34 95 58289
34 96 96973
34 97 23222
34 98 12585
34 99 78808
34 100 83720
34 101 31629
34 102 86857
34 103 31694
34 104 88134
34 105 11797
34 106 8906
34 107 60289
34 108 68957
34 109 17202
34 110 19807
34 111 2498
34 112 78811
34 113 20036
34 114 41360
34 115 10321
34 116 73324
34 117 92701
34 118 86075
34 119 27346
35 36 18448
35 37 68452
35 38 93131
35 39 50363
35 40 45564
35 41 24594
35 42 63251
35 43 12948
35 44 57552
35 45 85386
35 46 42189
35 47 66485
35 48 69578
35 49 40748
35 50 28856
35 51 33298
35 52 48421
35 53 30619
35 54 38284
35 55 43461
35 56 56314
35 57 95846
35 58 39370
35 59 14453
35 60 90150
35 61 87629
35 62 72544
35 63 30399
35 64 58831
35 65 52410
35 66 98474
35 67 45352
35 68 12930
35 69 35626
35 70 17937
35 71 45660
35 72 421
35 73 7592
35 74 49211
35 75 37368
35 76 71786
35 77 32938
35 78 74192
35 79 4148
35 80 41526
35 81 4064
35 82 22735
35 83 32280
35 84 85643
35 85 18997
35 86 30419
35 87 9021
35 88 83018
35 89 14789
35 90 20485
35 91 89891
35 92 47597
35 93 74285
35 94 60792
35 95 91719
35 96 36658
35 97 41746
35 98 50058
35 99 87853
35 100 38074
35 101 87180
35 102 15389
35 103 65884
35 104 58349
35 105 60415
35 106 3785
35 107 81886
35 108 48993
35 109 18005
35 110 40239
35 111 22922
35 112 9283
35 113 33938
35 114 70785
35 115 10977
35 116 52947
35 117 30800
35 118 50289
35 119 86875
36 37 83472
36 38 79019
36 39 99165
36 40 64712
36 41 41410
36 42 76340
36 43 79240
36 44 51086
36 45 61288
36 46 13014
36 47 34430
36 48 21345
36 49 53483
36 50 13075
36 51 17365
36 52 71641
36 53 92471
36 54 25692
36 55 90372
36 56 5852
36 57 29736
36 58 96912
36 59 3077
36 60 23514
36 61 25099
36 62 52000
36 63 53510
36 64 44751
36 65 75841
36 66 20210
36 67 20575
36 68 87564
36 69 75893
36 70 72931
36 71 81280
36 72 60951
36 73 41046
36 74 65837
36 75 44874
36 76 983
36 77 31162
36 78 15101
36 79 3241
36 80 56324
36 81 7607
36 82 96110
36 83 86804
36 84 94440
36 85 50236
36 86 86097
36 87 73543
36 88 66155
36 89 57212
36 90 48878
36 91 27617
36 92 99227
36 93 26026
36 94 12501
36 95 59735
36 96 30930
36 97 50392
36 98 52173
36 99 60573
36 100 85417
36 101 72461
36 102 66957
36 103 96732
36 104 24353
36 105 50935
36 106 12875
36 107 80326
36 108 57303
36 109 46711
36 110 13853
36 111 68184
36 112 3467
36 113 70612
36 114 40402
36 115 49171
36 116 72573
36 117 43411
36 118 86387
36 119 40721
37 38 79875
37 39 24457
37 40 91461
37 41 72958
37 42 72943
37 43 99788
37 44 45985
37 45 11136
37 46 14207
37 47 25292
37 48 26388
37 49 73825
37 50 76186
37 51 32045
37 52 41661
37 53 34124
37 54 63376
37 55 76518
37 56 49505
37 57 3745
37 58 94255
37 59 12238
37 60 75911
37 61 25117
37 62 50245
37 63 57564
37 64 94873
37 65 91901
37 66 48370
37 67 88640
37 68 60116
37 69 57098
37 70 92107
37 71 30369
37 72 26730
37 73 51086
37 74 5809
37 75 10876
37 76 96574
37 77 79946
37 78 64411
37 79 31940
37 80 72620
37 81 65929
37 82 45937
37 83 44175
37 84 20577
37 85 19829
37 86 87983
37 87 83738
37 88 1616
37 89 39985
37 90 27972
37 91 35743
37 92 52327
37 93 74942
37 94 94723
37 95 62179
37 96 10232
37 97 46647
37 98 49691
37 99 4282
37 100 79757
37 101 44536
37 102 84708
37 103 79279
37 104 46340
37 105 86830
37 106 38958
37 107 51561
37 108 78359
37 109 76302
37 110 22460
37 111 17679
37 112 47156
37 113 76480
37 114 14732
37 115 51875
37 116 41445
37 117 33303
37 118 40239
37 119 1219
38 39 68766
38 40 98038
38 41 96269
38 42 77644
38 43 18113
38 44 32862
38 45 22077
38 46 81569
38 47 87054
38 48 67808
38 49 81327
38 50 1295
38 51 39153
38 52 31335
38 53 47008
38 54 61441
38 55 48285
38 56 69552
38 57 42057
38 58 75071
38 59 2495
38 60 86389
38 61 40240
38 62 52270
38 63 20518
38 64 84546
38 65 19012
38 66 76532
38 67 58856
38 68 85858
38 69 88109
38 70 30462
38 71 72611
38 72 3450
38 73 26336
38 74 65219
38 75 97466
38 76 7474
38 77 76663
38 78 5168
38 79 68947
38 80 70102
38 81 20113
38 82 18324
38 83 43723
38 84 81293
38 85 96883
38 86 52153
38 87 25234
38 88 38805
38 89 39306
38 90 54395
38 91 4383
38 92 47120
38 93 3585
38 94 1332
38 95 13510
38 96 23617
38 97 97992
38 98 92371
38 99 97730
38 100 95724
38 101 91110
38 102 83063
38 103 18766
38 104 25091
38 105 24194
38 106 53670
38 107 35319
38 108 79204
38 109 55236
38 110 20370
38 111 93195
38 112 67064
38 113 72344
38 114 37585
38 115 3235
38 116 58545
38 117 89399
38 118 13976
38 119 82011
39 40 86625
39 41 44047
39 42 69033
39 43 72829
39 44 42948
39 45 22699
39 46 83932
39 47 88397
39 48 24461
39 49 60624
39 50 14502
39 51 6862
39 52 7826
39 53 41370
39 54 2401
39 55 30069
39 56 23072
39 57 93068
39 58 6421
39 59 32216
39 60 83464
39 61 64358
39 62 98268
39 63 50120
39 64 91579
39 65 78732
39 66 9520
39 67 84582
39 68 32581
39 69 35940
39 70 30281
39 71 91647
39 72 69160
39 73 16655
39 74 69186
39 75 14550
39 76 8817
39 77 55653
39 78 96656
39 79 98320
39 80 396
39 81 94745
39 82 18489
39 83 4463
39 84 76784
39 85 11152
39 86 19592
39 87 60059
39 88 64272
39 89 14807
39 90 36923
39 91 71642
39 92 53838
39 93 14344
39 94 13227
39 95 42075
39 96 47879
39 97 99443
39 98 51466
39 99 31970
39 100 93999
39 101 13829
39 102 65153
39 103 47493
39 104 87738
39 105 79825
39 106 99283
39 107 95172
39 108 79933
39 109 73210
39 110 62041
39 111 52646
39 112 7225
39 113 94546
39 114 2536
39 115 37071
39 116 39432
39 117 14806
39 118 21244
39 119 16489
40 41 40224
40 42 77320
40 43 70952
40 44 15974
40 45 68331
40 46 77033
40 47 20769
40 48 30381
40 49 57742
40 50 99477
40 51 4862
40 52 51777
40 53 4713
40 54 37967
40 55 70644
40 56 15690
40 57 32295
40 58 44059
40 59 56507
40 60 1707
40 61 1563
40 62 31958
40 63 34022
40 64 43478
40 65 97322
40 66 80263
40 67 50306
40 68 61765
40 69 4214
40 70 52076
40 71 75208
40 72 85982
40 73 35366
40 74 61863
40 75 40894
40 76 93751
40 77 27801
40 78 59323
40 79 24020
40 80 48732
40 81 83168
40 82 46464
40 83 59572
40 84 96593
40 85 15722
40 86 90733
40 87 21351
40 88 39676
40 89 37554
40 90 63167
40 91 35140
40 92 33304
40 93 69535
40 94 88757
40 95 1735
40 96 9805
40 97 39697
40 98 59185
40 99 77044
40 100 76072
40 101 67583
40 102 12100
40 103 94033
40 104 40036
40 105 12388
40 106 87165
40 107 96211
40 108 37155
40 109 35110
40 110 33224
40 111 6562
40 112 41058
40 113 95698
40 114 91082
40 115 64451
40 116 49976
40 117 67461
40 118 87073
40 119 75183
41 42 74825
41 43 48871
41 44 27202
41 45 19789
41 46 59680
41 47 3809
41 48 54358
41 49 75741
41 50 13609
41 51 16828
41 52 71380
41 53 8067
41 54 97158
41 55 40021
41 56 10706
41 57 32616
41 58 51717
41 59 69329
41 60 50297
41 61 14102
41 62 34424
41 63 14810
41 64 27181
41 65 13404
41 66 88337
41 67 92766
41 68 79990
41 69 3965
41 70 18667
41 71 87441
41 72 75489
41 73 22410
41 74 4859
41 75 18581
41 76 40942
41 77 51417
41 78 78923
41 79 57698
41 80 70930
41 81 8402
41 82 38920
41 83 35630
41 84 85312
41 85 89718
41 86 8806
41 87 94989
41 88 82694
41 89 90995
41 90 88142
41 91 1039
41 92 2192
41 93 63691
41 94 28601
41 95 70814
41 96 17814
41 97 65198
41 98 37604
41 99 26215
41 100 6594
41 101 92279
41 102 95024
41 103 73570
41 104 18618
41 105 43889
41 106 95920
41 107 96552
41 108 80251
41 109 8786
41 110 30382
41 111 97512
41 112 22705
41 113 28578
41 114 20690
41 115 73680
41 116 21357
41 117 6907
41 118 38326
41 119 47100
42 43 82409
42 44 39391
42 45 88833
42 46 8958
42 47 59653
42 48 51689
42 49 49784
42 50 75858
42 51 23242
42 52 97402
42 53 99028
42 54 74998
42 55 88911
42 56 63452
42 57 27709
42 58 55801
42 59 79028
42 60 79640
42 61 24766
42 62 40469
42 63 22136
42 64 4881
42 65 69256
42 66 63116
42 67 70777
42 68 14056
42 69 63854
42 70 98521
42 71 731
42 72 1806
42 73 22486
42 74 1110
42 75 96194
42 76 60437
42 77 67755
42 78 16420
42 79 21435
42 80 96535
42 81 58405
42 82 87515
42 83 27859
42 84 35326
42 85 3494
42 86 30217
42 87 82394
42 88 41431
42 89 90326
42 90 56724
42 91 5636
42 92 51475
42 93 94939
42 94 15673
42 95 17378
42 96 68947
42 97 543
42 98 52216
42 99 95237
42 100 55957
42 101 32206
42 102 14623
42 103 53939
42 104 72938
42 105 31404
42 106 2149
42 107 10755
42 108 43060
42 109 79601
42 110 27823
42 111 25912
42 112 58600
42 113 42123
42 114 1929
42 115 11768
42 116 62706
42 117 72468
42 118 5898
42 119 24775
43 44 66558
43 45 22504
43 46 74007
43 47 76807
43 48 87899
43 49 2683
43 50 44355
43 51 6224
43 52 12999
43 53 556
43 54 60450
43 55 46456
43 56 43748
43 57 21487
43 58 79264
43 59 37974
43 60 87925
43 61 3364
43 62 92578
43 63 50780
43 64 54584
43 65 61010
43 66 59514
43 67 81789
43 68 87039
43 69 265
43 70 39444
43 71 69436
43 72 52974
43 73 13806
43 74 75628
43 75 61469
43 76 11816
43 77 45148
43 78 33187
43 79 21873
43 80 89849
43 81 14867
43 82 69819
43 83 56369
43 84 43180
43 85 60792
43 86 42589
43 87 58880
43 88 14209
43 89 21877
43 90 85516
43 91 17020
43 92 75876
43 93 68077
43 94 20574
43 95 29774
43 96 93394
43 97 93214
43 98 67863
43 99 80091
43 100 19096
43 101 98224
43 102 22571
43 103 15858
43 104 79210
43 105 59527
43 106 9533
43 107 85822
43 108 71167
43 109 18178
43 110 88703
43 111 42819
43 112 85205
43 113 85201
43 114 51115
43 115 24872
43 116 45737
43 117 7439
43 118 16979
43 119 15377
44 45 3713
44 46 66754
44 47 38504
44 48 8626
44 49 28503
44 50 99467
44 51 91914
44 52 38367
44 53 84306
44 54 81697
44 55 39020
44 56 30477
44 57 17344
44 58 98111
44 59 281
44 60 25310
44 61 32789
44 62 27724
44 63 45674
44 64 42719
44 65 3354
44 66 6957
44 67 61675
44 68 70461
44 69 59113
44 70 75005
44 71 42277
44 72 20234
44 73 296
44 74 38319
44 75 19221
44 76 95858
44 77 49729
44 78 94879
44 79 69880
44 80 97106
44 81 27436
44 82 35347
44 83 13568
44 84 88361
44 85 26852
44 86 19653
44 87 89584
44 88 98826
44 89 41579
44 90 38620
44 91 20507
44 92 89385
44 93 31998
44 94 85138
44 95 34005
44 96 92997
44 97 21046
44 98 58599
44 99 33703
44 100 33687
44 101 10872
44 102 92582
44 103 35268
44 104 1660
44 105 93241
44 106 85441
44 107 90116
44 108 72200
44 109 37938
44 110 95545
44 111 18757
44 112 24356
44 113 15781
44 114 10930
44 115 12188
44 116 42772
44 117 30281
44 118 92243
44 119 62735
45 46 65270
45 47 29319
45 48 45075
45 49 24838
45 50 49644
45 51 4350
45 52 59581
45 53 90421
45 54 19810
45 55 86392
45 56 59366
45 57 19975
45 58 36673
45 59 89346
45 60 1465
45 61 71412
45 62 95328
45 63 52143
45 64 91339
45 65 47887
45 66 81208
45 67 80917
45 68 47801
45 69 86404
45 70 48979
45 71 14978
45 72 30214
45 73 57053
45 74 34282
45 75 88775
45 76 46696
45 77 77706
45 78 77518
45 79 39954
45 80 72787
45 81 21772
45 82 5438
45 83 97970
45 84 63271
45 85 88936
45 86 2083
45 87 49503
45 88 58020
45 89 24890
45 90 31121
45 91 81465
45 92 63729
45 93 38554
45 94 23887
45 95 71340
45 96 99588
45 97 42728
45 98 40523
45 99 60644
45 100 18906
45 101 37187
45 102 57076
45 103 46739
45 104 94005
45 105 5617
45 106 38573
45 107 94398
45 108 3131
45 109 39798
45 110 30528
45 111 10428
45 112 49627
45 113 68767
45 114 64989
45 115 90270
45 116 67480
45 117 15389
45 118 88663
45 119 76542
46 47 42203
46 48 8211
46 49 70880
46 50 50577
46 51 8504
46 52 43918
46 53 59767
46 54 26693
46 55 4509
46 56 91310
46 57 6023
46 58 45886
46 59 27159
46 60 68861
46 61 76180
46 62 42749
46 63 43623
46 64 25865
46 65 22142
46 66 75619
46 67 29272
46 68 37187
46 69 71713
46 70 78891
46 71 75831
46 72 76998
46 73 75631
46 74 88970
46 75 54850
46 76 37139
46 77 80145
46 78 85761
46 79 11101
46 80 97932
46 81 60743
46 82 60368
46 83 53214
46 84 55192
46 85 32023
46 86 76966
46 87 30344
46 88 56766
46 89 77476
46 90 46448
46 91 23320
46 92 54964
46 93 36633
46 94 56366
46 95 16244
46 96 94839
46 97 54745
46 98 69672
46 99 52895
46 100 65949
46 101 59289
46 102 11841
46 103 45616
46 104 95477
46 105 24363
46 106 1004
46 107 50729
46 108 52259
46 109 78057
46 110 20345
46 111 3132
46 112 54238
46 113 44908
46 114 18243
46 115 81442
46 116 55286
46 117 97921
46 118 36177
46 119 85795
47 48 77893
47 49 57829
47 50 72653
47 51 27776
47 52 20658
47 53 44779
47 54 58571
47 55 87666
47 56 41390
47 57 99094
47 58 53386
47 59 12314
47 60 92262
47 61 19043
47 62 65177
47 63 6674
47 64 2528
47 65 28672
47 66 5973
47 67 78374
47 68 97972
47 69 21898
47 70 32542
47 71 62590
47 72 25833
47 73 2791
47 74 19567
47 75 7819
47 76 7654
47 77 64439
47 78 62902
47 79 79671
47 80 43725
47 81 94446
47 82 43330
47 83 43848
47 84 70300
47 85 5257
47 86 27776
47 87 12800
47 88 87571
47 89 22981
47 90 76885
47 91 88450
47 92 8928
47 93 89022
47 94 30135
47 95 38165
47 96 98641
47 97 29426
47 98 13861
47 99 371
47 100 25827
47 101 93354
47 102 60685
47 103 84439
47 104 15107
47 105 20923
47 106 13702
47 107 63751
47 108 6817
47 109 78752
47 110 75844
47 111 3883
47 112 21474
47 113 24129
47 114 54346
47 115 96515
47 116 30983
47 117 74072
47 118 5416
47 119 60119
48 49 51779
48 50 96492
48 51 15020
48 52 89787
48 53 99338
48 54 35591
48 55 54019
48 56 40151
48 57 70237
48 58 63506
48 59 20159
48 60 45941
48 61 60718
48 62 36586
48 63 29265
48 64 17703
48 65 96626
48 66 78950
48 67 20001
48 68 82960
48 69 33115
48 70 49996
48 71 89839
48 72 9803
48 73 7680
48 74 25402
48 75 64767
48 76 28146
48 77 31887
48 78 23815
48 79 13862
48 80 95489
48 81 78525
48 82 72978
48 83 83259
48 84 7832
48 85 93133
48 86 27863
48 87 10331
48 88 35537
48 89 3723
48 90 36533
48 91 39571
48 92 5953
48 93 20180
48 94 6816
48 95 77898
48 96 79806
48 97 15972
48 98 8925
48 99 21603
48 100 96440
48 101 7201
48 102 86656
48 103 60103
48 104 17447
48 105 12507
48 106 69954
48 107 76046
48 108 49098
48 109 53138
48 110 36699
48 111 25345
48 112 26081
48 113 55670
48 114 9634
48 115 36675
48 116 5909
48 117 59077
48 118 54597
48 119 7190
49 50 47477
49 51 64862
49 52 82881
49 53 44601
49 54 8509
49 55 77799
49 56 33887
49 57 71263
49 58 96876
49 59 53379
49 60 95869
49 61 47686
49 62 18876
49 63 69372
49 64 85934
49 65 80524
49 66 46764
49 67 99445
49 68 95344
49 69 25028
49 70 70094
49 71 77616
49 72 88886
49 73 11091
49 74 26900
49 75 41771
49 76 59803
49 77 13602
49 78 56903
49 79 5179
49 80 47810
49 81 6932
49 82 85208
49 83 34908
49 84 98375
49 85 40242
49 86 4143
49 87 26478
49 88 99688
49 89 95984
49 90 33494
49 91 38413
49 92 33837
49 93 22616
49 94 58679
49 95 69377
49 96 29831
49 97 35157
49 98 23941
49 99 88973
49 100 76283
49 101 49536
49 102 91678
49 103 78898
49 104 14983
49 105 9951
49 106 83475
49 107 16410
49 108 41248
49 109 75267
49 110 20057
49 111 62388
49 112 445
49 113 58383
49 114 84370
49 115 7897
49 116 32334
49 117 50552
49 118 22623
49 119 92450
50 51 78229
50 52 38334
50 53 40708
50 54 25144
50 55 78188
50 56 85610
50 57 91147
50 58 97258
50 59 57793
50 60 27275
50 61 41350
50 62 44927
50 63 8305
50 64 54929
50 65 46995
50 66 62290
50 67 12680
50 68 25588
50 69 61576
50 70 36711
50 71 20528
50 72 70000
50 73 31935
50 74 53679
50 75 38142
50 76 87287
50 77 8089
50 78 95358
50 79 25142
50 80 53106
50 81 48791
50 82 34255
50 83 56741
50 84 71120
50 85 62620
50 86 23552
50 87 67909
50 88 57986
50 89 93162
50 90 54742
50 91 4483
50 92 81542
50 93 31223
50 94 11874
50 95 62042
50 96 20792
50 97 37362
50 98 12558
50 99 5702
50 100 72222
50 101 51191
50 102 2692
50 103 91441
50 104 40268
50 105 86925
50 106 49274
50 107 34114
50 108 10754
50 109 26970
50 110 37906
50 111 1176
50 112 51764
50 113 27553
50 114 56499
50 115 89440
50 116 72635
50 117 37864
50 118 82151
50 119 9052
51 52 81129
51 53 59316
51 54 63970
51 55 41178
51 56 72123
51 57 63522
51 58 60215
51 59 97620
51 60 84861
51 61 29786
51 62 61221
51 63 85138
51 64 58714
51 65 90095
51 66 5239
51 67 59790
51 68 95136
51 69 80550
51 70 93448
51 71 64786
51 72 38656
51 73 54671
51 74 11489
51 75 8401
51 76 89764
51 77 47761
51 78 96994
51 79 94840
51 80 59750
51 81 3197
51 82 36034
51 83 69884
51 84 5910
51 85 29764
51 86 74274
51 87 32211
51 88 91480
51 89 27155
51 90 2675
51 91 18807
51 92 59957
51 93 63317
51 94 42237
51 95 11709
51 96 21853
51 97 53928
51 98 67912
51 99 16706
51 100 26449
51 101 50131
51 102 30892
51 103 50609
51 104 3411
51 105 33983
51 106 6016
51 107 67796
51 108 67090
51 109 72125
51 110 27437
51 111 37572
51 112 9925
51 113 80104
51 114 55626
51 115 23613
51 116 4175
51 117 93605
51 118 50822
51 119 3927
52 53 4720
52 54 89424
52 55 27305
52 56 27811
52 57 33041
52 58 8442
52 59 28317
52 60 27382
52 61 12882
52 62 8787
52 63 9537
52 64 3572
52 65 86978
52 66 67793
52 67 72071
52 68 8218
52 69 9786
52 70 33366
52 71 76889
52 72 47880
52 73 49995
52 74 23559
52 75 79243
52 76 42183
52 77 54558
52 78 8773
52 79 19755
52 80 89283
52 81 90934
52 82 50342
52 83 20883
52 84 48784
52 85 75650
52 86 60216
52 87 16785
52 88 43984
52 89 81190
52 90 24512
52 91 70483
52 92 45898
52 93 16354
52 94 86915
52 95 83399
52 96 93829
52 97 1748
52 98 29523
52 99 9845
52 100 15631
52 101 78268
52 102 12240
52 103 16788
52 104 5254
52 105 8992
52 106 43175
52 107 45653
52 108 31809
52 109 22299
52 110 13108
52 111 74401
52 112 45525
52 113 80728
52 114 10529
52 115 87261
52 116 55444
52 117 63765
52 118 16511
52 119 51785
53 54 10646
53 55 53629
53 56 49269
53 57 34037
53 58 29029
53 59 22712
53 60 30136
53 61 69267
53 62 93017
53 63 13422
53 64 41780
53 65 28741
53 66 8785
53 67 34444
53 68 14710
53 69 74100
53 70 56453
53 71 11880
53 72 14513
53 73 14438
53 74 92980
53 75 66600
53 76 25545
53 77 65604
53 78 3878
53 79 17502
53 80 77722
53 81 87347
53 82 89555
53 83 14862
53 84 56364
53 85 42387
53 86 59645
53 87 9139
53 88 88977
53 89 58715
53 90 55151
53 91 47204
53 92 30005
53 93 99598
53 94 10855
53 95 96646
53 96 56370
53 97 47128
53 98 73025
53 99 42069
53 100 86031
53 101 1774
53 102 1072
53 103 81854
53 104 1918
53 105 2110
53 106 35123
53 107 55390
53 108 50480
53 109 74912
53 110 44868
53 111 51033
53 112 16291
53 113 12262
53 114 94836
53 115 77008
53 116 14514
53 117 68611
53 118 49190
53 119 60905
54 55 61692
54 56 34654
54 57 31047
54 58 7252
54 59 98774
54 60 83462
54 61 7704
54 62 99356
54 63 14725
54 64 78431
54 65 91727
54 66 140
54 67 44927
54 68 24960
54 69 19802
54 70 7855
54 71 99272
54 72 33539
54 73 2046
54 74 89744
54 75 20964
54 76 46225
54 77 45738
54 78 5568
54 79 26086
54 80 21830
54 81 89674
54 82 28073
54 83 85554
54 84 3149
54 85 85323
54 86 81689
54 87 3521
54 88 56015
54 89 68733
54 90 71180
54 91 225
54 92 80984
54 93 63570
54 94 30572
54 95 18278
54 96 29147
54 97 41943
54 98 1608
54 99 2701
54 100 19578
54 101 94263
54 102 65394
54 103 95209
54 104 63553
54 105 35793
54 106 25735
54 107 65238
54 108 72385
54 109 45084
54 110 20941
54 111 91893
54 112 15243
54 113 5456
54 114 53288
54 115 3495
54 116 78347
54 117 62320
54 118 48148
54 119 41577
55 56 72470
55 57 33882
55 58 33760
55 59 33437
55 60 39031
55 61 32555
55 62 70286
55 63 77500
55 64 16435
55 65 16699
55 66 35984
55 67 56346
55 68 53873
55 69 8218
55 70 91013
55 71 86276
55 72 28460
55 73 63159
55 74 92008
55 75 55929
55 76 38875
55 77 86854
55 78 58995
55 79 28136
55 80 7954
55 81 81571
55 82 91198
55 83 89755
55 84 64637
55 85 68825
55 86 97520
55 87 70990
55 88 72465
55 89 62439
55 90 4647
55 91 83600
55 92 99733
55 93 55699
55 94 48721
55 95 35622
55 96 19723
55 97 35822
55 98 22388
55 99 10501
55 100 21647
55 101 94879
55 102 85624
55 103 3302
55 104 69074
55 105 20752
55 106 66844
55 107 9920
55 108 66646
55 109 58122
55 110 42860
55 111 19772
55 112 25565
55 113 83535
55 114 28642
55 115 5490
55 116 12484
55 117 55960
55 118 31003
55 119 84992
56 57 52129
56 58 94963
56 59 45286
56 60 98906
56 61 69764
56 62 14565
56 63 75528
56 64 70727
56 65 20680
56 66 36035
56 67 43163
56 68 56199
56 69 24015
56 70 66996
56 71 36635
56 72 25618
56 73 4088
56 74 4780
56 75 52407
56 76 78150
56 77 21056
56 78 54666
56 79 17642
56 80 93634
56 81 84858
56 82 56001
56 83 52598
56 84 80051
56 85 1899
56 86 67755
56 87 25523
56 88 20011
56 89 30083
56 90 89881
56 91 22937
56 92 13027
56 93 87185
56 94 10650
56 95 66362
56 96 82895
56 97 34813
56 98 87825
56 99 49286
56 100 29354
56 101 23986
56 102 94740
56 103 74466
56 104 14780
56 105 39344
56 106 8855
56 107 66724
56 108 47502
56 109 16822
56 110 71307
56 111 45142
56 112 31047
56 113 28712
56 114 33981
56 115 20776
56 116 43208
56 117 91960
56 118 58666
56 119 85391
57 58 70574
57 59 36012
57 60 69705
57 61 41663
57 62 12236
57 63 22109
57 64 26577
57 65 26356
57 66 14266
57 67 88562
57 68 47256
57 69 9716
57 70 953
57 71 8462
57 72 80732
57 73 96509
57 74 58522
57 75 25486
57 76 38651
57 77 93318
57 78 83549
57 79 62009
57 80 68028
57 81 64611
57 82 36251
57 83 3992
57 84 88131
57 85 89748
57 86 76498
57 87 3337
57 88 74616
57 89 4336
57 90 15490
57 91 76595
57 92 6362
57 93 65215
57 94 68341
57 95 97153
57 96 38522
57 97 79543
57 98 61549
57 99 32202
57 100 12698
57 101 65586
57 102 88020
57 103 16422
57 104 51832
57 105 88691
57 106 98963
57 107 50140
57 108 84656
57 109 74161
57 110 49852
57 111 58477
57 112 92833
57 113 81557
57 114 88176
57 115 61471
57 116 35490
57 117 72323
57 118 59789
57 119 28275
58 59 69757
58 60 93322
58 61 64803
58 62 96014
58 63 80643
58 64 82402
58 65 26553
58 66 49727
58 67 4896
58 68 43526
58 69 26914
58 70 29945
58 71 63860
58 72 5453
58 73 44912
58 74 94928
58 75 64387
58 76 29855
58 77 52361
58 78 53362
58 79 28972
58 80 48670
58 81 49024
58 82 73890
58 83 19090
58 84 31388
58 85 16322
58 86 33609
58 87 22461
58 88 5770
58 89 21023
58 90 89502
58 91 62935
58 92 66823
58 93 62024
58 94 64668
58 95 99168
58 96 511
58 97 567
58 98 94697
58 99 22542
58 100 160
58 101 83100
58 102 44493
58 103 77465
58 104 1869
58 105 31166
58 106 33173
58 107 38324
58 108 25645
58 109 64566
58 110 85626
58 111 21765
58 112 65865
58 113 47349
58 114 65500
58 115 60193
58 116 20225
58 117 8845
58 118 23987
58 119 26018
59 60 87733
59 61 22362
59 62 72119
59 63 69514
59 64 41848
59 65 43545
59 66 57200
59 67 13271
59 68 31834
59 69 95233
59 70 29940
59 71 94768
59 72 7591
59 73 98127
59 74 60518
59 75 54991
59 76 70251
59 77 9190
59 78 96021
59 79 8627
59 80 38683
59 81 31682
59 82 22983
59 83 99102
59 84 91862
59 85 6008
59 86 46988
59 87 59651
59 88 3886
59 89 40818
59 90 35705
59 91 89299
59 92 71013
59 93 21479
59 94 47526
59 95 96901
59 96 86964
59 97 1852
59 98 91181
59 99 95641
59 100 85103
59 101 77895
59 102 79632
59 103 64234
59 104 88897
59 105 12850
59 106 33603
59 107 6407
59 108 77777
59 109 52572
59 110 29522
59 111 15799
59 112 69741
59 113 96041
59 114 30859
59 115 7212
59 116 79005
59 117 45795
59 118 36741
59 119 89905
60 61 62579
60 62 94450
60 63 53145
60 64 63007
60 65 48283
60 66 1272
60 67 72952
60 68 3535
60 69 90306
60 70 25081
60 71 36819
60 72 26751
60 73 18969
60 74 42980
60 75 25353
60 76 71820
60 77 85531
60 78 8383
60 79 86780
60 80 30389
60 81 24192
60 82 74973
60 83 80741
60 84 65046
60 85 87253
60 86 47829
60 87 70462
60 88 21742
60 89 52086
60 90 17565
60 91 23728
60 92 68380
60 93 34750
60 94 10827
60 95 92058
60 96 81697
60 97 63451
60 98 82214
60 99 96705
60 100 932
60 101 56034
60 102 88365
60 103 95066
60 104 48959
60 105 60131
60 106 45660
60 107 77181
60 108 25945
60 109 14166
60 110 55995
60 111 31648
60 112 81697
60 113 35964
60 114 58351
60 115 45580
60 116 10913
60 117 29998
60 118 24478
60 119 69279
61 62 94582
61 63 52615
61 64 33213
61 65 74135
61 66 22647
61 67 42929
61 68 58879
61 69 1013
61 70 24071
61 71 46251
61 72 30127
61 73 39980
61 74 82352
61 75 23454
61 76 54210
61 77 51514
61 78 84278
61 79 81227
61 80 31616
61 81 99233
61 82 73552
61 83 10260
61 84 1769
61 85 72241
61 86 26220
61 87 16876
61 88 74328
61 89 47125
61 90 47224
61 91 34244
61 92 72601
61 93 53685
61 94 40893
61 95 97012
61 96 14882
61 97 67998
61 98 97788
61 99 58806
61 100 8483
61 101 15476
61 102 57622
61 103 72322
61 104 24672
61 105 29135
61 106 53014
61 107 2369
61 108 47630
61 109 74111
61 110 88080
61 111 86458
61 112 42008
61 113 77646
61 114 934
61 115 39102
61 116 9684
61 117 47202
61 118 10621
61 119 71676
62 63 40902
62 64 64723
62 65 45724
62 66 23179
62 67 50917
62 68 41100
62 69 91277
62 70 57117
62 71 20526
62 72 35752
62 73 48184
62 74 60310
62 75 13373
62 76 69746
62 77 53469
62 78 4815
62 79 35942
62 80 79294
62 81 61149
62 82 23954
62 83 54868
62 84 59646
62 85 56635
62 86 39662
62 87 85844
62 88 3664
62 89 82501
62 90 5303
62 91 9066
62 92 32107
62 93 45715
62 94 85902
62 95 76350
62 96 10840
62 97 24583
62 98 71869
62 99 66423
62 100 42509
62 101 97070
62 102 26036
62 103 5842
62 104 80874
62 105 313
62 106 45822
62 107 30005
62 108 93540
62 109 51682
62 110 54032
62 111 91814
62 112 6293
62 113 8860
62 114 41649
62 115 50321
62 116 81740
62 117 16716
62 118 49963
62 119 99039
63 64 17005
63 65 48302
63 66 19515
63 67 63998
63 68 28004
63 69 4783
63 70 7845
63 71 89522
63 72 46019
63 73 95440
63 74 28673
63 75 36282
63 76 7560
63 77 15348
63 78 12118
63 79 54806
63 80 4785
63 81 84241
63 82 8361
63 83 88678
63 84 12337
63 85 57576
63 86 92241
63 87 99937
63 88 32583
63 89 74677
63 90 96667
63 91 77007
63 92 15999
63 93 37345
63 94 70028
63 95 14611
63 96 85077
63 97 47494
63 98 81375
63 99 3692
63 100 78533
63 101 50128
63 102 41286
63 103 11294
63 104 20658
63 105 53682
63 106 53051
63 107 58635
63 108 57122
63 109 66395
63 110 18240
63 111 87127
63 112 7
63 113 26769
63 114 25429
63 115 94995
63 116 1367
63 117 41520
63 118 66470
63 119 58831
64 65 45733
64 66 2048
64 67 23614
64 68 34673
64 69 22945
64 70 14674
64 71 88817
64 72 52054
64 73 86619
64 74 80627
64 75 43585
64 76 59730
64 77 92878
64 78 78027
64 79 57788
64 80 63621
64 81 68448
64 82 49884
64 83 42214
64 84 44701
64 85 93654
64 86 36635
64 87 98907
64 88 268
64 89 52612
64 90 43869
64 91 7592
64 92 94730
64 93 53257
64 94 22659
64 95 96989
64 96 37445
64 97 57387
64 98 19786
64 99 71275
64 100 55704
64 101 22975
64 102 79340
64 103 91080
64 104 62502
64 105 75484
64 106 16415
64 107 1027
64 108 60036
64 109 55357
64 110 8623
64 111 35474
64 112 55084
64 113 54561
64 114 8804
64 115 86791
64 116 76848
64 117 62254
64 118 3043
64 119 17210
65 66 75310
65 67 19969
65 68 37574
65 69 17610
65 70 51301
65 71 91704
65 72 33186
65 73 11226
65 74 3866
65 75 79473
65 76 15989
65 77 13690
65 78 62693
65 79 27693
65 80 12783
65 81 58972
65 82 70782
65 83 86952
65 84 44836
65 85 99081
65 86 77768
65 87 54467
65 88 92327
65 89 32143
65 90 44689
65 91 42380
65 92 20611
65 93 7337
65 94 39842
65 95 91929
65 96 69632
65 97 86445
65 98 53111
65 99 70141
65 100 16590
65 101 37366
65 102 59127
65 103 30264
65 104 41524
65 105 45429
65 106 95850
65 107 9533
65 108 61753
65 109 58050
65 110 95612
65 111 6609
65 112 73846
65 113 76374
65 114 51468
65 115 8683
65 116 53006
65 117 56733
65 118 30608
65 119 86045
66 67 82525
66 68 46307
66 69 49183
66 70 58138
66 71 6450
66 72 10526
66 73 10517
66 74 27542
66 75 37432
66 76 41935
66 77 14435
66 78 15615
66 79 44985
66 80 83299
66 81 46043
66 82 74262
66 83 80685
66 84 30269
66 85 36155
66 86 89890
66 87 66299
66 88 30654
66 89 32735
66 90 56754
66 91 94130
66 92 66947
66 93 13285
66 94 14422
66 95 14182
66 96 94291
66 97 62125
66 98 44758
66 99 13481
66 100 280
66 101 72216
66 102 77664
66 103 63421
66 104 65372
66 105 53975
66 106 22265
66 107 34010
66 108 83201
66 109 45023
66 110 76847
66 111 42275
66 112 55628
66 113 37541
66 114 41359
66 115 59715
66 116 19764
66 117 60223
66 118 205
66 119 82315
67 68 77121
67 69 51574
67 70 4691
67 71 71187
67 72 82643
67 73 97900
67 74 6031
67 75 45817
67 76 1905
67 77 20764
67 78 32924
67 79 7925
67 80 49336
67 81 95512
67 82 8719
67 83 40168
67 84 42975
67 85 10635
67 86 59504
67 87 94420
67 88 65804
67 89 22532
67 90 53634
67 91 91396
67 92 7662
67 93 58847
67 94 40936
67 95 29485
67 96 6612
67 97 60980
67 98 48582
67 99 47104
67 100 53154
67 101 75795
67 102 65878
67 103 65978
67 104 62770
67 105 55466
67 106 96290
67 107 3244
67 108 23953
67 109 17249
67 110 42378
67 111 78194
67 112 67438
67 113 43856
67 114 12962
67 115 67883
67 116 787
67 117 52539
67 118 78911
67 119 71851
68 69 70317
68 70 52260
68 71 88713
68 72 49106
68 73 92505
68 74 42105
68 75 27762
68 76 80542
68 77 38182
68 78 53310
68 79 299
68 80 47360
68 81 68729
68 82 2734
68 83 72284
68 84 9999
68 85 66363
68 86 9391
68 87 26118
68 88 93000
68 89 20455
68 90 10687
68 91 40683
68 92 93841
68 93 51118
68 94 96878
68 95 46907
68 96 87014
68 97 32545
68 98 540
68 99 74459
68 100 99196
68 101 41094
68 102 25657
68 103 10667
68 104 94358
68 105 18699
68 106 59918
68 107 23599
68 108 204
68 109 55910
68 110 97397
68 111 23195
68 112 98173
68 113 8710
68 114 20530
68 115 72705
68 116 63527
68 117 46214
68 118 36742
68 119 47539
69 70 63076
69 71 63096
69 72 44439
69 73 84963
69 74 9093
69 75 89554
69 76 614
69 77 24829
69 78 51399
69 79 62298
69 80 73302
69 81 17658
69 82 92945
69 83 25216
69 84 92428
69 85 21524
69 86 46872
69 87 76404
69 88 44754
69 89 17440
69 90 27061
69 91 69064
69 92 67366
69 93 53852
69 94 48457
69 95 55402
69 96 19871
69 97 50873
69 98 93440
69 99 20929
69 100 93998
69 101 68838
69 102 81253
69 103 74172
69 104 95833
69 105 31543
69 106 41838
69 107 48054
69 108 61632
69 109 74909
69 110 64536
69 111 44607
69 112 33125
69 113 92788
69 114 66591
69 115 66519
69 116 80874
69 117 37862
69 118 87762
69 119 19500
70 71 89159
70 72 65329
70 73 16310
70 74 20812
70 75 55955
70 76 41129
70 77 75196
70 78 72503
70 79 14341
70 80 73025
70 81 41677
70 82 56043
70 83 84198
70 84 32669
70 85 71818
70 86 29756
70 87 89300
70 88 21738
70 89 51245
70 90 36927
70 91 50155
70 92 79074
70 93 38949
70 94 78770
70 95 35120
70 96 98691
70 97 52809
70 98 32931
70 99 56846
70 100 65155
70 101 69363
70 102 49257
70 103 66736
70 104 33260
70 105 92134
70 106 76243
70 107 23433
70 108 8930
70 109 76470
70 110 58420
70 111 44962
70 112 29215
70 113 61196
70 114 83916
70 115 39964
70 116 51632
70 117 89725
70 118 27609
70 119 36860
71 72 39615
71 73 10153
71 74 71224
71 75 55950
71 76 29362
71 77 75085
71 78 1753
71 79 48863
71 80 98418
71 81 87607
71 82 98608
71 83 68395
71 84 18826
71 85 99314
71 86 35719
71 87 38621
71 88 44583
71 89 71439
71 90 1299
71 91 36808
71 92 43718
71 93 58587
71 94 89663
71 95 45766
71 96 11750
71 97 13731
71 98 84978
71 99 7091
71 100 90900
71 101 33531
71 102 38653
71 103 69078
71 104 49893
71 105 3409
71 106 78491
71 107 50025
71 108 1474
71 109 85521
71 110 52645
71 111 46345
71 112 63556
71 113 93392
71 114 72693
71 115 57273
71 116 6834
71 117 96321
71 118 94304
71 119 26305
72 73 51848
72 74 53402
72 75 46768
72 76 73484
72 77 57784
72 78 57272
72 79 84770
72 80 53122
72 81 67284
72 82 10739
72 83 28809
72 84 90835
72 85 96862
72 86 63021
72 87 60252
72 88 98004
72 89 7558
72 90 797
72 91 67951
72 92 20497
72 93 90461
72 94 28784
72 95 91373
72 96 47799
72 97 88841
72 98 32289
72 99 90896
72 100 99294
72 101 92085
72 102 38000
72 103 88914
72 104 28245
72 105 25600
72 106 2033
72 107 79606
72 108 9239
72 109 72317
72 110 30736
72 111 51619
72 112 51095
72 113 665
72 114 86498
72 115 61847
72 116 45010
72 117 64372
72 118 69970
72 119 65756
73 74 40736
73 75 96199
73 76 20181
73 77 42071
73 78 45227
73 79 4103
73 80 74560
73 81 36094
73 82 56578
73 83 50842
73 84 48557
73 85 48480
73 86 34905
73 87 6601
73 88 84837
73 89 1686
73 90 92642
73 91 12000
73 92 90831
73 93 41150
73 94 86674
73 95 41511
73 96 79959
73 97 79223
73 98 87605
73 99 48943
73 100 99702
73 101 74853
73 102 61642
73 103 83987
73 104 87881
73 105 23426
73 106 79250
73 107 15400
73 108 16225
73 109 8203
73 110 66039
73 111 36441
73 112 52489
73 113 3548
73 114 99742
73 115 1929
73 116 14275
73 117 73665
73 118 19455
73 119 51673
74 75 85949
74 76 67116
74 77 43447
74 78 12815
74 79 57967
74 80 84728
74 81 99276
74 82 59243
74 83 63818
74 84 88478
74 85 82714
74 86 90957
74 87 15614
74 88 68297
74 89 80325
74 90 75714
74 91 75539
74 92 89087
74 93 29842
74 94 3825
74 95 75007
74 96 63737
74 97 34358
74 98 69822
74 99 52284
74 100 5581
74 101 74050
74 102 95942
74 103 60257
74 104 83680
74 105 67089
74 106 74856
74 107 67847
74 108 18513
74 109 45510
74 110 2938
74 111 3292
74 112 961
74 113 7496
74 114 12687
74 115 3794
74 116 68286
74 117 31749
74 118 65693
74 119 99995
75 76 41951
75 77 68302
75 78 42407
75 79 86656
75 80 79261
75 81 80205
75 82 72071
75 83 47879
75 84 24186
75 85 71179
75 86 92689
75 87 8792
75 88 77811
75 89 20303
75 90 11013
75 91 93452
75 92 82999
75 93 44909
75 94 83957
75 95 8557
75 96 4719
75 97 36860
75 98 9616
75 99 64137
75 100 33267
75 101 90321
75 102 68833
75 103 39336
75 104 56366
75 105 5419
75 106 79965
75 107 31720
75 108 72694
75 109 54554
75 110 45209
75 111 23083
75 112 52868
75 113 82394
75 114 93066
75 115 98925
75 116 9949
75 117 60167
75 118 83913
75 119 57867
76 77 44089
76 78 46065
76 79 10725
76 80 33196
76 81 35479
76 82 61813
76 83 46185
76 84 31405
76 85 68830
76 86 77707
76 87 29446
76 88 92202
76 89 23352
76 90 8827
76 91 3441
76 92 75830
76 93 5290
76 94 94112
76 95 86003
76 96 90398
76 97 61945
76 98 24809
76 99 30086
76 100 18604
76 101 74432
76 102 58140
76 103 92630
76 104 85899
76 105 45154
76 106 17822
76 107 88818
76 108 16295
76 109 28480
76 110 3055
76 111 71942
76 112 11308
76 113 5540
76 114 39766
76 115 56477
76 116 98196
76 117 62532
76 118 3449
76 119 95297
77 78 79482
77 79 52551
77 80 82530
77 81 74242
77 82 54687
77 83 49669
77 84 25926
77 85 93144
77 86 19113
77 87 32076
77 88 48953
77 89 9180
77 90 35324
77 91 56034
77 92 29498
77 93 47295
77 94 10979
77 95 47561
77 96 95467
77 97 92475
77 98 14138
77 99 23569
77 100 51014
77 101 5552
77 102 3043
77 103 17160
77 104 62757
77 105 11907
77 106 68751
77 107 50478
77 108 3758
77 109 14255
77 110 40442
77 111 58888
77 112 66600
77 113 89334
77 114 46558
77 115 82717
77 116 63472
77 117 47042
77 118 77782
77 119 30978
78 79 27565
78 80 74359
78 81 56527
78 82 95692
78 83 29819
78 84 72429
78 85 81643
78 86 63812
78 87 10694
78 88 71500
78 89 18302
78 90 66910
78 91 4368
78 92 86510
78 93 72863
78 94 40080
78 95 45026
78 96 87827
78 97 78030
78 98 67413
78 99 84682
78 100 27475
78 101 4945
78 102 49354
78 103 7556
78 104 64405
78 105 72209
78 106 95637
78 107 41701
78 108 58671
78 109 96201
78 110 85184
78 111 97978
78 112 61216
78 113 45254
78 114 44476
78 115 22212
78 116 41992
78 117 49543
78 118 81604
78 119 90687
79 80 58959
79 81 3365
79 82 94018
79 83 25300
79 84 48208
79 85 66746
79 86 27371
79 87 44692
79 88 80873
79 89 36234
79 90 30918
79 91 51744
79 92 65142
79 93 3491
79 94 71566
79 95 99405
79 96 50279
79 97 69943
79 98 36581
79 99 16849
79 100 60444
79 101 9919
79 102 67815
79 103 57409
79 104 69759
79 105 18786
79 106 54958
79 107 92012
79 108 72290
79 109 7839
79 110 14487
79 111 18531
79 112 82224
79 113 19142
79 114 72174
79 115 76067
79 116 41679
79 117 5219
79 118 77613
79 119 68384
80 81 19264
80 82 33958
80 83 17309
80 84 92696
80 85 603
80 86 27126
80 87 66649
80 88 92485
80 89 79708
80 90 12642
80 91 2159
80 92 64553
80 93 58576
80 94 15761
80 95 6726
80 96 64374
80 97 30529
80 98 82997
80 99 89329
80 100 9171
80 101 96601
80 102 21213
80 103 92559
80 104 30326
80 105 47822
80 106 86077
80 107 80779
80 108 11119
80 109 26199
80 110 38561
80 111 23045
80 112 11095
80 113 79118
80 114 300
80 115 93145
80 116 45071
80 117 65853
80 118 32276
80 119 62835
81 82 42654
81 83 67049
81 84 7535
81 85 55783
81 86 71060
81 87 7432
81 88 72663
81 89 55973
81 90 97452
81 91 71172
81 92 56164
81 93 15222
81 94 83067
81 95 21922
81 96 44433
81 97 6362
81 98 6573
81 99 71126
81 100 95517
81 101 27764
81 102 20385
81 103 8883
81 104 98120
81 105 33655
81 106 66349
81 107 90505
81 108 2065
81 109 50223
81 110 33246
81 111 16552
81 112 13334
81 113 40337
81 114 97044
81 115 7775
81 116 70360
81 117 42969
81 118 27622
81 119 51317
82 83 46568
82 84 52064
82 85 48760
82 86 75037
82 87 12875
82 88 34193
82 89 2240
82 90 31217
82 91 33764
82 92 94096
82 93 33170
82 94 54132
82 95 31979
82 96 64301
82 97 60175
82 98 16295
82 99 90125
82 100 58564
82 101 2199
82 102 42147
82 103 63567
82 104 74188
82 105 42210
82 106 85858
82 107 19819
82 108 35284
82 109 59230
82 110 94554
82 111 63164
82 112 39136
82 113 77588
82 114 92202
82 115 17583
82 116 15777
82 117 28660
82 118 72993
82 119 57414
83 84 85849
83 85 30326
83 86 35365
83 87 40277
83 88 3588
83 89 9489
83 90 12704
83 91 84175
83 92 35039
83 93 39517
83 94 15324
83 95 52247
83 96 17125
83 97 57528
83 98 56671
83 99 16569
83 100 59534
83 101 9634
83 102 21926
83 103 39174
83 104 84088
83 105 73061
83 106 8718
83 107 47693
83 108 28310
83 109 94380
83 110 96640
83 111 3226
83 112 36229
83 113 1904
83 114 59038
83 115 61197
83 116 96836
83 117 27642
83 118 6127
83 119 70933
84 85 16251
84 86 36552
84 87 89650
84 88 44002
84 89 77217
84 90 38834
84 91 66950
84 92 88539
84 93 43703
84 94 82440
84 95 9402
84 96 59619
84 97 33284
84 98 78446
84 99 65557
84 100 66654
84 101 52154
84 102 25312
84 103 32259
84 104 59210
84 105 91733
84 106 97727
84 107 39533
84 108 62948
84 109 82155
84 110 54457
84 111 75048
84 112 19368
84 113 6185
84 114 6452
84 115 24990
84 116 13968
84 117 82536
84 118 40941
84 119 80259
85 86 65532
85 87 75464
85 88 36397
85 89 24175
85 90 67219
85 91 24399
85 92 53108
85 93 7018
85 94 54824
85 95 47637
85 96 26180
85 97 73483
85 98 89455
85 99 2174
85 100 79974
85 101 86752
85 102 51763
85 103 4036
85 104 32697
85 105 25283
85 106 12449
85 107 68131
85 108 47443
85 109 26951
85 110 15675
85 111 50244
85 112 40177
85 113 60637
85 114 15380
85 115 17284
85 116 57496
85 117 89175
85 118 83221
85 119 24517
86 87 87626
86 88 82165
86 89 52266
86 90 66884
86 91 38135
86 92 97517
86 93 35015
86 94 33155
86 95 83414
86 96 97153
86 97 80932
86 98 41251
86 99 47384
86 100 23553
86 101 82900
86 102 27182
86 103 50016
86 104 37481
86 105 39320
86 106 61162
86 107 84706
86 108 79205
86 109 63492
86 110 68006
86 111 83371
86 112 32591
86 113 68534
86 114 86819
86 115 72887
86 116 27421
86 117 54120
86 118 80418
86 119 52980
87 88 14566
87 89 2446
87 90 66785
87 91 67606
87 92 57642
87 93 87540
87 94 94477
87 95 18095
87 96 79407
87 97 84033
87 98 80597
87 99 33937
87 100 96950
87 101 15121
87 102 76977
87 103 981
87 104 8634
87 105 7077
87 106 4873
87 107 89155
87 108 72339
87 109 62567
87 110 4474
87 111 12804
87 112 57496
87 113 63695
87 114 85461
87 115 11485
87 116 48075
87 117 76443
87 118 85496
87 119 54447
88 89 40379
88 90 10515
88 91 22474
88 92 60803
88 93 13350
88 94 89479
88 95 89782
88 96 75508
88 97 82296
88 98 89453
88 99 12580
88 100 49283
88 101 68609
88 102 50898
88 103 67538
88 104 66212
88 105 81194
88 106 41591
88 107 90655
88 108 47427
88 109 12728
88 110 17026
88 111 22898
88 112 64661
88 113 33692
88 114 50474
88 115 58181
88 116 42000
88 117 31114
88 118 99008
88 119 19206
89 90 97254
89 91 60518
89 92 35153
89 93 19260
89 94 5099
89 95 90133
89 96 40209
89 97 1573
89 98 90460
89 99 28695
89 100 54274
89 101 73561
89 102 40263
89 103 97281
89 104 63569
89 105 10441
89 106 68361
89 107 54408
89 108 27799
89 109 19676
89 110 80575
89 111 66197
89 112 82279
89 113 33924
89 114 77808
89 115 97884
89 116 13209
89 117 50679
89 118 73539
89 119 54095
90 91 88103
90 92 25936
90 93 70676
90 94 54112
90 95 79527
90 96 6222
90 97 51892
90 98 87261
90 99 89807
90 100 62466
90 101 18635
90 102 57459
90 103 83571
90 104 74207
90 105 75127
90 106 27311
90 107 31504
90 108 71129
90 109 92248
90 110 12308
90 111 85101
90 112 15609
90 113 49456
90 114 45106
90 115 33118
90 116 8055
90 117 57030
90 118 52335
90 119 49641
91 92 15025
91 93 31572
91 94 7895
91 95 58726
91 96 39768
91 97 41776
91 98 1214
91 99 18970
91 100 32774
91 101 90555
91 102 67211
91 103 74338
91 104 24468
91 105 64658
91 106 1125
91 107 74457
91 108 2360
91 109 56621
91 110 52820
91 111 89320
91 112 32718
91 113 32165
91 114 54344
91 115 72797
91 116 45052
91 117 82286
91 118 65047
91 119 79864
92 93 61877
92 94 7729
92 95 73727
92 96 54974
92 97 83114
92 98 38383
92 99 15744
92 100 2693
92 101 68402
92 102 80312
92 103 6345
92 104 83083
92 105 44979
92 106 86746
92 107 21105
92 108 37211
92 109 45664
92 110 75980
92 111 15742
92 112 81915
92 113 64133
92 114 46016
92 115 94375
92 116 43136
92 117 97095
92 118 75988
92 119 81904
93 94 62292
93 95 35938
93 96 35322
93 97 27073
93 98 25852
93 99 58441
93 100 30239
93 101 9552
93 102 54678
93 103 79477
93 104 3191
93 105 19679
93 106 43636
93 107 20010
93 108 30687
93 109 35664
93 110 94160
93 111 40648
93 112 67550
93 113 74599
93 114 11465
93 115 83998
93 116 56753
93 117 97451
93 118 29362
93 119 37597
94 95 12764
94 96 29112
94 97 64994
94 98 37326
94 99 82745
94 100 61925
94 101 19196
94 102 68016
94 103 90661
94 104 57348
94 105 87975
94 106 4259
94 107 18280
94 108 91084
94 109 2882
94 110 88153
94 111 66512
94 112 91394
94 113 7955
94 114 18874
94 115 89480
94 116 49273
94 117 42606
94 118 59246
94 119 15797
95 96 73871
95 97 33561
95 98 89564
95 99 99908
95 100 44684
95 101 18652
95 102 91236
95 103 37469
95 104 4329
95 105 98253
95 106 66632
95 107 1886
95 108 9863
95 109 4811
95 110 7829
95 111 2973
95 112 59203
95 113 67490
95 114 486
95 115 91116
95 116 58433
95 117 51569
95 118 96447
95 119 90515
96 97 78384
96 98 30584
96 99 48264
96 100 6470
96 101 45823
96 102 49205
96 103 3525
96 104 23662
96 105 35482
96 106 73367
96 107 97315
96 108 162
96 109 91162
96 110 81385
96 111 3083
96 112 66617
96 113 80424
96 114 52579
96 115 64111
96 116 28514
96 117 29088
96 118 72520
96 119 60690
97 98 80977
97 99 94881
97 100 64388
97 101 85943
97 102 11685
97 103 47933
97 104 52619
97 105 49622
97 106 56371
97 107 3631
97 108 67618
97 109 61637
97 110 55444
97 111 27056
97 112 15366
97 113 21223
97 114 45774
97 115 24675
97 116 70681
97 117 24617
97 118 48820
97 119 19891
98 99 8985
98 100 57433
98 101 43813
98 102 35386
98 103 43513
98 104 11633
98 105 30703
98 106 58029
98 107 7036
98 108 69534
98 109 44737
98 110 2640
98 111 1536
98 112 40824
98 113 70855
98 114 87709
98 115 5892
98 116 77985
98 117 2824
98 118 49649
98 119 16745
99 100 73723
99 101 41235
99 102 62908
99 103 98262
99 104 49957
99 105 99044
99 106 80406
99 107 92275
99 108 18854
99 109 6636
99 110 37838
99 111 27419
99 112 13196
99 113 50771
99 114 21209
99 115 28506
99 116 98057
99 117 3984
99 118 87562
99 119 36852
100 101 98537
100 102 93649
100 103 80989
100 104 92805
100 105 18418
100 106 70087
100 107 38269
100 108 19641
100 109 61006
100 110 61446
100 111 19574
100 112 53069
100 113 76994
100 114 40696
100 115 16175
100 116 33391
100 117 31357
100 118 43856
100 119 18027
101 102 25705
101 103 86187
101 104 84387
101 105 24844
101 106 78069
101 107 59943
101 108 62568
101 109 33004
101 110 26948
101 111 25389
101 112 25790
101 113 66541
101 114 13910
101 115 49356
101 116 22665
101 117 39911
101 118 46399
101 119 44786
102 103 51034
102 104 75233
102 105 49795
102 106 97480
102 107 58037
102 108 18910
102 109 82789
102 110 94212
102 111 39017
102 112 82394
102 113 17501
102 114 14430
102 115 23443
102 116 2505
102 117 39075
102 118 64147
102 119 64362
103 104 94638
103 105 51591
103 106 62521
103 107 54425
103 108 40230
103 109 22511
103 110 38642
103 111 72628
103 112 74856
103 113 44954
103 114 47827
103 115 14945
103 116 61577
103 117 95823
103 118 95174
103 119 31125
104 105 35133
104 106 95343
104 107 58765
104 108 94671
104 109 80826
104 110 64574
104 111 36675
104 112 65967
104 113 47043
104 114 21674
104 115 94950
104 116 93789
104 117 50491
104 118 91798
104 119 88406
105 106 10686
105 107 15370
105 108 37654
105 109 19947
105 110 96351
105 111 48174
105 112 16578
105 113 87339
105 114 4563
105 115 73063
105 116 10593
105 117 32203
105 118 97655
105 119 19650
106 107 71399
106 108 66760
106 109 50464
106 110 86541
106 111 33980
106 112 95042
106 113 69222
106 114 74799
106 115 43699
106 116 74503
106 117 51593
106 118 2243
106 119 3137
107 108 11525
107 109 84553
107 110 69674
107 111 72687
107 112 39433
107 113 70642
107 114 94524
107 115 75989
107 116 50542
107 117 21408
107 118 75753
107 119 6630
108 109 65760
108 110 34457
108 111 30163
108 112 63822
108 113 64508
108 114 37460
108 115 73895
108 116 40173
108 117 89680
108 118 99053
108 119 95952
109 110 80570
109 111 7715
109 112 5216
109 113 81215
109 114 78109
109 115 92701
109 116 15534
109 117 17937
109 118 77935
109 119 79589
110 111 96997
110 112 42216
110 113 76
110 114 55683
110 115 65029
110 116 83573
110 117 45524
110 118 35968
110 119 31398
111 112 95079
111 113 6589
111 114 18514
111 115 54531
111 116 99634
111 117 85328
111 118 30232
111 119 73088
112 113 32495
112 114 44470
112 115 76650
112 116 4653
112 117 81255
112 118 57469
112 119 14386
113 114 55284
113 115 45057
113 116 22020
113 117 11876
113 118 91838
113 119 24726
114 115 29505
114 116 45799
114 117 96841
114 118 99940
114 119 86376
115 116 89097
115 117 62013
115 118 39053
115 119 68170
116 117 18220
116 118 58781
116 119 76965
117 118 67890
117 119 83940
118 119 26934
