100 4950
0 1 72893
0 2 29614
0 3 15750
0 4 43570
0 5 36669
0 6 8357
0 7 23238
0 8 13891
0 9 33233
0 10 39114
0 11 39680
0 12 55785
0 13 26234
0 14 73927
0 15 36010
0 16 62579
0 17 13949
0 18 65126
0 19 41115
0 20 26905
0 21 38184
0 22 46549
0 23 55810
0 24 54104
0 25 59686
0 26 33447
0 27 60612
0 28 75611
0 29 69316
0 30 22322
0 31 31989
0 32 47882
0 33 25629
0 34 68146
0 35 42517
0 36 61850
0 37 68880
0 38 11796
0 39 37015
0 40 59376
0 41 31537
0 42 69845
0 43 45955
0 44 27198
0 45 25536
0 46 28226
0 47 53974
0 48 21942
0 49 62554
0 50 26841
0 51 84106
0 52 25198
0 53 9675
0 54 44294
0 55 33801
0 56 46599
0 57 37423
0 58 21670
0 59 43488
0 60 14147
0 61 79049
0 62 62736
0 63 69074
0 64 27020
0 65 37522
0 66 14109
0 67 38076
0 68 12328
0 69 41108
0 70 42545
0 71 79143
0 72 36200
0 73 49620
0 74 32095
0 75 45020
0 76 61016
0 77 51132
0 78 26742
0 79 27199
0 80 52879
0 81 10412
0 82 76182
0 83 14447
0 84 40053
0 85 19245
0 86 31083
0 87 17517
0 88 52583
0 89 30106
0 90 65801
0 91 27334
0 92 67155
0 93 32602
0 94 67504
0 95 29301
0 96 19159
0 97 32309
0 98 57600
0 99 17648
1 2 78613
1 3 62007
1 4 69255
1 5 46059
1 6 66576
1 7 95425
1 8 86662
1 9 101756
1 10 56668
1 11 77470
1 12 19541
1 13 97147
1 14 5043
1 15 79193
1 16 17069
1 17 84965
1 18 18706
1 19 35061
1 20 68218
1 21 35533
1 22 46113
1 23 17232
1 24 23978
1 25 76056
1 26 39453
1 27 30049
1 28 33451
1 29 34280
1 30 51559
1 31 46490
1 32 62642
1 33 65674
1 34 57248
1 35 53753
1 36 24526
1 37 14171
1 38 80692
1 39 93424
1 40 39622
1 41 61763
1 42 9240
1 43 99179
1 44 89309
1 45 47378
1 46 67818
1 47 76392
1 48 85823
1 49 29093
1 50 59504
1 51 67589
1 52 47866
1 53 77740
1 54 48503
1 55 93189
1 56 42775
1 57 83555
1 58 57709
1 59 29469
1 60 82829
1 61 56358
1 62 36010
1 63 39498
1 64 48753
1 65 40498
1 66 59796
1 67 76240
1 68 70505
1 69 107293
1 70 68115
1 71 60447
1 72 73652
1 73 56467
1 74 78591
1 75 102778
1 76 26929
1 77 69140
1 78 46930
1 79 94367
1 80 21416
1 81 67384
1 82 70172
1 83 64679
1 84 75672
1 85 75591
1 86 101244
1 87 81977
1 88 39551
1 89 69300
1 90 63571
1 91 95480
1 92 6476
1 93 60235
1 94 23905
1 95 87655
1 96 80715
1 97 54101
1 98 29144
1 99 71787
2 3 22445
2 4 19655
2 5 58018
2 6 35431
2 7 32174
2 8 30872
2 9 28944
2 10 64725
2 11 69087
2 12 66851
2 13 29767
2 14 81400
2 15 65587
2 16 74344
2 17 25035
2 18 64530
2 19 56699
2 20 10413
2 21 51527
2 22 68795
2 23 62182
2 24 55155
2 25 33644
2 26 44968
2 27 77409
2 28 68004
2 29 61330
2 30 32335
2 31 52346
2 32 27509
2 33 13105
2 34 50267
2 35 28993
2 36 59291
2 37 69520
2 38 21600
2 39 65406
2 40 49860
2 41 17314
2 42 72393
2 43 21255
2 44 14486
2 45 39677
2 46 56808
2 47 27244
2 48 49920
2 49 79015
2 50 19227
2 51 64079
2 52 40608
2 53 38504
2 54 33710
2 55 15365
2 56 38905
2 57 67019
2 58 23134
2 59 51704
2 60 41386
2 61 62499
2 62 54495
2 63 58840
2 64 31915
2 65 55705
2 66 28159
2 67 10199
2 68 41599
2 69 31101
2 70 70665
2 71 61037
2 72 65377
2 73 32591
2 74 61697
2 75 24170
2 76 76680
2 77 27262
2 78 43504
2 79 22369
2 80 57288
2 81 38557
2 82 54122
2 83 20586
2 84 12559
2 85 10374
2 86 30984
2 87 46056
2 88 44652
2 89 9716
2 90 45141
2 91 24249
2 92 74484
2 93 19019
2 94 64154
2 95 10669
2 96 48247
2 97 56822
2 98 53900
2 99 47069
3 4 30218
3 5 35577
3 6 16542
3 7 34314
3 8 26884
3 9 39787
3 10 42687
3 11 49998
3 12 47256
3 13 35359
3 14 63877
3 15 47349
3 16 54615
3 17 23692
3 18 51659
3 19 35163
3 20 14890
3 21 30515
3 22 46352
3 23 44811
3 24 40871
3 25 46302
3 26 24295
3 27 55928
3 28 60595
3 29 54156
3 30 11027
3 31 29917
3 32 33089
3 33 12515
3 34 52512
3 35 26874
3 36 47729
3 37 55903
3 38 19072
3 39 51625
3 40 43874
3 41 16898
3 42 57581
3 43 43039
3 44 28299
3 45 17787
3 46 36743
3 47 41221
3 48 37191
3 49 57652
3 50 11531
3 51 68582
3 52 18492
3 53 25003
3 54 28550
3 55 33463
3 56 31077
3 57 49738
3 58 5976
3 59 32931
3 60 29831
3 61 63307
3 62 47444
3 63 53600
3 64 13389
3 65 33555
3 66 5909
3 67 27558
3 68 23837
3 69 45822
3 70 49725
3 71 63468
3 72 45852
3 73 34154
3 74 43844
3 75 44441
3 76 55529
3 77 37207
3 78 21275
3 79 32453
3 80 40900
3 81 19787
3 82 61060
3 83 2683
3 84 28974
3 85 14856
3 86 39272
3 87 32609
3 88 37159
3 89 18148
3 90 50551
3 91 33493
3 92 56905
3 93 17622
3 94 53295
3 95 27881
3 96 33652
3 97 34656
3 98 43081
3 99 29092
4 5 61443
4 6 46618
4 7 51515
4 8 48838
4 9 48333
4 10 70943
4 11 80197
4 12 62016
4 13 49385
4 14 72937
4 15 77552
4 16 69234
4 17 43294
4 18 52546
4 19 56257
4 20 16696
4 21 50468
4 22 71789
4 23 54822
4 24 45345
4 25 16174
4 26 44174
4 27 75543
4 28 51920
4 29 45488
4 30 35149
4 31 55865
4 32 8696
4 33 18091
4 34 30961
4 35 15505
4 36 46683
4 37 57814
4 38 39101
4 39 80586
4 40 34254
4 41 13810
4 42 61585
4 43 33209
4 44 34033
4 45 42085
4 46 66840
4 47 11127
4 48 65401
4 49 76781
4 50 19616
4 51 44425
4 52 43513
4 53 53221
4 54 20763
4 55 33432
4 56 26521
4 57 79826
4 58 26639
4 59 47208
4 60 57166
4 61 43256
4 62 39104
4 63 42053
4 64 31608
4 65 57195
4 66 35700
4 67 10426
4 68 53789
4 69 49299
4 70 79283
4 71 41525
4 72 76009
4 73 15020
4 74 73997
4 75 38693
4 76 74059
4 77 7865
4 78 46451
4 79 41994
4 80 49328
4 81 49897
4 82 34609
4 83 30065
4 84 8466
4 85 26920
4 86 50598
4 87 61068
4 88 30799
4 89 13646
4 90 25493
4 91 43888
4 92 66461
4 93 13886
4 94 50600
4 95 29862
4 96 62679
4 97 62824
4 98 41266
4 99 59168
5 6 28388
5 7 59374
5 8 49708
5 9 69865
5 10 12417
5 11 31930
5 12 26518
5 13 62823
5 14 45017
5 15 33206
5 16 30962
5 17 50617
5 18 47705
5 19 11926
5 20 49543
5 21 15421
5 22 10778
5 23 32634
5 24 38649
5 25 75841
5 26 19014
5 27 24857
5 28 64142
5 29 59864
5 30 26658
5 31 5715
5 32 60362
5 33 46746
5 34 71371
5 35 50508
5 36 47933
5 37 48901
5 38 47921
5 39 47524
5 40 54935
5 41 47988
5 42 47320
5 43 78417
5 44 61872
5 45 19398
5 46 21858
5 47 72334
5 48 41894
5 49 26886
5 50 42466
5 51 87144
5 52 18061
5 53 37081
5 54 48136
5 55 67883
5 56 45866
5 57 37540
5 58 36016
5 59 24270
5 60 41284
5 61 78211
5 62 55567
5 63 62477
5 64 29876
5 65 6650
5 66 30017
5 67 62000
5 68 28735
5 69 77524
5 70 24123
5 71 80361
5 72 27847
5 73 57768
5 74 32544
5 75 79176
5 76 25997
5 77 66435
5 78 15072
5 79 63522
5 80 33557
5 81 27349
5 82 83414
5 83 37611
5 84 62940
5 85 49744
5 86 67727
5 87 38830
5 88 49032
5 89 52454
5 90 73180
5 91 63851
5 92 39586
5 93 47606
5 94 52813
5 95 62543
5 96 36859
5 97 8069
5 98 46692
5 99 27960
6 7 31125
6 8 21519
6 9 41580
6 10 30979
6 11 33989
6 12 48745
6 13 34437
6 14 67239
6 15 30996
6 16 55275
6 17 22277
6 18 60453
6 19 33592
6 20 30545
6 21 31266
6 22 38193
6 23 49778
6 24 49441
6 25 62759
6 26 27328
6 27 52579
6 28 72428
6 29 66420
6 30 18536
6 31 23888
6 32 49580
6 33 28608
6 34 68141
6 35 42703
6 36 57788
6 37 63796
6 38 20022
6 39 35566
6 40 57289
6 41 33440
6 42 64289
6 43 53343
6 44 35075
6 45 19504
6 46 21377
6 47 57502
6 48 22182
6 49 54546
6 50 27990
6 51 84387
6 52 18782
6 53 11409
6 54 43485
6 55 41555
6 56 44779
6 57 33221
6 58 21511
6 59 37547
6 60 16690
6 61 78326
6 62 60149
6 63 66803
6 64 23981
6 65 29629
6 66 12051
6 67 42739
6 68 7329
6 69 49458
6 70 35359
6 71 78904
6 72 30076
6 73 50225
6 74 27382
6 75 52866
6 76 53122
6 77 53732
6 78 19723
6 79 35528
6 80 47426
6 81 3287
6 82 77333
6 83 16594
6 84 44466
6 85 25377
6 86 39341
6 87 17604
6 88 50415
6 89 33870
6 90 66758
6 91 35690
6 92 60617
6 93 34130
6 94 63448
6 95 36742
6 96 17902
6 97 23987
6 98 54015
6 99 12562
7 8 9672
7 9 13702
7 10 59779
7 11 53810
7 12 78873
7 13 5179
7 14 96752
7 15 49066
7 16 85760
7 17 10624
7 18 85973
7 19 64352
7 20 36879
7 21 61282
7 22 68683
7 23 78216
7 24 75152
7 25 65751
7 26 56194
7 27 83703
7 28 94129
7 29 87534
7 30 43951
7 31 55013
7 32 58573
7 33 37489
7 34 81072
7 35 56913
7 36 81974
7 37 90169
7 38 15306
7 39 41589
7 40 76624
7 41 44195
7 42 91656
7 43 36830
7 44 19544
7 45 48390
7 46 46264
7 47 59300
7 48 28091
7 49 85666
7 50 41887
7 51 95733
7 52 48220
7 53 23474
7 54 60299
7 55 24669
7 56 64083
7 57 48419
7 58 39783
7 59 65962
7 60 21610
7 61 93008
7 62 80665
7 63 86269
7 64 47581
7 65 60694
7 66 35639
7 67 42345
7 68 31582
7 69 22313
7 70 60141
7 71 92091
7 72 51728
7 73 62508
7 74 45145
7 75 32717
7 76 84198
7 77 59290
7 78 49930
7 79 12697
7 80 74791
7 81 32067
7 82 86123
7 83 31835
7 84 44712
7 85 25514
7 86 9804
7 87 26752
7 88 70273
7 89 38856
7 90 76747
7 91 11126
7 92 89894
7 93 45806
7 94 87496
7 95 24076
7 96 29822
7 97 54051
7 98 77189
7 99 34946
8 9 21848
8 10 50287
8 11 45737
8 12 69676
8 13 13677
8 14 87783
8 15 41203
8 16 76452
8 17 5885
8 18 78142
8 19 54924
8 20 32814
8 21 52075
8 22 59027
8 23 69521
8 24 67191
8 25 64144
8 26 47257
8 27 74090
8 28 87442
8 29 80960
8 30 35549
8 31 45396
8 32 54925
8 33 32713
8 34 76773
8 35 51711
8 36 74488
8 37 82119
8 38 9756
8 39 36263
8 40 70427
8 41 39388
8 42 83324
8 43 40965
8 44 21787
8 45 39370
8 46 37147
8 47 57885
8 48 21328
8 49 76061
8 50 36063
8 51 92094
8 52 39078
8 53 14184
8 54 54481
8 55 28184
8 56 57682
8 57 41145
8 58 32715
8 59 57210
8 60 13491
8 61 88349
8 62 74189
8 63 80151
8 64 39684
8 65 51135
8 66 27170
8 67 40884
8 68 22040
8 69 30397
8 70 51262
8 71 87863
8 72 43255
8 73 58018
8 74 37191
8 75 38139
8 76 74635
8 77 56701
8 78 40623
8 79 17864
8 80 66377
8 81 22395
8 82 83131
8 83 24686
8 84 43180
8 85 21918
8 86 18714
8 87 18863
8 88 63836
8 89 35388
8 90 73245
8 91 17132
8 92 80986
8 93 40833
8 94 80091
8 95 25623
8 96 21818
8 97 44413
8 98 69938
8 99 25747
9 10 71750
9 11 67280
9 12 86690
9 13 8568
9 14 103660
9 15 62602
9 16 93901
9 17 19316
9 18 90206
9 19 73220
9 20 36950
9 21 69397
9 22 79767
9 23 84584
9 24 79859
9 25 60416
9 26 63636
9 27 93386
9 28 95972
9 29 89282
9 30 50568
9 31 65011
9 32 56434
9 33 38537
9 34 79172
9 35 57235
9 36 85564
9 37 94819
9 38 22163
9 39 55177
9 40 77932
9 41 44675
9 42 96934
9 43 25725
9 44 14498
9 45 56274
9 46 58975
9 47 53952
9 48 41769
9 49 95277
9 50 44122
9 51 92544
9 52 56445
9 53 36011
9 54 61475
9 55 15917
9 56 66107
9 57 62081
9 58 44196
9 59 72695
9 60 34936
9 61 91425
9 62 82373
9 63 87227
9 64 53010
9 65 70235
9 66 42860
9 67 38116
9 68 43576
9 69 8650
9 70 73110
9 71 89854
9 72 65000
9 73 61474
9 74 58644
9 75 20437
9 76 93534
9 77 55578
9 78 58616
9 79 7453
9 80 80521
9 81 43217
9 82 82170
9 83 37106
9 84 40381
9 85 26795
9 86 4405
9 87 40203
9 88 72168
9 89 37838
9 90 73754
9 91 6311
9 92 96691
9 93 46417
9 94 90826
9 95 18472
9 96 43253
9 97 65397
9 98 80412
9 99 47568
10 11 20899
10 12 37363
10 13 63933
10 14 54957
10 15 23318
10 16 40436
10 17 52572
10 18 59900
10 19 24123
10 20 57438
10 21 27818
10 22 11912
10 23 44553
10 24 51046
10 25 86026
10 26 30831
10 27 31064
10 28 76517
10 29 72281
10 30 35819
10 31 16336
10 32 70834
10 33 54823
10 34 83263
10 35 61358
10 36 60314
10 37 60816
10 38 50907
10 39 39153
10 40 67197
10 41 57187
10 42 58891
10 43 83974
10 44 66041
10 45 29335
10 46 15063
10 47 82019
10 48 37356
10 49 33026
10 50 51438
10 51 99190
10 52 27780
10 53 36337
10 54 59482
10 55 72472
10 56 57670
10 57 27708
10 58 44553
10 59 36687
10 60 39300
10 61 90457
10 62 67945
10 63 74868
10 64 40030
10 65 19055
10 66 36788
10 67 70123
10 68 28251
10 69 79962
10 70 11833
10 71 92494
10 72 17449
10 73 68835
10 74 23846
10 75 83805
10 76 33179
10 77 76576
10 78 25054
10 79 66212
10 80 45848
10 81 28738
10 82 95030
10 83 44201
10 84 71356
10 85 55418
10 86 68966
10 87 35487
10 88 61158
10 89 60582
10 90 84655
10 91 66178
10 92 50229
10 93 57077
10 94 65127
10 95 67511
10 96 32856
10 97 8132
10 98 59106
10 99 25179
11 12 58048
11 13 58762
11 14 75850
11 15 4985
11 16 61335
11 17 50029
11 18 79373
11 19 43804
11 20 64477
11 21 46285
11 22 32429
11 23 64547
11 24 69727
11 25 96200
11 26 47385
11 27 51527
11 28 95183
11 29 90357
11 30 47352
11 31 33648
11 32 82160
11 33 62406
11 34 98067
11 35 73930
11 36 79049
11 37 80798
11 38 50309
11 39 20705
11 40 83799
11 41 66627
11 42 79236
11 43 85146
11 44 65879
11 45 43030
11 46 13647
11 47 91220
11 48 26229
11 49 53418
11 50 60905
11 51 114355
11 52 41452
11 53 32312
11 54 73307
11 55 72575
11 56 72797
11 57 8125
11 58 53951
11 59 55270
11 60 32357
11 61 106658
11 62 85306
11 63 92296
11 64 52662
11 65 38325
11 66 44547
11 67 76727
11 68 27490
11 69 75923
11 70 10960
11 71 108116
11 72 4503
11 73 81628
11 74 8677
11 75 83340
11 76 53842
11 77 86956
11 78 39596
11 79 63514
11 80 65122
11 81 30734
11 82 108725
11 83 50461
11 84 78450
11 85 58792
11 86 63610
11 87 27080
11 88 77267
11 89 67803
11 90 98113
11 91 62868
11 92 71011
11 93 67039
11 94 84196
11 95 68617
11 96 24026
11 97 24412
11 98 77077
11 99 22047
12 13 81183
12 14 18872
12 15 59669
12 16 7494
12 17 68745
12 18 25478
12 19 15811
12 20 56598
12 21 17602
12 22 27480
12 23 10235
12 24 21141
12 25 72483
12 26 23058
12 27 16234
12 28 43268
12 29 40980
12 30 36253
12 31 27205
12 32 57340
12 33 53786
12 34 59420
12 35 47207
12 36 28343
12 37 24743
12 38 64851
12 39 73927
12 40 40825
12 41 51536
12 42 21935
12 43 88064
12 44 75493
12 45 30564
12 46 48297
12 47 71153
12 48 66839
12 49 16599
12 50 47815
12 51 73041
12 52 30653
12 53 59541
12 54 42662
12 55 80236
12 56 37795
12 57 64025
12 58 44161
12 59 15230
12 60 64462
12 61 62503
12 62 39230
12 63 45130
12 64 35064
12 65 21093
12 66 43854
12 67 66786
12 68 51908
12 69 93063
12 70 48987
12 71 65775
12 72 54166
12 73 52291
12 74 59053
12 75 90689
12 76 13632
12 77 64091
12 78 29095
12 79 79510
12 80 14962
12 81 49130
12 82 72595
12 83 49912
12 84 66787
12 85 61824
12 86 85618
12 87 63174
12 88 37458
12 89 58438
12 90 63888
12 91 80382
12 92 13068
12 93 50330
12 94 31537
12 95 74606
12 96 61720
12 97 34563
12 98 29937
12 99 52733
13 14 98715
13 15 54061
13 16 88223
13 17 12485
13 18 86822
13 19 67081
13 20 35767
13 21 63671
13 22 72425
13 23 79915
13 24 76160
13 25 62963
13 26 58271
13 27 86832
13 28 94060
13 29 87410
13 30 45596
13 31 58223
13 32 56867
13 33 36763
13 34 79557
13 35 56109
13 36 82555
13 37 91196
13 38 16458
13 39 46763
13 40 76296
13 41 43339
13 42 92940
13 43 32130
13 44 16064
13 45 50620
13 46 50779
13 47 56475
13 48 33201
13 49 88766
13 50 41689
13 51 93793
13 52 50600
13 53 27839
13 54 59843
13 55 20383
13 56 63977
13 57 53513
13 58 40448
13 59 67776
13 60 26450
13 61 91644
13 62 80505
13 63 85839
13 64 48747
13 65 63713
13 66 37471
13 67 39760
13 68 35683
13 69 17211
13 70 64806
13 71 90486
13 72 56559
13 73 61231
13 74 50115
13 75 27732
13 76 87175
13 77 57028
13 78 52525
13 79 8390
13 80 76216
13 81 35734
13 82 83886
13 83 32753
13 84 42119
13 85 24604
13 86 5038
13 87 31682
13 88 70146
13 89 37366
13 90 74822
13 91 6561
13 92 91799
13 93 45018
13 94 87990
13 95 20652
13 96 34740
13 97 57892
13 98 77610
13 99 39395
14 15 77860
14 16 14570
14 17 86406
14 18 23470
14 19 34683
14 20 70987
14 21 35977
14 22 43936
14 23 19280
14 24 27608
14 25 80337
14 26 40561
14 27 26748
14 28 38493
14 29 39258
14 30 53173
14 31 46064
14 32 66605
14 33 68362
14 34 62055
14 35 57441
14 36 29147
14 37 19133
14 38 82268
14 39 92541
14 40 44222
14 41 64809
14 42 14201
14 43 102191
14 44 91582
14 45 48415
14 46 66875
14 47 80437
14 48 85710
14 49 25562
14 50 62197
14 51 72600
14 52 48743
14 53 78212
14 54 52255
14 55 95719
14 56 46592
14 57 82251
14 58 59906
14 59 30980
14 60 83199
14 61 61376
14 62 40766
14 63 44451
14 64 50825
14 65 39918
14 66 61250
14 67 79535
14 68 70704
14 69 109482
14 70 66141
14 71 65445
14 72 72194
14 73 60556
14 74 77509
14 75 105561
14 76 23708
14 77 73179
14 78 47515
14 79 96326
14 80 24163
14 81 67806
14 82 75037
14 83 66559
14 84 79079
14 85 77829
14 86 102947
14 87 82025
14 88 43750
14 89 72253
14 90 68243
14 91 97359
14 92 6986
14 93 63338
14 94 28849
14 95 90141
14 96 80591
14 97 53084
14 98 33521
14 99 71605
15 16 63458
15 17 45690
15 18 79950
15 19 44843
15 20 61529
15 21 46737
15 22 35174
15 23 65534
15 24 69969
15 25 93651
15 26 47141
15 27 54353
15 28 95268
15 29 90200
15 30 45726
15 31 34102
15 32 79973
15 33 59595
15 34 96711
15 35 72127
15 36 79250
15 37 81684
15 38 46236
15 39 16433
15 40 83113
15 41 64157
15 42 80409
15 43 81036
15 44 61703
15 45 42083
15 46 12584
15 47 88484
15 48 21319
15 49 56296
15 50 58520
15 51 113039
15 52 40552
15 53 28108
15 54 71847
15 55 68388
15 56 71720
15 57 4402
15 58 51671
15 59 55621
15 60 27748
15 61 105712
15 62 84889
15 63 91865
15 64 51184
15 65 39293
15 66 42134
15 67 73569
15 68 24106
15 69 71251
15 70 15027
15 71 106970
15 72 5942
15 73 79814
15 74 4036
15 75 79023
15 76 56497
15 77 84511
15 78 38999
15 79 59038
15 80 65688
15 81 27709
15 82 106996
15 83 47586
15 84 75372
15 85 55236
15 86 58870
15 87 22416
15 88 76462
15 89 64852
15 90 96369
15 91 58328
15 92 72717
15 93 64682
15 94 84532
15 95 64599
15 96 19398
15 97 25299
15 98 76956
15 99 18608
16 17 75756
16 18 28559
16 19 21753
16 20 64090
16 21 24556
16 22 29370
16 23 15537
16 24 26746
16 25 79232
16 26 30346
16 27 13292
16 28 46113
16 29 44813
16 30 43594
16 31 32715
16 32 64280
16 33 61279
16 34 64857
16 35 54255
16 36 32557
16 37 26451
16 38 71965
16 39 78402
16 40 46219
16 41 58976
16 42 22533
16 43 95558
16 44 82885
16 45 37656
16 46 52761
16 47 78153
16 48 72384
16 49 12727
16 50 55303
16 51 77705
16 52 37623
16 53 65793
16 54 49562
16 55 87687
16 56 44482
16 57 67856
16 58 51628
16 59 22707
16 60 70575
16 61 66867
16 62 44048
16 63 49391
16 64 42543
16 65 26492
16 66 51041
16 67 74210
16 68 57923
16 69 100386
16 70 51571
16 71 70415
16 72 57740
16 73 59011
16 74 63258
16 75 98170
16 76 10163
16 77 71032
16 78 35839
16 79 86768
16 80 20968
16 81 55415
16 82 78081
16 83 57259
16 84 74173
16 85 69242
16 86 92724
16 87 68933
16 88 43558
16 89 65916
16 90 69811
16 91 87599
16 92 11256
16 93 57747
16 94 34728
16 95 82056
16 96 67280
16 97 38982
16 98 35092
16 99 58276
17 18 75349
17 19 54599
17 20 27599
17 21 51209
17 22 60454
17 23 67740
17 24 64529
17 25 58426
17 26 45894
17 27 74424
17 28 83717
17 29 77153
17 30 33428
17 31 45880
17 32 49667
17 33 27784
17 34 71788
17 35 47067
17 36 71377
17 37 79548
17 38 4808
17 39 41856
17 40 66367
17 41 34513
17 42 81066
17 43 35663
17 44 16313
17 45 38186
17 46 40377
17 47 52130
17 48 26669
17 49 76347
17 50 31695
17 51 86895
17 52 38134
17 53 17772
17 54 50170
17 55 22887
17 56 53734
17 57 45994
17 58 29209
17 59 55528
17 60 18419
17 61 83523
17 62 70311
17 63 76053
17 64 36961
17 65 51285
17 66 25178
17 67 35099
17 68 24594
17 69 27390
17 70 54701
17 71 82865
17 72 47218
17 73 53074
17 74 41654
17 75 33334
17 76 74723
17 77 51158
17 78 40040
17 79 13794
17 80 64226
17 81 23930
17 82 77731
17 83 21230
17 84 37410
17 85 16430
17 86 17193
17 87 23719
17 88 59921
17 89 29993
17 90 67979
17 91 13610
17 92 79516
17 93 36040
17 94 76911
17 95 19915
17 96 26513
17 97 46092
17 98 66626
17 99 29042
18 19 35805
18 20 54435
18 21 33214
18 22 51807
18 23 15804
18 24 11038
18 25 57837
18 26 33968
18 27 41156
18 28 17799
18 29 16412
18 30 42805
18 31 45858
18 32 45234
18 33 52245
18 34 38585
18 35 37307
18 36 6041
18 37 5283
18 38 70717
18 39 92066
18 40 21007
18 41 47228
18 42 9674
18 43 84102
18 44 76731
18 45 41193
18 46 67584
18 47 58669
18 48 81815
18 49 41030
18 50 46281
18 51 49741
18 52 42241
18 53 71848
18 54 32002
18 55 79698
18 56 26270
18 57 84066
18 58 46374
18 59 24422
18 60 77139
18 61 38669
18 62 17308
18 63 21326
18 64 38474
18 65 41130
18 66 51100
18 67 60582
18 68 65906
18 69 94721
18 70 71726
18 71 42489
18 72 75091
18 73 38800
18 74 78428
18 75 88364
18 76 38203
18 77 51476
18 78 42501
18 79 82755
18 80 14266
18 81 62107
18 82 51593
18 83 54171
18 84 59682
18 85 63432
18 86 90383
18 87 77497
18 88 21885
18 89 54868
18 90 44872
18 91 84116
18 92 19254
18 93 45550
18 94 6173
18 95 74393
18 96 76909
18 97 54962
18 98 11295
18 99 68545
19 20 47091
19 21 5824
19 22 17815
19 23 20746
19 24 27078
19 25 69306
19 26 12175
19 27 20779
19 28 52452
19 29 48448
19 30 24430
19 31 11433
19 32 53659
19 33 44196
19 34 61779
19 35 43401
19 36 36271
19 37 36995
19 38 51087
19 39 58449
19 40 44463
19 41 43755
19 42 35567
19 43 77833
19 44 63243
19 45 17392
19 46 32974
19 47 66621
19 48 51030
19 49 22489
19 50 38889
19 51 77098
19 52 16905
19 53 44041
19 54 40118
19 55 68619
19 56 36855
19 57 49115
19 58 33593
19 59 13102
19 60 48852
19 61 67660
19 62 44589
19 63 51384
19 64 25415
19 65 5556
19 66 30688
19 67 58744
19 68 36228
19 69 80172
19 70 35934
19 71 70123
19 72 39648
19 73 50060
19 74 43848
19 75 79583
19 76 20437
19 77 60138
19 78 14605
19 79 66308
19 80 21727
19 81 33662
19 82 74319
19 83 37652
19 84 59261
19 85 50015
19 86 71725
19 87 47397
19 88 39076
19 89 49547
19 90 64451
19 91 66970
19 92 28665
19 93 42972
19 94 41009
19 95 63044
19 96 45911
19 97 19548
19 98 35453
19 99 36922
20 21 41728
20 22 60281
20 23 51772
20 24 44849
20 25 32781
20 26 35132
20 27 67655
20 28 59028
20 29 52336
20 30 23106
20 31 43828
20 32 22112
20 33 2896
20 34 44252
20 35 20405
20 36 49353
20 37 59353
20 38 23082
20 39 63914
20 40 40984
20 41 7725
20 42 62107
20 43 31478
20 44 22724
20 45 30545
20 46 51437
20 47 27141
20 48 48705
20 49 69197
20 50 8835
20 51 59310
20 52 31657
20 53 36539
20 54 24526
20 55 25270
20 56 29307
20 57 63570
20 58 13652
20 59 41408
20 60 40481
20 61 56131
20 62 45431
20 63 50337
20 64 21893
20 65 46582
20 66 20777
20 67 12691
20 68 37527
20 69 40462
20 70 64602
20 71 55310
20 72 60442
20 73 25630
20 74 57855
20 75 34579
20 76 66780
20 77 24388
20 78 34633
20 79 29725
20 80 46879
20 81 33829
20 82 50370
20 83 14025
20 84 14097
20 85 11368
20 86 38118
20 87 44383
20 88 35284
20 89 3326
20 90 40433
20 91 31393
20 92 64072
20 93 9467
20 94 54379
20 95 19983
20 96 46046
20 97 49354
20 98 44030
20 99 42982
21 22 23135
21 23 19479
21 24 23484
21 25 63490
21 26 6599
21 27 25926
21 28 48996
21 29 44513
21 30 19551
21 31 12661
21 32 47843
21 33 38835
21 34 56509
21 35 37595
21 36 32810
21 37 35174
21 38 47414
21 39 59259
21 40 39619
21 41 38095
21 42 34511
21 43 72739
21 44 58788
21 45 13123
21 46 34396
21 47 60802
21 48 50435
21 49 27493
21 50 33367
21 51 72045
21 52 13078
21 53 42270
21 54 34395
21 55 63929
21 56 31331
21 57 50859
21 58 28395
21 59 9005
21 60 47316
21 61 62891
21 62 40147
21 63 47056
21 64 19897
21 65 8900
21 66 26556
21 67 53172
21 68 34978
21 69 76044
21 70 39398
21 71 65165
21 72 41946
21 73 44316
21 74 45268
21 75 74743
21 76 25172
21 77 54315
21 78 11548
21 79 62321
21 80 18955
21 81 31883
21 82 68892
21 83 33096
21 84 53623
21 85 45337
21 86 68170
21 87 46491
21 88 33922
21 89 44077
21 90 58913
21 91 63104
21 92 29423
21 93 37264
21 94 37912
21 95 58320
21 96 45352
21 97 21918
21 98 31299
21 99 36531
22 23 36032
22 24 44284
22 25 85812
22 26 28269
22 27 19180
22 28 69162
22 29 65669
22 30 37308
22 31 16475
22 32 70226
22 33 57470
22 34 79568
22 35 60165
22 36 53195
22 37 51939
22 38 58062
22 39 51062
22 40 62246
22 41 58491
22 42 49408
22 43 89142
22 44 72361
22 45 29953
22 46 26465
22 47 82567
22 48 48437
22 49 21126
22 50 53054
22 51 94909
22 52 28696
22 53 45686
22 54 57346
22 55 78465
22 56 54465
22 57 39546
22 58 46714
22 59 30847
22 60 49325
22 61 85397
22 62 62200
22 63 68899
22 64 40183
22 65 14826
22 66 40764
22 67 72690
22 68 37305
22 69 87621
22 70 22256
22 71 87920
22 72 29263
22 73 67179
22 74 35748
22 75 89783
22 76 21413
22 77 76467
22 78 25702
22 79 73651
22 80 38460
22 81 36692
22 82 92023
22 83 48365
22 84 73580
22 85 60442
22 86 77396
22 87 46081
22 88 56884
22 89 63160
22 90 82038
22 91 73873
22 92 39799
22 93 58026
22 94 57474
22 95 73175
22 96 43684
22 97 14692
22 98 52938
22 99 35331
23 24 11228
23 25 63961
23 26 22472
23 27 26451
23 28 33421
23 29 30804
23 30 34328
23 31 31617
23 32 49286
23 33 49119
23 34 49475
23 35 39516
23 36 18138
23 37 16277
23 38 63460
23 39 78644
23 40 30834
23 41 45790
23 42 15046
23 43 83078
23 44 72331
23 45 30382
23 46 53473
23 47 63206
23 48 69812
23 49 26710
23 50 42962
23 51 62844
23 52 30996
23 53 61071
23 54 34590
23 55 76440
23 56 29274
23 57 69771
23 58 40665
23 59 12322
23 60 66243
23 61 52271
23 62 29034
23 63 34897
23 64 31626
23 65 26263
23 66 42579
23 67 60735
23 68 54179
23 69 90262
23 70 56380
23 71 55571
23 72 60392
23 73 43763
23 74 64375
23 75 86329
23 76 23757
23 77 56013
23 78 30375
23 79 77214
23 80 5578
23 81 50818
23 82 62686
23 83 47487
23 84 60433
23 85 58584
23 86 84024
23 87 65771
23 88 28030
23 89 53140
23 90 54284
23 91 78299
23 92 12318
23 93 44381
23 94 21657
23 95 70861
23 96 64751
23 97 40268
23 98 19812
23 99 55984
24 25 53271
24 26 23289
24 27 37324
24 28 25519
24 29 21407
24 30 31785
24 31 36080
24 32 39078
24 33 42465
24 34 38300
24 35 29843
24 36 9327
24 37 15037
24 38 59943
24 39 81519
24 40 19686
24 41 38053
24 42 17265
24 43 75404
24 44 66694
24 45 30271
24 46 57474
24 47 52964
24 48 70915
24 49 37739
24 50 36360
24 51 52054
24 52 31378
24 53 60829
24 54 24647
24 55 70064
24 56 19007
24 57 73983
24 58 35771
24 59 14479
24 60 66123
24 61 41771
24 62 18350
24 63 24740
24 64 27581
24 65 32000
24 66 40101
24 67 52300
24 68 54997
24 69 84731
24 70 62763
24 71 44823
24 72 65354
24 73 33206
24 74 68223
24 75 79244
24 76 34772
24 77 45716
24 78 31832
24 79 72407
24 80 6264
24 81 51148
24 82 51496
24 83 43428
24 84 51699
24 85 53188
24 86 79851
24 87 66562
24 88 16933
24 89 45663
24 90 43065
24 91 73700
24 92 21324
24 93 36467
24 94 14596
24 95 64634
24 96 66048
24 97 45397
24 98 8938
24 99 57800
25 26 57634
25 27 87264
25 28 52000
25 29 46521
25 30 50280
25 31 70435
25 32 15648
25 33 34265
25 34 25191
25 35 25934
25 36 51804
25 37 63025
25 38 54518
25 39 96694
25 40 37094
25 41 29581
25 42 67453
25 43 39893
25 44 46983
25 45 56782
25 46 82760
25 47 6494
25 48 81447
25 49 88268
25 50 35343
25 51 33654
25 52 58296
25 53 69315
25 54 29895
25 55 44600
25 56 34750
25 57 95977
25 58 42361
25 59 58680
25 60 73141
25 61 36352
25 62 41559
25 63 41843
25 64 46086
25 65 71014
25 66 51655
25 67 23446
25 68 69951
25 69 59514
25 70 94869
25 71 33190
25 72 91966
25 73 20220
25 74 90127
25 75 46377
25 76 85406
25 77 9450
25 78 61136
25 79 54985
25 80 58395
25 81 66034
25 82 22542
25 83 46229
25 84 21090
25 85 42359
25 86 63345
25 87 77157
25 88 36596
25 89 29616
25 90 17386
25 91 56928
25 92 74488
25 93 29287
25 94 54296
25 95 42457
25 96 78819
25 97 77968
25 98 46917
25 99 75317
26 27 32522
26 28 48200
26 29 43062
26 30 13268
26 31 14538
26 32 42011
26 33 32240
26 34 52450
26 35 31900
26 36 32376
26 37 36806
26 38 41873
26 39 58230
26 40 36650
26 41 31580
26 42 37004
26 43 66197
26 44 52591
26 45 7926
26 46 34563
26 47 54673
26 48 47965
26 49 34074
26 50 26779
26 51 68363
26 52 8559
26 53 38669
26 54 29194
26 55 57579
26 56 26885
26 57 51016
26 58 21851
26 59 10222
26 60 43882
26 61 59809
26 62 37929
26 63 44918
26 64 13303
26 65 13445
26 66 20836
26 67 46604
26 68 32115
26 69 70040
26 70 41811
26 71 61707
26 72 42917
26 73 38945
26 74 45149
26 75 68305
26 76 31712
26 77 48352
26 78 8547
26 79 56453
26 80 20286
26 81 28529
26 82 64402
26 83 26926
26 84 47092
26 85 39028
26 86 62629
26 87 43745
26 88 30401
26 89 37481
26 90 54172
26 91 57327
26 92 33733
26 93 30803
26 94 37849
26 95 51957
26 96 43004
26 97 23779
26 98 29817
26 99 34578
27 28 58908
27 29 57050
27 30 45200
27 31 28695
27 32 71807
27 33 64762
27 34 75528
27 35 61503
27 36 44481
27 37 39537
27 38 71227
27 39 70163
27 40 56985
27 41 63784
27 42 35789
27 43 98581
27 44 83908
27 45 38143
27 46 45125
27 47 85351
27 48 66443
27 49 2039
27 50 59246
27 51 89275
27 52 37555
27 53 61880
27 54 57390
27 55 89370
27 56 52980
27 57 58725
27 58 54278
27 59 28603
27 60 66141
27 61 78718
27 62 55465
27 63 61316
27 64 45802
27 65 23154
27 66 51301
27 67 78971
27 68 53568
27 69 100593
27 70 41066
27 71 82009
27 72 48442
27 73 67262
27 74 54838
27 75 100359
27 76 3137
27 77 78499
27 78 35028
27 79 86649
27 80 31092
27 81 51932
27 82 88663
27 83 58395
27 84 79313
27 85 70773
27 86 91616
27 87 63591
27 88 53290
27 89 69974
27 90 79725
27 91 87202
27 92 24527
27 93 62832
27 94 47310
27 95 83805
27 96 61488
27 97 32008
27 98 46162
27 99 52702
28 29 6692
28 30 53937
28 31 61554
28 32 43398
28 33 57516
28 34 28150
28 35 39011
28 36 16209
28 37 19942
28 38 78920
28 39 106118
28 40 18144
28 41 51309
28 42 24603
28 43 85090
28 44 81708
28 45 54344
28 46 82717
28 47 54747
28 48 94490
28 49 58713
28 50 52374
28 51 34795
28 52 55660
28 53 83521
28 54 34503
28 55 83323
28 56 30086
28 57 99200
28 58 54728
28 59 39993
28 60 88783
28 61 23581
28 62 13601
28 63 10200
28 64 48721
28 65 57493
28 66 61606
28 67 61624
28 68 78690
28 69 99094
28 70 88263
28 71 27989
28 72 90785
28 73 36901
28 74 93349
28 75 90303
28 76 55923
28 77 48254
28 78 56599
28 79 88692
28 80 30797
28 81 74596
28 82 39491
28 83 62761
28 84 60126
28 85 69584
28 86 96931
28 87 89977
28 88 23914
28 89 58445
28 90 35874
28 91 90295
28 92 35981
28 93 49563
28 94 11764
28 95 78559
28 96 89846
28 97 70899
28 98 18556
28 99 82079
29 30 47888
29 31 56868
29 32 37052
29 33 50835
29 34 23896
29 35 32339
29 36 12682
29 37 20126
29 38 72351
29 39 100532
29 40 11482
29 41 44617
29 42 25058
29 43 78601
29 44 75016
29 45 48772
29 46 77619
29 47 48852
29 48 88554
29 49 57082
29 50 45734
29 51 33413
29 52 50151
29 53 77404
29 54 27811
29 55 76658
29 56 23458
29 57 94038
29 58 48255
29 59 35594
29 60 82643
29 61 22276
29 62 6916
29 63 5334
29 64 42563
29 65 53231
29 66 55383
29 67 55072
29 68 72840
29 69 92416
29 70 83911
29 71 26207
29 72 85916
29 73 30494
29 74 88118
29 75 83741
29 76 54195
29 77 42171
29 78 51298
29 79 82005
29 80 27275
29 81 68693
29 82 36257
29 83 56274
29 84 53622
29 85 62915
29 86 90254
29 87 84010
29 88 17272
29 89 51760
29 90 31179
29 91 83612
29 92 35623
29 93 42871
29 94 10462
29 95 71876
29 96 83989
29 97 66264
29 98 13282
29 99 76415
30 31 20970
30 32 35351
30 33 20249
30 34 51026
30 35 26601
30 36 39635
30 37 46613
30 38 29138
30 39 53412
30 40 38875
30 41 21466
30 42 47788
30 43 53411
30 44 39323
30 45 7439
30 46 33708
30 47 46205
30 48 40701
30 49 46870
30 50 15835
30 51 67361
30 52 8613
30 53 29597
30 54 26140
30 55 44379
30 56 26587
30 57 48892
30 58 9457
30 59 22198
30 60 34875
30 61 60503
30 62 41623
30 63 48316
30 64 5605
30 65 23488
30 66 8379
30 67 35387
30 68 25184
30 69 56809
30 70 44735
30 71 61452
30 72 42915
30 73 34294
30 74 42808
30 75 55217
30 76 44663
30 77 40836
30 78 11607
30 79 43312
30 80 30866
30 81 20945
30 82 61375
30 83 13665
30 84 36284
30 85 25794
30 86 49775
30 87 36137
30 88 32008
30 89 25881
30 90 50761
30 91 44257
30 92 46232
30 93 21268
30 94 45299
30 95 38769
30 96 36257
30 97 27720
30 98 35612
30 99 29346
31 32 55032
31 33 41031
31 34 66933
31 35 45317
31 36 45404
31 37 47641
31 38 42934
31 39 47123
31 40 51103
31 41 42348
31 42 46622
31 43 72831
31 44 56537
31 45 13781
31 46 21868
31 47 66802
31 48 39714
31 49 30668
31 50 36793
31 51 82893
31 52 12395
31 53 33481
31 54 43219
31 55 62454
31 56 41336
31 57 38259
31 58 30306
31 59 21625
31 60 38046
31 61 74312
31 62 52130
31 63 59102
31 64 24376
31 65 6223
31 66 24426
31 67 56291
31 68 25362
31 69 72501
31 70 27322
31 71 76245
31 72 29291
31 73 52693
31 74 32768
31 75 73716
31 76 29343
31 77 61008
31 78 9423
31 79 58499
31 80 31592
31 81 23321
31 82 78714
31 83 31998
31 84 57243
31 85 44203
31 86 63058
31 87 36219
31 88 44931
31 89 46741
31 90 68368
31 91 58916
31 92 40098
31 93 42006
31 94 50560
31 95 57067
31 96 34600
31 97 9402
31 98 43593
31 99 25595
32 33 22506
32 34 22763
32 35 10325
32 36 39254
32 37 50516
32 38 45192
32 39 84606
32 40 26012
32 41 16359
32 42 54552
32 43 41854
32 44 41995
32 45 41505
32 46 68571
32 47 13923
32 48 69810
32 49 72868
32 50 21591
32 51 37235
32 52 43054
32 53 57526
32 54 14723
32 55 41887
32 56 20098
32 57 82625
32 58 28305
32 59 43204
32 60 61895
32 61 34992
32 62 30854
32 63 33446
32 64 30803
32 65 55413
32 66 37872
32 67 19001
32 68 56900
32 69 57805
32 70 80086
32 71 33621
32 72 77819
32 73 6624
32 74 76645
32 75 47389
32 76 70036
32 77 6753
32 78 45825
32 79 49833
32 80 43712
32 81 52778
32 82 28383
32 83 33617
32 84 17148
32 85 33285
32 86 58449
32 87 65321
32 88 23351
32 89 19744
32 90 18321
32 91 51685
32 92 60397
32 93 15468
32 94 42772
32 95 38016
32 96 66606
32 97 62843
32 98 33958
32 99 62067
33 34 44065
33 35 19427
33 36 47293
33 37 57097
33 38 23108
33 39 62606
33 40 39595
33 41 6733
33 42 59730
33 43 34279
33 44 24572
33 45 27687
33 46 49235
33 47 28894
33 48 47553
33 49 66307
33 50 6171
33 51 59457
33 52 28819
33 53 35304
33 54 23113
33 55 27602
33 56 27571
33 57 61775
33 58 10792
33 59 38615
33 60 39485
33 61 55740
33 62 43919
33 63 49086
33 64 19011
33 65 43712
33 66 18322
33 67 15330
33 68 35724
33 69 42493
33 70 62213
33 71 55153
33 72 58308
33 73 25318
33 74 55985
33 75 37211
33 76 63896
33 77 25518
33 78 31800
33 79 31198
33 80 44297
33 81 31895
33 82 50888
33 83 12016
33 84 16552
33 85 12159
33 86 39424
33 87 43144
33 88 33652
33 89 5763
33 90 40733
33 91 32780
33 92 61430
33 93 8317
33 94 52423
33 95 22182
33 96 44654
33 97 46721
33 98 42032
33 99 41131
34 35 25640
34 36 33091
34 37 43192
34 38 67161
34 39 103706
34 40 18645
34 41 37391
34 42 48059
34 43 62817
34 44 64752
34 45 55139
34 46 84496
34 47 29437
34 48 89671
34 49 76018
34 50 41353
34 51 16335
34 52 56740
34 53 77515
34 54 24889
34 55 64387
34 56 25604
34 57 99917
34 58 46838
34 59 49000
34 60 82288
34 61 12297
34 62 21323
34 63 18628
34 64 45528
34 65 65267
34 66 56093
34 67 41371
34 68 75371
34 69 80223
34 70 93944
34 71 11090
34 72 93579
34 73 18758
34 74 93834
34 75 68851
34 76 73050
34 77 24573
34 78 58924
34 79 72595
34 80 44463
34 81 71089
34 82 13225
34 83 53720
34 84 39288
34 85 55604
34 86 81211
34 87 85070
34 88 22750
34 89 42247
34 90 7969
34 91 74445
34 92 57410
34 93 35998
34 94 33554
34 95 60726
34 96 85907
34 97 75928
34 98 29772
34 99 80058
35 36 31573
35 37 42543
35 38 42318
35 39 78233
35 40 20867
35 41 12771
35 42 46174
35 43 47072
35 44 42841
35 45 32083
35 46 60283
35 47 23954
35 48 64049
35 49 62585
35 50 15810
35 51 41744
35 52 33672
35 53 51877
35 54 5314
35 55 44322
35 56 11083
35 57 75081
35 58 21259
35 59 32904
35 60 56655
35 61 36716
35 62 25522
35 63 29994
35 64 21542
35 65 45339
35 66 30667
35 67 23412
35 68 49992
35 69 60086
35 70 71070
35 71 36627
35 72 69505
35 73 7698
35 74 69023
35 75 51782
35 76 59767
35 77 16997
35 78 36309
35 79 50091
35 80 33979
35 81 45738
35 82 34872
35 83 28113
35 84 22389
35 85 31534
35 86 58520
35 87 59454
35 88 16009
35 89 19476
35 90 24245
35 91 51785
35 92 51005
35 93 11114
35 94 35894
35 95 39564
35 96 60358
35 97 53490
35 98 26110
35 99 54858
36 37 11293
36 38 66671
36 39 90563
36 40 15097
36 41 41980
36 42 15663
36 43 78536
36 44 71857
36 45 39002
36 46 66734
36 47 52641
36 48 79559
36 49 44591
36 50 41467
36 51 45154
36 52 40209
36 53 69095
36 54 26296
36 55 74553
36 56 20637
36 57 83239
36 58 42202
36 59 23805
36 60 74393
36 61 34335
36 62 11789
36 63 16870
36 64 34882
36 65 41284
36 66 47744
36 67 54939
36 68 63655
36 69 89775
36 70 72055
36 71 37864
36 72 74671
36 73 32791
36 74 77448
36 75 82950
36 76 41677
36 77 45457
36 78 40880
36 79 78130
36 80 14735
36 81 59694
36 82 46224
36 83 50147
36 84 53961
36 85 58772
36 86 85939
36 87 75135
36 88 15929
36 89 49589
36 90 39097
36 91 79557
36 92 24329
36 93 40272
36 94 5667
36 95 69335
36 96 74771
36 97 54724
36 98 5468
36 99 66699
37 38 74974
37 39 94404
37 40 26068
37 41 52245
37 42 4934
37 43 89249
37 44 81501
37 45 44351
37 46 69501
37 47 63934
37 48 84768
37 49 39160
37 50 51072
37 51 53495
37 52 45273
37 53 75204
37 54 37232
37 55 84623
37 56 31485
37 57 85886
37 58 50793
37 59 26816
37 60 80474
37 61 42292
37 62 22110
37 63 25327
37 64 42589
37 65 42483
37 66 54974
37 67 65771
37 68 68917
37 69 99520
37 70 72637
37 71 46321
37 72 76615
37 73 44076
37 74 80395
37 75 93432
37 76 36472
37 77 56748
37 78 45230
37 79 87366
37 80 16538
37 81 65258
37 82 56040
37 83 58465
37 84 64903
37 85 68094
37 86 94868
37 87 80545
37 88 27168
37 89 59890
37 90 49731
37 91 88683
37 92 16040
37 93 50584
37 94 9736
37 95 79273
37 96 79790
37 97 56470
37 98 16577
37 99 71239
38 39 44074
38 40 61559
38 41 29824
38 42 76589
38 43 34837
38 44 15655
38 45 34311
38 46 39680
38 47 48316
38 48 28627
38 49 73115
38 50 26894
38 51 82386
38 52 34389
38 53 18163
38 54 45371
38 55 22342
38 56 48927
38 57 46989
38 58 24477
38 59 51320
38 60 20105
38 61 78836
38 62 65506
38 63 71246
38 64 32418
38 65 48080
38 66 21045
38 67 31404
38 68 23681
38 69 29603
38 70 54051
38 71 78246
38 72 47165
38 73 48424
38 74 42216
38 75 33402
38 76 71375
38 77 46962
38 78 36482
38 79 15604
38 80 59809
38 81 22203
38 82 73376
38 83 16549
38 84 33661
38 85 12195
38 86 20767
38 87 25106
38 88 55115
38 89 25631
38 90 63513
38 91 15991
38 92 75346
38 93 31325
38 94 72190
38 95 18373
38 96 27623
38 97 44004
38 98 61885
38 99 28638
39 40 92212
39 41 68262
39 42 93684
39 43 77172
39 44 58048
39 45 51784
39 46 25666
39 47 90920
39 48 15487
39 49 72144
39 50 63147
39 51 119946
39 52 50458
39 53 27381
39 54 79013
39 55 64416
39 56 79992
39 57 12581
39 58 56986
39 59 67698
39 60 24026
39 61 113785
39 62 94651
39 63 101493
39 64 59011
39 65 52948
39 66 47615
39 67 74653
39 68 28376
39 69 63624
39 70 31419
39 71 114454
39 72 22272
39 73 85694
39 74 15325
39 75 73916
39 76 72127
39 77 88123
39 78 49695
39 79 53440
39 80 77989
39 81 32669
39 82 112685
39 83 50996
39 84 76746
39 85 55255
39 86 50974
39 87 19552
39 88 85367
39 89 67092
39 90 102164
39 91 52262
39 92 86974
39 93 69167
39 94 96074
39 95 61770
39 96 18000
39 97 39460
39 98 87568
39 99 24159
40 41 33259
40 42 30681
40 43 67247
40 44 63616
40 45 41057
40 46 70581
40 47 38570
40 48 79460
40 49 57424
40 50 34737
40 51 32764
40 52 42567
40 53 67907
40 54 16486
40 55 65180
40 56 12797
40 57 86714
40 58 37905
40 59 31401
40 60 73061
40 61 23278
40 62 4852
40 63 9731
40 64 33328
40 65 48517
40 66 45756
40 67 43660
40 68 64059
40 69 80952
40 70 78424
40 71 25686
40 72 79302
40 73 19391
40 74 80682
40 75 72308
40 76 54457
40 77 31597
40 78 44212
40 79 70695
40 80 25893
40 81 59815
40 82 31865
40 83 45819
40 84 42268
40 85 51728
40 86 79008
40 87 74861
40 88 6874
40 89 40314
40 90 24066
40 91 72331
40 92 39121
40 93 31520
40 94 17223
40 95 60422
40 96 75116
40 97 60420
40 98 11163
40 99 68068
41 42 55228
41 43 37417
41 44 30414
41 45 28590
41 46 53180
41 47 24935
41 48 53455
41 49 65186
41 50 5809
41 51 52921
41 52 29955
41 53 41171
41 54 16806
41 55 32592
41 56 21699
41 57 66623
41 58 12841
41 59 36329
41 60 45589
41 61 49014
41 62 37715
41 63 42628
41 64 18467
41 65 44122
41 66 22081
41 67 15275
41 68 40727
41 69 48032
41 70 65481
41 71 48481
41 72 62385
41 73 18633
41 74 60706
41 75 41223
41 76 62610
41 77 20354
41 78 32927
41 79 37445
41 80 40649
41 81 36681
41 82 44654
41 83 17266
41 84 15536
41 85 18768
41 86 45812
41 87 48962
41 88 27608
41 89 7645
41 90 34342
41 91 39102
41 92 57985
41 93 1751
41 94 46888
41 95 27484
41 96 50263
41 97 49060
41 98 36600
41 99 45987
42 43 92480
42 44 83914
42 45 44787
42 46 68453
42 47 68127
42 48 84732
42 49 35247
42 50 53621
42 51 58411
42 52 45560
42 53 75661
42 54 40865
42 55 87329
42 56 35093
42 57 84679
42 58 52751
42 59 26798
42 60 80884
42 61 47198
42 62 26888
42 63 30261
42 64 44193
42 65 41119
42 66 56165
42 67 69171
42 68 69008
42 69 101953
42 70 70645
42 71 51246
42 72 75161
42 73 48209
42 74 79350
42 75 96447
42 76 32677
42 77 60905
42 78 45192
42 79 89490
42 80 16966
42 81 65523
42 82 60946
42 83 60198
42 84 68420
42 85 70352
42 86 96776
42 87 80628
42 88 31237
42 89 62858
42 90 54498
42 91 90734
42 92 11620
42 93 53613
42 94 14666
42 95 81897
42 96 79691
42 97 55111
42 98 20651
42 99 70973
43 44 19381
43 45 60654
43 46 74180
43 47 34030
43 48 62257
43 49 100211
43 50 40299
43 51 73515
43 52 61484
43 53 52928
43 54 52276
43 55 12789
43 56 57899
43 57 81589
43 58 44347
43 59 72885
43 60 54081
43 61 74926
43 62 72075
43 63 75261
43 64 53170
43 65 76579
43 66 48407
43 67 23676
43 68 58244
43 69 21364
43 70 88478
43 71 72388
43 72 81960
43 73 48215
43 74 77008
43 75 6664
43 76 97905
43 77 38288
43 78 64308
43 79 24169
43 80 78028
43 81 56099
43 82 62434
43 83 40840
43 84 24982
43 85 28727
43 86 29880
43 87 59369
43 88 63070
43 89 29942
43 90 55968
43 91 25714
43 92 95332
43 93 38953
43 94 82966
43 95 16656
43 96 62108
43 97 76371
43 98 73070
43 99 63387
44 45 45874
44 46 55307
44 47 40489
44 48 42968
44 49 85692
44 50 30450
44 51 78400
44 52 46362
44 53 33599
44 54 47211
44 55 6698
44 56 52021
44 57 62209
44 58 31676
44 59 60879
44 60 34722
44 61 76984
44 62 68121
44 63 72831
44 64 40787
44 65 61060
44 66 32610
44 67 24021
44 68 39307
44 69 18039
44 70 69669
44 71 75501
44 72 62803
44 73 46976
44 74 57670
44 75 17823
44 76 83673
44 77 41460
44 78 48904
44 79 8032
44 80 67913
44 81 37562
44 82 68234
44 83 25693
44 84 26349
44 85 13755
44 86 16581
44 87 39995
44 88 58007
44 89 23391
44 90 59517
44 91 9967
44 92 84597
44 93 32164
44 94 76993
44 95 4591
44 96 42727
44 97 58801
44 98 66604
44 99 44293
45 46 29605
45 47 53038
45 48 40644
45 49 39878
45 50 23103
45 51 71380
45 52 1610
45 53 30892
45 54 30621
45 55 51230
45 56 29767
45 57 45658
45 58 16896
45 59 18089
45 60 36142
45 61 63671
45 62 43064
45 63 49992
45 64 10707
45 65 16061
45 66 13446
45 67 42789
45 68 24726
45 69 62970
45 70 39092
45 71 65088
45 72 38529
45 73 39641
45 74 39633
45 75 62226
45 76 37804
45 77 47339
45 78 4371
45 79 49210
45 80 27930
45 81 20928
45 82 66270
45 83 20260
45 84 43633
45 85 32630
45 86 55075
45 87 36304
45 88 34379
45 89 33305
45 90 55754
45 91 49981
45 92 41622
45 93 28225
45 94 44604
45 95 45662
45 96 35793
45 97 21408
45 98 35790
45 99 27746
46 47 77911
46 48 22311
46 49 47145
46 50 47424
46 51 100801
46 52 28054
46 53 22966
46 54 59699
46 55 61960
46 56 59330
46 57 16509
46 58 40433
46 59 43194
46 60 25019
46 61 93275
46 62 72312
46 63 79290
46 64 39040
46 65 27432
46 66 31140
46 67 63884
46 68 16001
46 69 67451
46 70 14373
46 71 94630
46 72 9249
46 73 67981
46 74 10902
46 75 73082
46 76 46863
46 77 73468
46 78 26424
46 79 54168
46 80 53343
46 81 18294
46 82 95082
46 83 37427
46 84 65501
46 85 46710
46 86 55801
46 87 20733
46 88 63962
46 89 54752
46 90 84469
46 91 53847
46 92 61357
46 93 53532
46 94 72056
46 95 57525
46 96 17953
46 97 13794
46 98 64380
46 99 11408
47 48 75590
47 49 86479
47 50 30742
47 51 39560
47 52 54493
47 53 63545
47 54 28627
47 55 38165
47 56 34011
47 57 90653
47 58 37765
47 59 56787
47 60 67216
47 61 41217
47 62 43277
47 63 44551
47 64 42458
47 65 67876
47 66 46778
47 67 17060
47 68 64598
47 69 53219
47 70 90409
47 71 38437
47 72 87060
47 73 19933
47 74 84879
47 75 40397
47 76 83682
47 77 7257
47 78 57408
47 79 48490
47 80 57633
47 81 60788
47 82 28633
47 83 40910
47 84 14725
47 85 36211
47 86 56856
47 87 71368
47 88 36901
47 89 23882
47 90 22117
47 91 50434
47 92 74288
47 93 24943
47 94 55722
47 95 35962
47 96 73133
47 97 73907
47 98 47477
47 99 70020
48 49 68482
48 50 48593
48 51 105772
48 52 39575
48 53 12284
48 54 65321
48 55 49467
48 56 66902
48 57 20334
48 58 42845
48 59 58021
48 60 8542
48 61 100212
48 62 82324
48 63 88986
48 64 46163
48 65 45926
48 66 33887
48 67 59210
48 68 15919
48 69 50400
48 70 34181
48 71 100576
48 72 24930
48 73 71332
48 74 17608
48 75 59421
48 76 67835
48 77 73028
48 78 39571
48 79 39013
48 80 68237
48 81 19900
48 82 98072
48 83 36255
48 84 61324
48 85 39786
48 86 37856
48 87 4621
48 88 72587
48 89 51832
48 90 87643
48 91 38047
48 92 79542
48 93 54474
48 94 85191
48 95 46521
48 96 5118
48 97 34437
48 98 76006
48 99 14119
49 50 60733
49 51 89546
49 52 39330
49 53 63894
49 54 58375
49 55 91108
49 56 53846
49 57 60662
49 58 55881
49 59 29692
49 60 68168
49 61 78897
49 62 55741
49 63 61456
49 64 47319
49 65 25064
49 66 53095
49 67 80403
49 68 55589
49 69 102444
49 70 42901
49 71 82267
49 72 50378
49 73 68202
49 74 56820
49 75 102063
49 76 2968
49 77 79580
49 78 36845
49 79 88512
49 80 31555
49 81 53927
49 82 89185
49 83 60137
49 84 80702
49 85 72504
49 86 93539
49 87 65629
49 88 53937
49 89 71470
49 90 80383
49 91 89083
49 92 23820
49 93 64200
49 94 47200
49 95 85533
49 96 63527
49 97 34046
49 98 46503
49 99 54740
50 51 57266
50 52 24406
50 53 36341
50 54 18477
50 55 33739
50 56 22289
50 57 61076
50 58 7034
50 59 32606
50 60 40985
50 61 52520
50 62 38838
50 63 44389
50 64 13480
50 65 38875
50 66 16390
50 67 19876
50 68 35311
50 69 48451
50 70 59673
50 71 52391
50 72 56641
50 73 22779
50 74 55122
50 75 43368
50 76 58252
50 77 26052
50 78 27395
50 79 36708
50 80 38126
50 81 31191
50 82 49545
50 83 12394
50 84 20562
50 85 17368
50 86 44705
50 87 44039
50 88 28464
50 89 10741
50 90 39063
50 91 38192
50 92 55270
50 93 6165
50 94 46704
50 95 28278
50 96 45164
50 97 43308
50 98 36290
50 99 40486
51 52 72977
51 53 93566
51 54 41224
51 55 77134
51 56 41697
51 57 116252
51 58 63000
51 59 64101
51 60 98250
51 61 11258
51 62 33812
51 63 28430
51 64 61859
51 65 80894
51 66 72337
51 67 54437
51 68 91640
51 69 92585
51 70 110036
51 71 7290
51 72 109863
51 73 34488
51 74 110169
51 75 79943
51 76 86598
51 77 36969
51 78 75095
51 79 86393
51 80 58318
51 81 87364
51 82 11260
51 83 69659
51 84 52163
51 85 70520
51 86 94981
51 87 101185
51 88 38132
51 89 56969
51 90 18988
51 91 88296
51 92 68994
51 93 51654
51 94 43875
51 95 74118
51 96 102098
51 97 91992
51 98 43142
51 99 96367
52 53 30110
52 54 32231
52 55 51841
52 56 31350
52 57 44159
52 58 18037
52 59 18780
52 60 35325
52 61 65231
52 62 44509
52 63 51450
52 64 12251
52 65 15105
52 66 13783
52 67 43997
52 68 23675
52 69 63286
52 70 37485
52 71 66671
52 72 36950
52 73 41239
52 74 38148
52 75 62906
52 76 37341
52 77 48850
52 78 2994
52 79 49457
52 80 28790
52 81 19996
52 82 67880
52 83 20879
52 84 44893
52 85 33273
52 86 55125
52 87 35289
52 88 35913
52 89 34480
52 90 57363
52 91 50171
52 92 42010
52 93 29638
52 94 45788
52 95 46301
52 96 34675
52 97 19827
52 98 37114
52 99 26491
53 54 53343
53 55 40289
53 56 55224
53 57 28855
53 58 30757
53 59 48890
53 60 5299
53 61 88210
53 62 70999
53 63 77528
53 64 34841
53 65 39572
53 66 22151
53 67 47415
53 68 8399
53 69 44509
53 70 37138
53 71 88461
53 72 29447
53 73 59102
53 74 24079
53 75 51034
53 76 62761
53 77 60803
53 78 30811
53 79 31446
53 80 58822
53 81 10412
53 82 85792
53 83 23982
53 84 49460
53 85 28186
53 86 32871
53 87 7847
53 88 61053
53 89 39710
53 90 75375
53 91 30995
53 92 71691
53 93 42195
53 94 74760
53 95 36536
53 96 9745
53 97 30994
53 98 65202
53 99 11563
54 55 49075
54 56 5772
54 57 75029
54 58 22634
54 59 28845
54 60 58312
54 61 34891
54 62 20910
54 63 26002
54 64 20671
54 65 42576
54 66 31489
54 67 28648
54 68 50640
54 69 64713
54 70 69688
54 71 35452
54 72 68833
54 73 9973
54 74 68946
54 75 56865
54 76 55511
54 77 21472
54 78 34628
54 79 54218
54 80 29023
54 81 46349
54 82 35654
54 83 30184
54 84 27683
54 85 35257
54 86 62522
54 87 60702
54 88 10956
54 89 24046
54 90 25185
54 91 55847
54 92 45889
54 93 15060
54 94 30725
54 95 44153
54 96 61350
54 97 51827
54 98 20830
54 99 55224
55 56 54249
55 57 68852
55 58 36095
55 59 65361
55 60 41303
55 61 76684
55 62 69839
55 63 74056
55 64 45233
55 65 66737
55 66 38229
55 67 23017
55 68 45966
55 69 15939
55 70 76315
55 71 74825
55 72 69498
55 73 47467
55 74 64355
55 75 11350
55 76 88991
55 77 40278
55 78 54494
55 79 12037
55 80 71780
55 81 44123
55 82 66573
55 83 30975
55 84 25147
55 85 18608
55 86 19314
55 87 46603
55 88 60017
55 89 25062
55 90 58535
55 91 13822
55 92 88753
55 93 34319
55 94 79477
55 95 5631
55 96 49366
55 97 65120
55 98 69188
55 99 50979
56 57 75131
56 58 25109
56 59 24768
56 60 60346
56 61 34021
56 62 16583
56 63 22524
56 64 20983
56 65 39913
56 66 33084
56 67 34323
56 68 51696
56 69 69728
56 70 68360
56 71 35321
56 72 68296
56 73 14529
56 74 69059
56 75 62356
56 76 50937
56 77 26782
56 78 33402
56 79 58763
56 80 23696
56 81 47421
56 82 37599
56 83 33042
56 84 33418
56 85 39549
56 86 66913
56 87 62290
56 88 6190
56 89 29191
56 90 27597
56 91 60322
56 92 40310
56 93 19956
56 94 25268
56 95 49183
56 96 62664
56 97 50331
56 98 15174
56 99 55929
57 58 54341
57 59 59693
57 60 27676
57 61 109150
57 62 88617
57 63 95579
57 64 54417
57 65 43560
57 66 44758
57 67 75357
57 68 26055
57 69 70720
57 70 18941
57 71 110293
57 72 10284
57 73 82743
57 74 6084
57 75 79232
57 76 60886
57 77 86944
57 78 42757
57 79 59000
57 80 69813
57 81 29956
57 82 109944
57 83 49767
57 84 77239
57 85 56645
57 86 58190
57 87 22312
57 88 80011
57 89 66877
57 90 99321
57 91 58157
57 92 77080
57 93 67239
57 94 88565
57 95 65343
57 96 19486
57 97 29591
57 98 80824
57 99 20660
58 59 29283
58 60 35683
58 61 57460
58 62 41514
58 63 47633
58 64 9146
58 65 32931
58 66 9587
58 67 25985
58 68 28832
58 69 49600
58 70 52644
58 71 57731
58 72 49662
58 73 28721
58 74 48346
58 75 46572
58 76 53558
58 77 33037
58 78 21024
58 79 36762
58 80 36373
58 81 24622
58 82 55825
58 83 8041
58 84 26976
58 85 17923
58 86 44080
58 87 38238
58 88 31207
58 89 16446
58 90 45247
58 91 37984
58 92 52921
58 93 13099
58 94 47713
58 95 30468
58 96 39099
58 97 36422
58 98 37418
58 99 33856
59 60 54099
59 61 54566
59 62 31504
59 63 38335
59 64 20137
59 65 17638
59 66 30351
59 67 51593
59 68 42236
59 69 78665
59 70 48344
59 71 57081
59 72 50914
59 73 38773
59 74 54017
59 75 75646
59 76 26904
59 77 49901
59 78 18451
59 79 65382
59 80 10303
59 81 38725
59 82 61748
59 83 35613
59 84 51649
59 85 47137
59 86 71972
59 87 53864
59 88 26251
59 89 43210
59 90 52161
59 91 66391
59 92 24034
59 93 35155
59 94 28939
59 95 59739
59 96 53015
59 97 30920
59 98 22456
59 99 44425
60 61 93132
60 62 76209
60 63 82703
60 64 40083
60 65 44210
60 66 27321
60 67 50735
60 68 12684
60 69 43573
60 70 38599
60 71 93277
60 72 30123
60 73 63763
60 74 23754
60 75 51559
60 76 67163
60 77 64858
60 78 35921
60 79 31355
60 80 64071
60 81 15448
60 82 90242
60 83 28592
60 84 52871
60 85 31287
60 86 31363
60 87 5372
60 88 66217
60 89 43549
60 90 79903
60 91 30589
60 92 76735
60 93 46703
60 94 80058
60 95 38133
60 96 8350
60 97 34707
60 98 70485
60 99 14131
61 62 23423
61 63 17476
61 64 54903
61 65 71791
61 66 66366
61 67 53668
61 68 85416
61 69 92518
61 70 101619
61 71 4586
61 72 102156
61 73 30501
61 74 103079
61 75 81033
61 76 75969
61 77 36784
61 78 67093
61 79 84794
61 80 48006
61 81 81124
61 82 17537
61 83 64742
61 84 51582
61 85 67499
61 86 93404
61 87 95592
61 88 29447
61 89 54284
61 90 19112
61 91 86630
61 92 57899
61 93 47523
61 94 32724
61 95 72993
61 96 96213
61 97 83586
61 98 32838
61 99 89831
62 63 6990
62 64 36193
62 65 49015
62 66 48899
62 67 48469
62 68 66726
62 69 85564
62 70 79393
62 71 26545
62 72 80831
62 73 24236
62 74 82636
62 75 77098
62 76 52791
62 77 36363
62 78 45891
62 79 75092
62 80 24594
62 81 62531
62 82 34435
62 83 49512
62 84 47100
62 85 56001
62 86 83338
62 87 77753
62 88 10393
62 89 44896
62 90 27622
62 91 76697
62 92 36117
62 93 35967
62 94 12816
62 95 65015
62 96 77849
62 97 61520
62 98 9415
62 99 70496
63 64 42823
63 65 55903
63 66 55384
63 67 51958
63 68 73473
63 69 89923
63 70 86348
63 71 21166
63 72 87820
63 73 27057
63 74 89590
63 75 80620
63 76 58536
63 77 38107
63 78 52866
63 79 80058
63 80 30878
63 81 69255
63 82 30924
63 83 55550
63 84 50360
63 85 61242
63 86 88439
63 87 84399
63 88 16496
63 89 49449
63 90 26056
63 91 81728
63 92 40579
63 93 40908
63 94 15601
63 95 69475
63 96 84572
63 97 68496
63 98 15961
63 99 77334
64 65 25677
64 66 12926
64 67 33331
64 68 30751
64 69 58657
64 70 49530
64 71 55889
64 72 48199
64 73 29184
64 74 48333
64 75 55627
64 76 44888
64 77 36648
64 78 15051
64 79 45615
64 80 27540
64 81 26494
64 82 56106
64 83 16019
64 84 33893
64 85 27033
64 86 52636
64 87 41578
64 88 26456
64 89 24180
64 90 45519
64 91 46745
64 92 43840
64 93 17872
64 94 40521
64 95 39608
64 96 41788
64 97 32057
64 98 30583
64 99 34951
65 66 28510
65 67 58701
65 68 31528
65 69 77500
65 70 30771
65 71 74041
65 72 34134
65 73 52375
65 74 38298
65 75 77884
65 76 23505
65 77 61690
65 78 12283
65 79 63534
65 80 26943
65 81 29315
65 82 77512
65 83 35868
65 84 59433
65 85 48245
65 86 68476
65 87 42442
65 88 42762
65 89 49280
65 90 67407
65 91 64061
65 92 34070
65 93 43545
65 94 46182
65 95 61244
65 96 40814
65 97 14007
65 98 40080
65 99 31808
66 67 33457
66 68 19326
66 69 49533
66 70 43893
66 71 66875
66 72 40320
66 73 38220
66 74 38772
66 75 49405
66 76 51124
66 77 42423
66 78 16298
66 79 35766
66 80 39233
66 81 15078
66 82 65372
66 83 7607
66 84 34839
66 85 19803
66 86 41794
66 87 29266
66 88 38903
66 89 24011
66 90 54778
66 91 36559
66 92 54346
66 93 22549
66 94 53396
66 95 32754
66 96 29864
66 97 28774
66 98 43508
66 99 24276
67 68 49466
67 69 38873
67 70 77218
67 71 51848
67 72 72787
67 73 24958
67 74 69796
67 75 28681
67 76 77851
67 77 17469
67 78 46989
67 79 32047
67 80 55456
67 81 45994
67 82 44214
67 83 26494
67 84 2367
67 85 19470
67 86 40591
67 87 55147
67 88 39398
67 89 9572
67 90 35649
67 91 33971
67 92 72807
67 93 16466
67 94 59301
67 95 19682
67 96 57126
67 97 62032
67 98 49472
67 99 54962
68 69 51900
68 70 30370
68 71 86086
68 72 23895
68 73 57535
68 74 20346
68 75 57082
68 76 54523
68 77 60982
68 78 23820
68 79 38372
68 80 52401
68 81 4293
68 82 84656
68 83 23724
68 84 51286
68 85 31304
68 86 40717
68 87 11630
68 88 57192
68 89 40839
68 90 74077
68 91 38174
68 92 64330
68 93 41444
68 94 69282
68 95 41599
68 96 11156
68 97 22614
68 98 60173
68 99 5499
69 70 81641
69 71 90548
69 72 73611
69 73 63403
69 74 67291
69 75 14999
69 76 100582
69 77 55940
69 78 65624
69 79 14005
69 80 85914
69 81 51296
69 82 81828
69 83 43156
69 84 40936
69 85 31704
69 86 12656
69 87 48849
69 88 75612
69 89 40673
69 90 74184
69 91 13794
69 92 102497
69 93 49779
69 94 94841
69 95 20562
69 96 51897
69 97 73405
69 98 84480
69 99 56045
70 71 103477
70 72 9569
70 73 78687
70 74 17329
70 75 87452
70 76 43531
70 77 85456
70 78 35079
70 79 68482
70 80 57648
70 81 32427
70 82 105342
70 83 50750
70 84 78696
70 85 60728
70 86 69799
70 87 33785
70 88 72207
70 89 67873
70 90 94844
70 91 68113
70 92 61718
70 93 65610
70 94 76920
70 95 71823
70 96 30766
70 97 18052
70 98 70688
70 99 25664
71 72 103616
71 73 29848
71 74 104211
71 75 78621
71 76 79322
71 77 34614
71 78 68680
71 79 83400
71 80 51085
71 81 81796
71 82 13169
71 83 64737
71 84 49678
71 85 66651
71 86 92018
71 87 95967
71 88 31339
71 89 53243
71 90 16445
71 91 85267
71 92 61742
71 93 47084
71 94 36665
71 95 71384
71 96 96730
71 97 85425
71 98 35899
71 99 90663
72 73 77202
72 74 7762
72 75 80411
72 76 50619
72 77 82691
72 78 35097
72 79 60864
72 80 60829
72 81 26864
72 82 104279
72 83 46417
72 84 74463
72 85 55145
72 86 61486
72 87 25037
72 88 72765
72 89 63764
72 90 93671
72 91 60328
72 92 67181
72 93 62759
72 94 79851
72 95 65359
72 96 21967
72 97 20153
72 98 72638
72 99 18587
73 74 76691
73 75 53580
73 76 65317
73 77 12696
73 78 43816
73 79 54616
73 80 38191
73 81 53298
73 82 27201
73 83 35172
73 84 23307
73 85 36998
73 86 63191
73 87 66760
73 88 16974
73 89 23880
73 90 16580
73 91 56410
73 92 54507
73 93 17252
73 94 36182
73 95 43244
73 96 67768
73 97 61027
73 98 27566
73 99 62461
74 75 74988
74 76 56811
74 77 81046
74 78 36820
74 79 55017
74 80 64201
74 81 24100
74 82 103890
74 83 43969
74 84 71630
74 85 51336
74 86 54947
74 87 18442
74 88 73966
74 89 61172
74 90 93266
74 91 54320
74 92 72121
74 93 61287
74 94 82817
74 95 60584
74 96 15406
74 97 24490
74 98 74928
74 99 14873
75 76 99881
75 77 44278
75 78 65614
75 79 20479
75 80 81458
75 81 55384
75 82 68912
75 83 42033
75 84 30282
75 85 29642
75 86 24777
75 87 56920
75 88 67774
75 89 33589
75 90 62179
75 91 21703
75 92 98637
75 93 42858
75 94 87581
75 95 16655
75 96 59790
75 97 76470
75 98 77506
75 99 61983
76 77 76757
76 78 34962
76 79 86690
76 80 28587
76 81 52664
76 82 86217
76 83 58049
76 84 78107
76 85 70383
76 86 91902
76 87 64827
76 88 50979
76 89 68993
76 90 77425
76 91 87310
76 92 21391
76 93 61591
76 94 44367
76 95 83399
76 96 62829
76 97 33482
76 98 43543
76 99 53955
77 78 51696
77 79 49471
77 80 50437
77 81 56989
77 82 26863
77 83 37320
77 84 15200
77 85 34784
77 86 58039
77 87 68648
77 88 29670
77 89 21442
77 90 18259
77 91 51385
77 92 67039
77 93 19940
77 94 48665
77 95 37151
77 96 70169
77 97 68518
77 98 40259
77 99 66292
78 79 51729
78 80 28692
78 81 20475
78 82 70275
78 83 23589
78 84 47887
78 85 35973
78 86 57138
78 87 35436
78 88 37676
78 89 37468
78 90 59805
78 91 52371
78 92 40911
78 93 32586
78 94 46379
78 95 48983
78 96 34567
78 97 17220
78 98 38124
78 99 26052
79 80 73106
79 81 37484
79 82 76261
79 83 29771
79 84 34379
79 85 19359
79 86 8618
79 87 36726
79 88 64849
79 89 30817
79 90 67486
79 91 1945
79 92 89351
79 93 39178
79 94 83408
79 95 12529
79 96 39672
79 97 59506
79 98 72994
79 99 42818
80 81 48786
80 82 57633
80 83 43549
80 84 55086
80 85 54212
80 86 80169
80 87 64031
80 88 22627
80 89 48092
80 90 48995
80 91 74271
80 92 17354
80 93 39190
80 94 19281
80 95 66240
80 96 63254
80 97 40710
80 98 15192
80 99 54709
81 82 80441
81 83 19881
81 84 47735
81 85 28417
81 86 40715
81 87 15441
81 88 52945
81 89 37153
81 90 69853
81 91 37502
81 92 61305
81 93 37342
81 94 65337
81 95 39458
81 96 15318
81 97 22190
81 98 56107
81 99 9306
82 83 61819
82 84 41886
82 85 61301
82 86 84793
82 87 93547
82 88 35586
82 89 47753
82 90 10627
82 91 78185
82 92 70552
82 93 43598
82 94 46326
82 95 63851
82 96 94708
82 97 87457
82 98 42997
82 99 89637
83 84 28075
83 85 12394
83 86 36620
83 87 31730
83 88 39175
83 89 17348
83 90 51393
83 91 30814
83 92 59587
83 93 18222
83 94 55687
83 95 25423
83 96 32997
83 97 36254
83 98 45424
83 99 29117
84 85 21654
84 86 42909
84 87 57220
84 88 38276
84 89 10829
84 90 33424
84 91 36306
84 92 72411
84 93 16524
84 94 58184
84 95 21979
84 96 59150
84 97 63243
84 98 48499
84 99 56775
85 86 27365
85 87 35812
85 88 45683
85 89 13570
85 90 51578
85 91 20823
85 92 70844
85 93 20428
85 94 64054
85 95 13032
85 96 37931
85 97 47708
85 98 53640
85 99 36754
86 87 36543
86 88 73040
86 89 39354
86 90 76088
86 91 6781
86 92 96006
86 93 47531
86 94 91299
86 95 20955
86 96 39611
86 97 62888
86 98 80891
86 99 44422
87 88 67989
87 89 47548
87 90 83099
87 91 35950
87 92 75750
87 93 49952
87 94 80777
87 95 43306
87 96 3074
87 97 31714
87 98 71516
87 99 10888
88 89 34969
88 90 26446
88 91 66428
88 92 37930
88 93 25857
88 94 19910
88 95 55051
88 96 68244
88 97 54162
88 98 10608
88 99 61231
89 90 38014
89 91 32578
89 92 65390
89 93 9322
89 94 54438
89 95 20119
89 96 49261
89 97 52482
89 98 44191
89 99 46299
90 91 69381
90 92 63175
90 93 33201
90 94 40293
90 95 55294
90 96 84203
90 97 77011
90 98 35113
90 99 79033
91 92 90392
91 93 40828
91 94 84867
91 95 14473
91 96 38934
91 97 59618
91 98 74453
91 99 42461
92 93 56538
92 94 25201
92 95 83171
92 96 74428
92 97 47631
92 98 28101
92 99 65478
93 94 45158
93 95 29228
93 96 51171
93 97 48965
93 98 34882
93 99 46641
94 95 74340
94 96 80388
94 97 59814
94 98 10415
94 99 72268
95 96 45925
95 97 60032
95 98 64006
95 99 46776
96 97 29507
96 98 71327
96 99 9006
97 98 52992
97 99 20854
98 99 63523
