120 7140
0 1 108319
0 2 23435
0 3 78570
0 4 87881
0 5 21188
0 6 67690
0 7 63374
0 8 8831
0 9 56547
0 10 33334
0 11 78192
0 12 14595
0 13 95992
0 14 80494
0 15 105517
0 16 73826
0 17 35402
0 18 37906
0 19 56109
0 20 15295
0 21 63459
0 22 88585
0 23 80469
0 24 19783
0 25 99688
0 26 51546
0 27 12962
0 28 115032
0 29 39872
0 30 88438
0 31 8163
0 32 83656
0 33 80632
0 34 88380
0 35 64778
0 36 96730
0 37 53349
0 38 116955
0 39 78923
0 40 9411
0 41 42792
0 42 105508
0 43 87560
0 44 99853
0 45 78215
0 46 97396
0 47 64739
0 48 16211
0 49 32622
0 50 77531
0 51 68470
0 52 15117
0 53 22741
0 54 104216
0 55 55489
0 56 85814
0 57 45508
0 58 91539
0 59 66186
0 60 12689
0 61 90309
0 62 49541
0 63 57093
0 64 107176
0 65 47594
0 66 76308
0 67 56272
0 68 83984
0 69 58619
0 70 39803
0 71 87290
0 72 46443
0 73 39640
0 74 104690
0 75 100462
0 76 62699
0 77 59406
0 78 69096
0 79 71246
0 80 78896
0 81 24583
0 82 75742
0 83 66686
0 84 7077
0 85 73678
0 86 80260
0 87 20243
0 88 77782
0 89 16467
0 90 75902
0 91 89901
0 92 26235
0 93 80544
0 94 92686
0 95 46797
0 96 53387
0 97 83732
0 98 49997
0 99 90654
0 100 55003
0 101 59395
0 102 77865
0 103 61632
0 104 85545
0 105 79569
0 106 38469
0 107 50232
0 108 54695
0 109 43371
0 110 68632
0 111 63128
0 112 31900
0 113 38471
0 114 72866
0 115 82912
0 116 83034
0 117 85165
0 118 85646
0 119 58820
1 2 90593
1 3 57598
1 4 32102
1 5 95364
1 6 45230
1 7 50839
1 8 102494
1 9 52102
1 10 91520
1 11 34315
1 12 94305
1 13 22257
1 14 45633
1 15 3200
1 16 86636
1 17 72927
1 18 73672
1 19 79331
1 20 105324
1 21 79429
1 22 59056
1 23 55548
1 24 88999
1 25 9496
1 26 59391
1 27 119821
1 28 14787
1 29 68714
1 30 20327
1 31 100890
1 32 84376
1 33 30940
1 34 38606
1 35 45087
1 36 40145
1 37 57458
1 38 17921
1 39 81402
1 40 100487
1 41 75706
1 42 2960
1 43 62099
1 44 14503
1 45 83704
1 46 24679
1 47 54083
1 48 120591
1 49 80750
1 50 53453
1 51 43207
1 52 119034
1 53 96181
1 54 11793
1 55 82656
1 56 29485
1 57 92944
1 58 35292
1 59 79592
1 60 117856
1 61 18097
1 62 60910
1 63 55979
1 64 20752
1 65 69942
1 66 35734
1 67 69065
1 68 75199
1 69 50651
1 70 79387
1 71 34612
1 72 68733
1 73 70220
1 74 3651
1 75 7902
1 76 72679
1 77 71216
1 78 65354
1 79 90060
1 80 76405
1 81 87449
1 82 89121
1 83 41967
1 84 103312
1 85 47879
1 86 75649
1 87 89647
1 88 30915
1 89 104193
1 90 90867
1 91 59919
1 92 100115
1 93 33575
1 94 16501
1 95 74185
1 96 67264
1 97 37304
1 98 58851
1 99 54824
1 100 60731
1 101 57212
1 102 37632
1 103 69997
1 104 58883
1 105 32134
1 106 76360
1 107 68578
1 108 74094
1 109 70960
1 110 60687
1 111 68766
1 112 77737
1 113 82941
1 114 57332
1 115 81695
1 116 30612
1 117 75282
1 118 67957
1 119 49994
2 3 55295
2 4 75438
2 5 4865
2 6 55582
2 7 42149
2 8 24100
2 9 41757
2 10 12344
2 11 58136
2 12 11214
2 13 81840
2 14 58072
2 15 87585
2 16 51729
2 17 22161
2 18 31540
2 19 33107
2 20 14797
2 21 64986
2 22 83373
2 23 57265
2 24 10138
2 25 82738
2 26 40667
2 27 36323
2 28 95421
2 29 23296
2 30 71788
2 31 20631
2 32 61119
2 33 66201
2 34 66350
2 35 45604
2 36 74338
2 37 41989
2 38 97034
2 39 56195
2 40 21884
2 41 40743
2 42 87964
2 43 64139
2 44 84279
2 45 55711
2 46 83901
2 47 42469
2 48 39576
2 49 10214
2 50 54511
2 51 48378
2 52 38382
2 53 32401
2 54 84900
2 55 32899
2 56 65393
2 57 25290
2 58 80252
2 59 67711
2 60 36065
2 61 72544
2 62 38527
2 63 46935
2 64 86631
2 65 24679
2 66 62581
2 67 32886
2 68 83349
2 69 44690
2 70 39525
2 71 65827
2 72 24063
2 73 30204
2 74 87073
2 75 82703
2 76 61707
2 77 57644
2 78 65660
2 79 49694
2 80 78894
2 81 3672
2 82 53924
2 83 48749
2 84 16434
2 85 64377
2 86 79965
2 87 6870
2 88 59690
2 89 32509
2 90 54322
2 91 66510
2 92 12495
2 93 60131
2 94 76121
2 95 44785
2 96 48880
2 97 72311
2 98 36442
2 99 84295
2 100 32912
2 101 50977
2 102 56987
2 103 38200
2 104 80343
2 105 59832
2 106 15749
2 107 27222
2 108 31291
2 109 37881
2 110 63470
2 111 60634
2 112 24832
2 113 40352
2 114 66852
2 115 60159
2 116 69227
2 117 61983
2 118 62236
2 119 44150
3 4 65053
3 5 58596
3 6 56102
3 7 23431
3 8 77214
3 9 46031
3 10 48853
3 11 28256
3 12 64658
3 13 63869
3 14 12182
3 15 54532
3 16 29134
3 17 52134
3 18 61804
3 19 27710
3 20 68334
3 21 89753
3 22 89011
3 23 2505
3 24 60326
3 25 54791
3 26 55175
3 27 91525
3 28 54069
3 29 46027
3 30 49035
3 31 74139
3 32 27439
3 33 53810
3 34 19437
3 35 31608
3 36 23075
3 37 54339
3 38 54180
3 39 23911
3 40 74814
3 41 70625
3 42 56300
3 43 10664
3 44 60791
3 45 26149
3 46 67343
3 47 17760
3 48 94462
3 49 46061
3 50 4778
3 51 27262
3 52 93157
3 53 79286
3 54 46876
3 55 30523
3 56 28971
3 57 43532
3 58 71454
3 59 91615
3 60 91003
3 61 45129
3 62 54621
3 63 58081
3 64 42794
3 65 31145
3 66 54319
3 67 22533
3 68 98838
3 69 48525
3 70 72596
3 71 22987
3 72 32883
3 73 57018
3 74 55367
3 75 51673
3 76 83206
3 77 79400
3 78 81010
3 79 32819
3 80 96782
3 81 54028
3 82 31541
3 83 36342
3 84 71681
3 85 67279
3 86 96998
3 87 58778
3 88 37834
3 89 83624
3 90 33289
3 91 11943
3 92 58695
3 93 26904
3 94 51901
3 95 72382
3 96 70023
3 97 66117
3 98 49093
3 99 86984
3 100 25863
3 101 63213
3 102 23380
3 103 18542
3 104 86895
3 105 30383
3 106 40230
3 107 28461
3 108 25482
3 109 64445
3 110 76173
3 111 79803
3 112 60353
3 113 75762
3 114 76321
3 115 24741
3 116 57340
3 117 19367
3 118 13261
3 119 46478
4 5 80257
4 6 20261
4 7 46884
4 8 80562
4 9 33787
4 10 80524
4 11 36922
4 12 75549
4 13 10489
4 14 53761
4 15 31263
4 16 90414
4 17 54071
4 18 50218
4 19 76712
4 20 89015
4 21 47860
4 22 28276
4 23 63990
4 24 70601
4 25 23403
4 26 36361
4 27 97681
4 28 46085
4 29 52170
4 30 18587
4 31 79829
4 32 91896
4 33 11527
4 34 51579
4 35 37515
4 36 57998
4 37 34610
4 38 49200
4 39 87550
4 40 78967
4 41 48903
4 42 29459
4 43 73520
4 44 17827
4 45 89356
4 46 10161
4 47 52749
4 48 97425
4 49 67247
4 50 60276
4 51 39596
4 52 95870
4 53 71324
4 54 37835
4 55 79825
4 56 39001
4 57 86330
4 58 6407
4 59 47793
4 60 95213
4 61 24312
4 62 38413
4 63 30880
4 64 47152
4 65 61850
4 66 13279
4 67 65734
4 68 43522
4 69 30749
4 70 52681
4 71 46567
4 72 59418
4 73 48276
4 74 29283
4 75 27625
4 76 41400
4 77 40567
4 78 33600
4 79 92590
4 80 44389
4 81 71834
4 82 93311
4 83 32121
4 84 84367
4 85 17069
4 86 43699
4 87 72271
4 88 27219
4 89 80020
4 90 94915
4 91 72562
4 92 87066
4 93 38793
4 94 18795
4 95 46356
4 96 38853
4 97 5453
4 98 39122
4 99 24670
4 100 54373
4 101 29723
4 102 41806
4 103 69445
4 104 27508
4 105 34980
4 106 64780
4 107 61718
4 108 70567
4 109 45669
4 110 29252
4 111 37646
4 112 55984
4 113 55890
4 114 25504
4 115 89268
4 116 7844
4 117 84412
4 118 78029
4 119 31423
5 6 60354
5 7 46573
5 8 23611
5 9 46603
5 10 12290
5 11 62719
5 12 11874
5 13 86702
5 14 62022
5 15 92344
5 16 52753
5 17 26757
5 18 35542
5 19 34959
5 20 10261
5 21 68392
5 22 87705
5 23 60656
5 24 12895
5 25 87557
5 26 45291
5 27 33721
5 28 100000
5 29 28140
5 30 76627
5 31 20117
5 32 62493
5 33 71061
5 34 70439
5 35 50334
5 36 78257
5 37 46659
5 38 101566
5 39 57737
5 40 21640
5 41 44353
5 42 92748
5 43 67059
5 44 89137
5 45 57055
5 46 88754
5 47 46558
5 48 37374
5 49 14737
5 50 58099
5 51 52987
5 52 36305
5 53 33721
5 54 89530
5 55 34303
5 56 69897
5 57 24997
5 58 85029
5 59 71139
5 60 33855
5 61 77330
5 62 43145
5 63 51544
5 64 91070
5 65 28566
5 66 67426
5 67 36069
5 68 87162
5 69 49515
5 70 42847
5 71 70098
5 72 28271
5 73 34558
5 74 91854
5 75 87478
5 76 65436
5 77 61439
5 78 69722
5 79 50349
5 80 82602
5 81 8423
5 82 54760
5 83 53561
5 84 14138
5 85 69000
5 86 83718
5 87 9775
5 88 64474
5 89 32525
5 90 55006
5 91 69548
5 92 8710
5 93 64651
5 94 80960
5 95 48460
5 96 52933
5 97 77082
5 98 41220
5 99 88737
5 100 37142
5 101 55464
5 102 61426
5 103 40982
5 104 84664
5 105 64456
5 106 19942
5 107 30999
5 108 33924
5 109 41903
5 110 67712
5 111 64548
5 112 28718
5 113 43354
5 114 71199
5 115 61726
5 116 74079
5 117 64044
5 118 64794
5 119 48996
6 7 33977
6 8 60534
6 9 14805
6 10 61590
6 11 31521
6 12 55295
6 13 28596
6 14 46986
6 15 43183
6 16 77343
6 17 33912
6 18 30274
6 19 61216
6 20 68884
6 21 37731
6 22 33725
6 23 55774
6 24 50374
6 25 35755
6 26 16143
6 27 77764
6 28 56475
6 29 32498
6 30 25387
6 31 59675
6 32 80770
6 33 14376
6 34 48307
6 35 24697
6 36 56639
6 37 14359
6 38 59258
6 39 75908
6 40 58868
6 41 30590
6 42 42273
6 43 66056
6 44 33625
6 45 77338
6 46 29738
6 47 40338
6 48 77748
6 49 47931
6 50 51587
6 51 28852
6 52 76186
6 53 52078
6 54 46114
6 55 64060
6 56 37265
6 57 68714
6 58 24676
6 59 38801
6 60 75395
6 61 29892
6 62 18167
6 63 11142
6 64 53398
6 65 44793
6 66 9565
6 67 50657
6 68 42849
6 69 11410
6 70 34324
6 71 43871
6 72 41991
6 73 28054
6 74 41696
6 75 38290
6 76 30631
6 77 27965
6 78 25952
6 79 78776
6 80 41237
6 81 51942
6 82 80313
6 83 19761
6 84 64106
6 85 11522
6 86 41274
6 87 52121
6 88 22957
6 89 60567
6 90 81767
6 91 65956
6 92 67485
6 93 34358
6 94 28763
6 95 28957
6 96 22208
6 97 16729
6 98 19140
6 99 32646
6 100 38870
6 101 12111
6 102 35573
6 103 55489
6 104 31285
6 105 30649
6 106 46154
6 107 45241
6 108 55025
6 109 26350
6 110 20821
6 111 26682
6 112 35793
6 113 37816
6 114 20280
6 115 78320
6 116 15803
6 117 74670
6 118 69333
6 119 12721
7 8 59949
7 9 22646
7 10 40972
7 11 16686
7 12 48785
7 13 48805
7 14 18605
7 15 47670
7 16 43851
7 17 31525
7 18 39551
7 19 30301
7 20 56827
7 21 66326
7 22 67614
7 23 23823
7 24 43712
7 25 44539
7 26 31765
7 27 76080
7 28 53646
7 29 25469
7 30 35169
7 31 57369
7 32 46793
7 33 35391
7 34 25303
7 35 9571
7 36 34091
7 37 30908
7 38 55075
7 39 41956
7 40 57608
7 41 47714
7 42 48565
7 43 34022
7 44 48322
7 45 43453
7 46 51869
7 47 6363
7 48 78162
7 49 31936
7 50 19600
7 51 7994
7 52 76714
7 53 59159
7 54 43476
7 55 33550
7 56 23397
7 57 42368
7 58 53155
7 59 68208
7 60 74907
7 61 33758
7 62 31292
7 63 34734
7 64 44498
7 65 19229
7 66 34412
7 67 19333
7 68 76118
7 69 25294
7 70 49977
7 71 23918
7 72 18496
7 73 34735
7 74 47613
7 75 43247
7 76 59813
7 77 55980
7 78 57947
7 79 45774
7 80 73776
7 81 39630
7 82 46796
7 83 15005
7 84 57168
7 85 45462
7 86 74078
7 87 43206
7 88 21890
7 89 64841
7 90 48335
7 91 34743
7 92 50036
7 93 18222
7 94 39163
7 95 49199
7 96 46599
7 97 46584
7 98 25816
7 99 66154
7 100 9953
7 101 39943
7 102 14853
7 103 22561
7 104 65246
7 105 18744
7 106 26694
7 107 17740
7 108 24378
7 109 41485
7 110 53247
7 111 56463
7 112 39333
7 113 53316
7 114 53803
7 115 44348
7 116 39085
7 117 40955
7 118 36225
7 119 23258
8 9 50410
8 10 35756
8 11 73783
8 12 13048
8 13 89051
8 14 77811
8 15 99798
8 16 75818
8 17 29922
8 18 30346
8 19 57104
8 20 21301
8 21 54628
8 22 80042
8 23 78920
8 24 16888
8 25 93625
8 26 44455
8 27 17366
8 28 110037
8 29 35165
8 30 82369
8 31 3504
8 32 85201
8 33 73924
8 34 85231
8 35 60145
8 36 93869
8 37 46324
8 38 112117
8 39 80241
8 40 2400
8 41 34319
8 42 99630
8 43 86762
8 44 93310
8 45 79799
8 46 90265
8 47 62125
8 48 18396
8 49 31408
8 50 75658
8 51 64240
8 52 16889
8 53 13978
8 54 99142
8 55 56997
8 56 81520
8 57 48599
8 58 83926
8 59 57355
8 60 15410
8 61 84653
8 62 42552
8 63 49682
8 64 102768
8 65 46093
8 66 69452
8 67 55543
8 68 75168
8 69 52156
8 70 31195
8 71 83682
8 72 44409
8 73 32708
8 74 98847
8 75 94710
8 76 53941
8 77 50711
8 78 60478
8 79 73686
8 80 70072
8 81 23910
8 82 77979
8 83 61450
8 84 11373
8 85 65827
8 86 71440
8 87 18736
8 88 72417
8 89 9166
8 90 78330
8 91 88877
8 92 30656
8 93 76309
8 94 86544
8 95 38248
8 96 45037
8 97 76213
8 98 43697
8 99 82230
8 100 52440
8 101 51576
8 102 73957
8 103 61368
8 104 77014
8 105 74965
8 106 37115
8 107 48786
8 108 54755
8 109 35402
8 110 60196
8 111 54467
8 112 24965
8 113 29712
8 114 64502
8 115 84192
8 116 76118
8 117 85736
8 118 85455
8 119 52581
9 10 46950
9 11 27414
9 12 43055
9 13 40226
9 14 39228
9 15 49454
9 16 64089
9 17 21285
9 18 22295
9 19 47024
9 20 55691
9 21 43756
9 22 47529
9 23 46250
9 24 37859
9 25 43229
9 26 9928
9 27 67756
9 28 60515
9 29 18463
9 30 31969
9 31 48917
9 32 68517
9 33 24584
9 34 43121
9 35 15365
9 36 52119
9 37 8605
9 38 62867
9 39 63446
9 40 48438
9 41 27522
9 42 49227
9 43 56546
9 44 43402
9 45 64642
9 46 42165
9 47 28764
9 48 68495
9 49 33484
9 50 41985
9 51 20517
9 52 66939
9 53 44728
9 54 49605
9 55 49735
9 56 34864
9 57 53922
9 58 38945
9 59 45585
9 60 65756
9 61 34408
9 62 10333
9 63 12101
9 64 54721
9 65 30185
9 66 20823
9 67 36823
9 68 54065
9 69 3444
9 70 30563
9 71 39662
9 72 27298
9 73 18315
9 74 48453
9 75 44358
9 76 37176
9 77 33387
9 78 35569
9 79 65143
9 80 51401
9 81 38197
9 82 67057
9 83 13174
9 84 52070
9 85 25668
9 86 51798
9 87 39114
9 88 22852
9 89 52337
9 90 68420
9 91 57046
9 92 53280
9 93 30391
9 94 36175
9 95 27998
9 96 24257
9 97 31126
9 98 6769
9 99 46973
9 100 25145
9 101 17385
9 102 29850
9 103 42153
9 104 44846
9 105 27682
9 106 31395
9 107 30840
9 108 40889
9 109 21518
9 110 31097
9 111 33822
9 112 25659
9 113 34187
9 114 32306
9 115 66214
9 116 27488
9 117 63372
9 118 58865
9 119 2395
10 11 57645
10 12 23317
10 13 85681
10 14 54010
10 15 88390
10 16 40501
10 17 30695
10 18 41660
10 19 23334
10 20 20149
10 21 75843
10 22 91771
10 23 51092
10 24 22364
10 25 84490
10 26 48224
10 27 45562
10 28 94454
10 29 29510
10 30 74082
10 31 32252
10 32 50344
10 33 70322
10 34 62794
10 35 46779
10 36 69933
10 37 49203
10 38 95706
10 39 45685
10 40 33686
10 41 51474
10 42 89100
10 43 56478
10 44 87065
10 45 44903
10 46 88121
10 47 39424
10 48 49432
10 49 13964
10 50 49064
10 51 48330
10 52 48423
10 53 44744
10 54 84434
10 55 22299
10 56 64193
10 57 12980
10 58 85876
10 59 78517
10 60 45926
10 61 73873
10 62 46184
10 63 54426
10 64 84759
10 65 21755
10 66 67303
10 67 26630
10 68 93320
10 69 50231
10 70 50713
10 71 63201
10 72 22795
10 73 39354
10 74 88167
10 75 83769
10 76 71993
10 77 67824
10 78 75100
10 79 38059
10 80 89115
10 81 14575
10 82 42476
10 83 50947
10 84 26348
10 85 71494
10 86 90087
10 87 19151
10 88 61182
10 89 44500
10 90 42716
10 91 59155
10 92 9853
10 93 59128
10 94 78356
10 95 55345
10 96 58533
10 97 78075
10 98 42895
10 99 92210
10 100 31028
10 101 59049
10 102 55503
10 103 30539
10 104 88805
10 105 59640
10 106 15822
10 107 23569
10 108 23440
10 109 47804
10 110 72365
10 111 70511
10 112 35407
10 113 51911
10 114 75323
10 115 49677
10 116 73657
10 117 52360
10 118 53677
10 119 49241
11 12 63663
11 13 35821
11 14 16870
11 15 31126
11 16 55275
11 17 44050
11 18 49015
11 19 45360
11 20 72918
11 21 68622
11 22 62223
11 23 27084
11 24 58414
11 25 28762
11 26 37239
11 27 90562
11 28 37286
11 29 38623
11 30 21084
11 31 71555
11 32 55476
11 33 25938
11 34 16792
11 35 13697
11 36 25340
11 37 35684
11 38 38943
11 39 51454
11 40 71539
11 41 54932
11 42 32173
11 43 36655
11 44 33622
11 45 53452
11 46 39237
11 47 19880
11 48 92175
11 49 47986
11 50 23487
11 51 9788
11 52 90671
11 53 70726
11 54 26881
11 55 48687
11 56 7781
11 57 58633
11 58 43301
11 59 69959
11 60 89082
11 61 18139
11 62 37741
11 63 37424
11 64 29011
11 65 35912
11 66 27242
11 67 34847
11 68 73863
11 69 28223
11 70 57954
11 71 12563
11 72 35033
11 73 44517
11 74 31211
11 75 26911
11 76 61600
11 77 58422
11 78 57472
11 79 58091
11 80 72637
11 81 55344
11 82 58037
11 83 14255
11 84 72388
11 85 41533
11 86 72581
11 87 58389
11 88 9848
11 89 77481
11 90 59726
11 91 35885
11 92 66614
11 93 3003
11 94 24429
11 95 55208
11 96 50514
11 97 38430
11 98 33348
11 99 59740
11 100 26639
11 101 41551
11 102 4890
11 103 36377
11 104 60408
11 105 2341
11 106 43053
11 107 34381
11 108 39909
11 109 48919
11 110 52339
11 111 57772
11 112 50797
11 113 61564
11 114 51440
11 115 52804
11 116 29331
11 117 47615
11 118 41116
11 119 26470
12 13 83062
12 14 66041
12 15 91444
12 16 62906
12 17 21781
12 18 27183
12 19 44068
12 20 14867
12 21 57977
12 22 79588
12 23 66457
12 24 5313
12 25 85863
12 26 39344
12 27 27355
12 28 100614
12 29 25613
12 30 74656
12 31 9678
12 32 72195
12 33 67510
12 34 73836
12 35 50328
12 36 82247
12 37 40999
12 38 102488
12 39 67214
12 40 10751
12 41 34633
12 42 91536
12 43 74000
12 44 86451
12 45 66804
12 46 84716
12 47 50283
12 48 29866
12 49 18619
12 50 63360
12 51 53920
12 52 28524
12 53 21847
12 54 89836
12 55 44025
12 56 71257
12 57 36292
12 58 79705
12 59 60745
12 60 26459
12 61 76236
12 62 37232
12 63 45315
12 64 92624
12 65 33523
12 66 63399
12 67 42705
12 68 77463
12 69 45435
12 70 32571
12 71 72699
12 72 32124
12 73 27605
12 74 90697
12 75 86420
12 76 55690
12 77 51890
12 78 60815
12 79 60908
12 80 72694
12 81 10892
12 82 65126
12 83 52468
12 84 9032
12 85 62540
12 86 73900
12 87 5880
12 88 63585
12 89 21295
12 90 65534
12 91 76198
12 92 20207
12 93 65983
12 94 78947
12 95 38808
12 96 44219
12 97 71781
12 98 36776
12 99 81090
12 100 40540
12 101 48433
12 102 63275
12 103 48423
12 104 76525
12 105 65080
12 106 24429
12 107 36201
12 108 41744
12 109 33358
12 110 59427
12 111 55269
12 112 20409
12 113 32548
12 114 63286
12 115 71159
12 116 70150
12 117 72699
12 118 72524
12 119 45398
13 14 51946
13 15 21917
13 16 90953
13 17 61316
13 18 58860
13 19 79105
13 20 95914
13 21 58337
13 22 36866
13 23 62452
13 24 77951
13 25 14539
13 26 44596
13 27 106324
13 28 36735
13 29 58613
13 30 14837
13 31 88063
13 32 91236
13 33 15650
13 34 48097
13 35 40162
13 36 53239
13 37 42732
13 38 39884
13 39 87274
13 40 87328
13 41 58512
13 42 19850
13 43 71260
13 44 7754
13 45 89269
13 46 3565
13 47 54042
13 48 106343
13 49 73001
13 50 59146
13 51 40950
13 52 104781
13 53 80565
13 54 29679
13 55 82343
13 56 35752
13 57 90168
13 58 13062
13 59 58228
13 60 103982
13 61 19435
13 62 46520
13 63 39683
13 64 39394
13 65 65716
13 66 19694
13 67 68121
13 68 52945
13 69 37637
13 70 62294
13 71 43129
13 72 63628
13 73 56412
13 74 19848
13 75 19166
13 76 51889
13 77 51003
13 78 44061
13 79 93566
13 80 54249
13 81 78333
13 82 93757
13 83 35194
13 84 92017
13 85 27438
13 86 53453
13 87 79325
13 88 27209
13 89 89126
13 90 95428
13 91 69882
13 92 92947
13 93 36966
13 94 12623
13 95 56219
13 96 48809
13 97 15939
13 98 46288
13 99 32732
13 100 57434
13 101 39299
13 102 40596
13 103 71007
13 104 36628
13 105 33582
13 106 69864
13 107 65171
13 108 73133
13 109 54809
13 110 39741
13 111 48126
13 112 64181
13 113 65616
13 114 35961
13 115 88552
13 116 12958
13 117 83110
13 118 76304
13 119 37837
14 15 42529
14 16 41008
14 17 50060
14 18 58029
14 19 35989
14 20 72180
14 21 82640
14 22 78852
14 23 10523
14 24 61200
14 25 42609
14 26 48995
14 27 93380
14 28 43269
14 29 43957
14 30 37116
14 31 75044
14 32 39580
14 33 42800
14 34 8955
14 35 23896
14 36 16271
14 37 47825
14 38 43767
14 39 36080
14 40 75435
14 41 65778
14 42 44232
14 43 19786
14 44 48648
14 45 38291
14 46 55452
14 47 15759
14 48 95789
14 49 48082
14 50 7820
14 51 18833
14 52 94384
14 53 77707
14 54 35254
14 55 39170
14 56 16790
14 57 51268
14 58 60124
14 59 84260
14 60 92445
14 61 33015
14 62 48877
14 63 50791
14 64 32347
14 65 33458
14 66 43873
14 67 27707
14 68 89793
14 69 41121
14 70 68247
14 71 11192
14 72 34119
14 73 53227
14 74 43291
14 75 39532
14 76 75814
14 77 72273
14 78 72648
14 79 44450
14 80 88184
14 81 56101
14 82 43528
14 83 27599
14 84 73945
14 85 57672
14 86 88255
14 87 60264
14 88 26701
14 89 83157
14 90 45270
14 91 19146
14 92 63750
14 93 15075
14 94 39826
14 95 66907
14 96 63462
14 97 55274
14 98 43626
14 99 76505
14 100 25501
14 101 55567
14 102 12037
14 103 26246
14 104 76926
14 105 18791
14 106 42341
14 107 31053
14 108 32041
14 109 59547
14 110 67628
14 111 72177
14 112 57931
14 113 71662
14 114 67235
14 115 36878
14 116 46200
14 117 31176
14 118 24399
14 119 39119
15 16 83537
15 17 70147
15 18 71191
15 19 76132
15 20 102331
15 21 78077
15 22 58769
15 23 52507
15 24 86134
15 25 7941
15 26 56980
15 27 117104
15 28 14859
15 29 65838
15 30 17967
15 31 98142
15 32 81398
15 33 29036
15 34 35641
15 35 42036
15 36 37542
15 37 55053
15 38 17997
15 39 78366
15 40 97769
15 41 73523
15 42 2441
15 43 59224
15 44 14277
15 45 80656
15 46 24674
15 47 50885
15 48 117945
15 49 77709
15 50 50350
15 51 40067
15 52 116390
15 53 93726
15 54 9487
15 55 79457
15 56 26307
15 57 89751
15 58 34963
15 59 78342
15 60 115177
15 61 15212
15 62 58445
15 63 53778
15 64 18992
15 65 66791
15 66 33779
15 67 65866
15 68 74661
15 69 48121
15 70 77175
15 71 31555
15 72 65610
15 73 67647
15 74 2088
15 75 5098
15 76 71247
15 77 69627
15 78 64120
15 79 86936
15 80 75652
15 81 84466
15 82 86038
15 83 39037
15 84 100439
15 85 46489
15 86 74954
15 87 86732
15 88 27948
15 89 101658
15 90 87783
15 91 57102
15 92 97024
15 93 30375
15 94 14450
15 95 72128
15 96 65322
15 97 36298
15 98 56216
15 99 54649
15 100 57571
15 101 55238
15 102 34433
15 103 66804
15 104 58430
15 105 28953
15 106 73273
15 107 65410
15 108 70895
15 109 68652
15 110 59352
15 111 67303
15 112 75110
15 113 80752
15 114 56162
15 115 78713
15 116 29040
15 117 72348
15 118 65040
15 119 47389
16 17 60217
16 18 71969
16 19 19720
16 20 59912
16 21 104867
16 22 111060
16 23 31357
16 24 60455
16 25 83274
16 26 70936
16 27 85847
16 28 82967
16 29 55328
16 30 76338
16 31 72335
16 32 10462
16 33 78888
16 34 48539
16 35 53421
16 36 50797
16 37 70831
16 38 82873
16 39 7659
16 40 73612
16 41 82109
16 42 85228
16 43 28407
16 44 88792
16 45 5546
16 46 94282
16 47 37729
16 48 89864
16 49 46513
16 50 33189
16 51 50818
16 52 88892
16 53 82772
16 54 76010
16 55 18972
16 56 57564
16 57 28886
16 58 96763
16 59 107184
16 60 86372
16 61 73131
16 62 69616
16 63 75670
16 64 71603
16 65 36550
16 66 78234
16 67 27547
16 68 117990
16 69 67320
16 70 82839
16 71 52065
16 72 39692
16 73 67841
16 74 84282
16 75 80449
16 76 99261
16 77 95089
16 78 99283
16 79 4521
16 80 114962
16 81 52452
16 82 2972
16 83 58854
16 84 66849
16 85 88859
16 86 115507
16 87 57715
16 88 63881
16 89 84147
16 90 4501
16 91 31548
16 92 48513
16 93 54643
16 94 79662
16 95 85042
16 96 85146
16 97 90404
16 98 64315
16 99 109849
16 100 38960
16 101 81066
16 102 50702
16 103 21942
16 104 108553
16 105 57582
16 106 42273
16 107 34728
16 108 24590
16 109 76636
16 110 95075
16 111 96543
16 112 67855
16 113 85192
16 114 96380
16 115 10891
16 116 82571
16 117 16808
16 118 22602
16 119 65444
17 18 11919
17 19 40653
17 20 34972
17 21 46104
17 22 61420
17 23 53336
17 24 16634
17 25 64294
17 26 18534
17 27 47062
17 28 80117
17 29 6153
17 30 53051
17 31 28029
17 32 67453
17 33 45739
17 34 56635
17 35 30359
17 36 65550
17 37 19936
17 38 82198
17 39 62156
17 40 27774
17 41 22180
17 42 70109
17 43 62557
17 44 64687
17 45 62563
17 46 63044
17 47 35098
17 48 48292
17 49 16976
17 50 49515
17 51 34709
17 52 46767
17 53 27647
17 54 69227
17 55 42245
17 56 51822
17 57 41138
17 58 58541
17 59 48670
17 60 45321
17 61 54949
17 62 16387
17 63 24788
17 64 72958
17 65 23981
17 66 41685
17 67 33986
17 68 62704
17 69 23679
17 70 22626
17 71 54552
17 72 21045
17 73 8706
17 74 69295
17 75 65081
17 76 41638
17 77 37419
17 78 44405
17 79 59766
17 80 58629
17 81 18492
17 82 62976
17 83 31539
17 84 30787
17 85 42243
17 86 59543
17 87 18210
17 88 42552
17 89 33569
17 90 63926
17 91 64074
17 92 34530
17 93 46675
17 94 57314
17 95 25582
17 96 27904
17 97 50586
17 98 15043
17 99 62195
17 100 26281
17 101 28859
17 102 44618
17 103 40392
17 104 58414
17 105 45132
17 106 18622
17 107 26259
17 108 35733
17 109 17482
17 110 41752
17 111 39917
17 112 8249
17 113 25052
17 114 44904
17 115 65710
17 116 48431
17 117 65110
17 118 62803
17 119 23620
18 19 52490
18 20 41897
18 21 34367
18 22 52489
18 23 62723
18 24 23212
18 25 64486
18 26 14421
18 27 47502
18 28 82746
18 29 16783
18 30 53350
18 31 29770
18 32 78912
18 33 44020
18 34 63523
18 35 35727
18 36 72586
18 37 16348
18 38 85138
18 39 73613
18 40 28804
18 41 10262
18 42 70744
18 43 72413
18 44 63489
18 45 74131
18 46 59965
18 47 44197
18 48 47515
18 49 28444
18 50 58682
18 51 40707
18 52 45952
18 53 22550
18 54 71853
18 55 54145
18 56 56687
18 57 52755
18 58 53657
18 59 36985
18 60 45122
18 61 56389
18 62 12766
18 63 19338
18 64 76962
18 65 35520
18 66 39411
18 67 45305
18 68 51852
18 69 23095
18 70 11033
18 71 60697
18 72 32463
18 73 4819
18 74 70029
18 75 66103
18 76 30349
18 77 26209
18 78 34180
18 79 71627
18 80 47507
18 81 28074
18 82 74758
18 83 35090
18 84 35273
18 85 35813
18 86 48525
18 87 25913
18 88 45146
18 89 30582
18 90 75743
18 91 73638
18 92 43988
18 93 51900
18 94 57345
18 95 13791
18 96 17391
18 97 45893
18 98 15762
18 99 53909
18 100 36388
18 101 21543
18 102 50654
18 103 51669
18 104 49429
18 105 49585
18 106 30534
18 107 37629
18 108 47410
18 109 6361
18 110 32357
18 111 29099
18 112 6883
18 113 13974
18 114 36119
18 115 77072
18 116 45985
18 117 76059
18 118 73226
18 119 24043
19 20 43482
19 21 85886
19 22 94547
19 23 30166
19 24 41171
19 25 74093
19 26 52714
19 27 68659
19 28 79041
19 29 36037
19 30 65333
19 31 53676
19 32 28214
19 33 65349
19 34 44886
19 35 39262
19 36 50431
19 37 52856
19 38 79697
19 39 23157
19 40 54819
19 41 62695
19 42 77383
19 43 33774
19 44 78419
19 45 22897
19 46 82149
19 47 25533
19 48 72316
19 49 26920
19 50 29324
19 51 38215
19 52 71214
19 53 63250
19 54 70223
19 55 3328
19 56 50015
19 57 15827
19 58 82837
19 59 88286
19 60 68794
19 61 63375
19 62 51198
19 63 57931
19 64 68305
19 65 17551
19 66 63781
19 67 11009
19 68 100062
19 69 50415
19 70 63272
19 71 46728
19 72 20726
19 73 48515
19 74 76417
19 75 72192
19 76 80566
19 77 76351
19 78 81274
19 79 19153
19 80 96724
19 81 33335
19 82 22382
19 83 44602
19 84 49035
19 85 72544
19 86 97374
19 87 38611
19 88 52113
19 89 65096
19 90 23278
19 91 36649
19 92 32710
19 93 45768
19 94 69201
19 95 65781
19 96 66408
19 97 75805
19 98 46161
19 99 93830
19 100 22495
19 101 63271
19 102 41700
19 103 9742
19 104 91868
19 105 47669
19 106 22553
19 107 16277
19 108 6203
19 109 57400
19 110 77372
19 111 78076
19 112 48176
19 113 65545
19 114 79136
19 115 27092
19 116 69019
19 117 29095
19 118 30473
19 119 48716
20 21 72587
20 22 94372
20 23 70462
20 24 18841
20 25 97366
20 26 53283
20 27 26054
20 28 110203
20 29 37351
20 30 86345
20 31 18346
20 32 70033
20 33 80267
20 34 80649
20 35 60384
20 36 88389
20 37 54813
20 38 111793
20 39 65553
20 40 20165
20 41 49486
20 42 102673
20 43 76426
20 44 98678
20 45 64609
20 46 97817
20 47 56780
20 48 30348
20 49 24941
20 50 68054
20 51 63168
20 52 29566
20 53 34231
20 54 99695
20 55 42323
20 56 80133
20 57 31125
20 58 93503
20 59 75358
20 60 26958
20 61 87255
20 62 51138
20 63 59419
20 64 101324
20 65 38748
20 66 76436
20 67 45820
20 68 92269
20 69 58417
20 70 47328
20 71 80353
20 72 38528
20 73 41869
20 74 101789
20 75 97428
20 76 70510
20 77 66739
20 78 75677
20 79 57003
20 80 87457
20 81 17887
20 82 61615
20 83 63417
20 84 9931
20 85 76806
20 86 88684
20 87 16765
20 88 74410
20 89 30371
20 90 61629
20 91 79022
20 92 11448
20 93 74881
20 94 90676
20 95 53661
20 96 59052
20 97 85549
20 98 49902
20 99 95777
20 100 47398
20 101 62867
20 102 71679
20 103 50363
20 104 91311
20 105 74626
20 106 30201
20 107 41130
20 108 43248
20 109 48141
20 110 74220
20 111 70134
20 112 35048
20 113 47074
20 114 78012
20 115 69537
20 116 83149
20 117 72471
20 118 73796
20 119 58083
21 22 30735
21 23 90006
21 24 55505
21 25 70164
21 26 34753
21 27 67860
21 28 92422
21 29 49912
21 30 61535
21 31 56035
21 32 110763
21 33 49749
21 34 85321
21 35 58812
21 36 93953
21 37 35435
21 38 95397
21 39 105529
21 40 54388
21 41 24369
21 42 76611
21 43 100297
21 44 65580
21 45 106379
21 46 57354
21 47 72270
21 48 65471
21 49 62811
21 50 85741
21 51 63809
21 52 64152
21 53 40906
21 54 82719
21 55 87847
21 56 74867
21 57 87122
21 58 47003
21 59 2771
21 60 64714
21 61 66738
21 62 35660
21 63 31866
21 64 90699
21 65 68426
21 66 45494
21 67 77458
21 68 20826
21 69 41543
21 70 25547
21 71 81159
21 72 65254
21 73 37619
21 74 76265
21 75 73684
21 76 7102
21 77 10380
21 78 14310
21 79 104998
21 80 15585
21 81 61774
21 82 107752
21 83 55216
21 84 63876
21 85 31588
21 86 17045
21 87 58636
21 88 60631
21 89 48978
21 90 108883
21 91 100788
21 92 77082
21 93 71567
21 94 63966
21 95 20576
21 96 19933
21 97 42434
21 98 41196
21 99 34596
21 100 66855
21 101 27155
21 102 72167
21 103 83545
21 104 28310
21 105 68038
21 106 64648
21 107 70140
21 108 80363
21 109 28679
21 110 18742
21 111 11083
21 112 40440
21 113 25523
21 114 22398
21 115 108660
21 116 49092
21 117 106528
21 118 102441
21 119 43567
22 23 88405
22 24 75685
22 25 51174
22 26 43607
22 27 95358
22 28 73601
22 29 62394
22 30 46611
22 31 80544
22 32 114376
22 33 36789
22 34 78220
22 35 58184
22 36 85381
22 37 42816
22 38 76749
22 39 109570
22 40 79175
22 41 45799
22 42 56715
22 43 98484
22 44 44593
22 45 111037
22 46 34432
22 47 73958
22 48 93696
22 49 77809
22 50 84349
22 51 61888
22 52 92260
22 53 67573
22 54 65988
22 55 97260
22 56 65877
22 57 100585
22 58 23807
22 59 29145
22 60 92386
22 61 52391
22 62 45605
22 63 37532
22 64 75405
22 65 77603
22 66 34995
22 67 84198
22 68 16859
22 69 44132
22 70 48854
22 71 73315
22 72 74616
22 73 53172
22 74 56708
22 75 55619
22 76 27499
22 77 29762
22 78 19711
22 79 112425
22 80 19763
22 81 79748
22 82 114030
22 83 52973
22 84 87222
22 85 22204
22 86 18509
22 87 78277
22 88 52455
22 89 76330
22 90 115476
22 91 97994
22 92 95848
22 93 64612
22 94 47069
22 95 41799
22 96 35438
22 97 24564
22 98 49458
22 99 4632
22 100 72424
22 101 32723
22 102 66883
22 103 89181
22 104 3063
22 105 60683
22 106 77383
22 107 78363
22 108 88397
22 109 46235
22 110 20162
22 111 25867
22 112 59362
22 113 50697
22 114 16524
22 115 111891
22 116 34026
22 117 107960
22 118 102267
22 119 45861
23 24 62040
23 25 53005
23 26 55572
23 27 93429
23 28 51715
23 29 47202
23 30 47617
23 31 75887
23 32 29124
23 33 52855
23 34 17185
23 35 31510
23 36 20571
23 37 54659
23 38 51780
23 39 25860
23 40 76520
23 41 71351
23 42 54321
23 43 10344
23 44 59146
23 45 28158
23 46 65950
23 47 18530
23 48 96296
23 49 47897
23 50 4268
23 51 26941
23 52 94975
23 53 80646
23 54 44700
23 55 33003
23 56 27233
23 57 45980
23 58 70377
23 59 91811
23 60 92850
23 61 43531
23 62 55112
23 63 58232
23 64 40412
23 65 32936
23 66 53574
23 67 24642
23 68 98589
23 69 48614
23 70 73428
23 71 20956
23 72 34523
23 73 57918
23 74 53395
23 75 49775
23 76 83382
23 77 79636
23 78 80934
23 79 35126
23 80 96659
23 81 55899
23 82 33694
23 83 36032
23 84 73615
23 85 66829
23 86 96835
23 87 60578
23 88 36798
23 89 85175
23 90 35443
23 91 10954
23 92 60941
23 93 25521
23 94 50349
23 95 72980
23 96 70375
23 97 65243
23 98 49621
23 99 86264
23 100 27151
23 101 63290
23 102 22194
23 103 20910
23 104 86352
23 105 29129
23 106 42053
23 107 30267
23 108 27782
23 109 65146
23 110 76042
23 111 79916
23 112 61521
23 113 76650
23 114 76038
23 115 26422
23 116 56336
23 117 20659
23 118 14041
23 119 46569
24 25 80577
24 26 34564
24 27 32369
24 28 95322
24 29 20301
24 30 69379
24 31 13887
24 32 69385
24 33 62367
24 34 68858
24 35 45041
24 36 77355
24 37 36157
24 38 97210
24 39 64296
24 40 14488
24 41 31559
24 42 86233
24 43 69905
24 44 81234
24 45 64054
24 46 79664
24 47 45459
24 48 34589
24 49 14684
24 50 58812
24 51 48688
24 52 33188
24 53 22592
24 54 84536
24 55 41483
24 56 66031
24 57 35186
24 58 74891
24 59 58255
24 60 31261
24 61 70927
24 62 32430
24 63 40642
24 64 87393
24 65 29209
24 66 58315
24 67 38755
24 68 74436
24 69 40314
24 70 29959
24 71 67606
24 72 27545
24 73 23034
24 74 85392
24 75 81112
24 76 52675
24 77 48732
24 78 57278
24 79 58782
24 80 69814
24 81 8109
24 82 62817
24 83 47155
24 84 14317
24 85 57991
24 86 70955
24 87 3283
24 88 58272
24 89 24023
24 90 63352
24 91 71997
24 92 21601
24 93 60762
24 94 73675
24 95 35695
24 96 40534
24 97 66949
24 98 31672
24 99 76991
24 100 35731
24 101 44026
24 102 58109
24 103 44697
24 104 72628
24 105 59809
24 106 20278
24 107 31903
24 108 38268
24 109 29532
24 110 55567
24 111 51941
24 112 16330
24 113 30490
24 114 59266
24 115 68193
24 116 65063
24 117 69312
24 118 68730
24 119 40215
25 26 50140
25 27 110980
25 28 22687
25 29 60377
25 30 11260
25 31 92136
25 32 82128
25 33 21446
25 34 37005
25 35 37719
25 36 40650
25 37 48204
25 38 25798
25 39 78681
25 40 91667
25 41 66269
25 42 6557
25 43 60755
25 44 7501
25 45 80865
25 46 17642
25 47 48568
25 48 111614
25 49 73099
25 50 50308
25 51 36625
25 52 110053
25 53 86945
25 54 15175
25 55 77416
25 56 25823
25 57 86907
25 58 27422
25 59 70410
25 60 108941
25 61 10783
25 62 51721
25 63 46562
25 64 24946
25 65 63229
25 66 26244
25 67 63455
25 68 66881
25 69 41574
25 70 69963
25 71 32358
25 72 61733
25 73 61169
25 74 6109
25 75 4687
25 76 63356
25 77 61802
25 78 56185
25 79 86381
25 80 67777
25 81 79482
25 82 85914
25 83 33999
25 84 94891
25 85 38579
25 86 67100
25 87 81395
25 88 23313
25 89 95051
25 90 87640
25 91 58961
25 92 92743
25 93 28782
25 94 7142
25 95 64704
25 96 57769
25 97 28376
25 98 49929
25 99 47157
25 100 54194
25 101 47719
25 102 32839
25 103 65129
25 104 50718
25 105 26438
25 106 69025
25 107 62113
25 108 68535
25 109 61603
25 110 51433
25 111 59422
25 112 68763
25 113 73504
25 114 48222
25 115 79426
25 116 21188
25 117 73417
25 118 66273
25 119 41046
26 27 61740
26 28 68976
26 29 18788
26 30 39066
26 31 43536
26 32 76255
26 33 29609
26 34 53048
26 35 25224
26 36 62045
26 37 1936
26 38 71483
26 39 71066
26 40 42750
26 41 17757
26 42 56450
26 43 65786
26 44 49075
26 45 72048
26 46 45868
26 47 37570
26 48 61902
26 49 34263
26 50 51330
26 51 30391
26 52 60338
26 53 36805
26 54 58155
26 55 55079
26 56 44569
26 57 57124
26 58 40361
26 59 36800
26 60 59444
26 61 42383
26 62 2151
26 63 6276
26 64 63911
26 65 35217
26 66 25037
26 67 43390
26 68 47355
26 69 9347
26 70 20996
26 71 49563
26 72 32075
26 73 11916
26 74 55757
26 75 51909
26 76 28569
26 77 24532
26 78 28565
26 79 71505
26 80 44066
26 81 36996
26 82 73873
26 83 22987
26 84 48063
26 85 23712
26 86 44676
26 87 36549
26 88 31859
26 89 44991
26 90 75117
26 91 66459
26 92 52949
26 93 40230
26 94 42999
26 95 18070
26 96 14873
26 97 32440
26 98 6622
26 99 43999
26 100 32313
26 101 10946
26 102 39777
26 103 49242
26 104 40678
26 105 37378
26 106 33857
26 107 36506
26 108 46827
26 109 12006
26 110 24872
26 111 25635
26 112 19650
26 113 24648
26 114 27288
26 115 74082
26 116 31669
26 117 71785
26 118 67726
26 119 10833
27 28 127125
27 29 52002
27 30 99723
27 31 19059
27 32 95858
27 33 91261
27 34 101185
27 35 77020
27 36 109598
27 37 63623
27 38 129140
27 39 91245
27 40 19335
27 41 50312
27 42 116964
27 43 100461
27 44 110663
27 45 90421
27 46 107466
27 47 77622
27 48 4898
27 49 45580
27 50 90490
27 51 80904
27 52 5015
27 53 27792
27 54 116255
27 55 67851
27 56 98244
27 57 57155
27 58 100836
27 59 70454
27 60 3235
27 61 101938
27 62 59866
27 63 66821
27 64 119573
27 65 60554
27 66 86763
27 67 69197
27 68 88686
27 69 69521
27 70 46857
27 71 99974
27 72 59372
27 73 50051
27 74 116175
27 75 112020
27 76 68394
27 77 65633
27 78 75649
27 79 83030
27 80 83439
27 81 37544
27 82 87619
27 83 78589
27 84 19889
27 85 82560
27 86 84906
27 87 33119
27 88 89613
27 89 19063
27 90 87664
27 91 102826
27 92 37499
27 93 92993
27 94 103904
27 95 53959
27 96 61154
27 97 93213
27 98 61055
27 99 97898
27 100 67880
27 101 68405
27 102 90438
27 103 74484
27 104 92386
27 105 91847
27 106 51428
27 107 63193
27 108 67504
27 109 52198
27 110 75969
27 111 69507
27 112 42322
27 113 44684
27 114 80423
27 115 95237
27 116 93408
27 117 97753
27 118 98441
27 119 69938
28 29 75180
28 30 31171
28 31 108066
28 32 79018
28 33 42846
28 34 34736
28 35 50289
28 36 32875
28 37 67094
28 38 3151
28 39 76846
28 40 107885
28 41 86161
28 42 16897
28 43 56096
28 44 29029
28 45 79276
28 46 39359
28 47 55282
28 48 128387
28 49 85269
28 50 50703
28 51 47049
28 52 126853
28 53 105240
28 54 10924
28 55 82285
28 56 30274
28 57 93836
28 58 49794
28 59 92805
28 60 125439
28 61 26745
28 62 70205
28 63 66525
28 64 11407
28 65 72726
28 66 47411
28 67 69769
28 68 89518
28 69 59762
28 70 89701
28 71 32315
28 72 72139
28 73 78815
28 74 16901
28 75 18762
28 76 85505
28 77 83657
28 78 78624
28 79 86833
28 80 90464
28 81 92602
28 82 85148
28 83 48593
28 84 109452
28 85 60881
28 86 89784
28 87 95494
28 88 37763
28 89 112763
28 90 86889
28 91 53442
28 92 103667
28 93 35427
28 94 28457
28 95 85146
28 96 78671
28 97 51042
28 98 67229
28 99 69443
28 100 63496
28 101 68582
28 102 38951
28 103 69340
28 104 73287
28 105 35636
28 106 80271
28 107 70914
28 108 74540
28 109 80908
28 110 73762
28 111 81529
28 112 85933
28 113 93331
28 114 70744
28 115 76435
28 116 43346
28 117 69586
28 118 62229
28 119 58704
29 30 49227
29 31 32960
29 32 62130
29 33 42963
29 34 50669
29 35 25023
29 36 59541
29 37 19697
29 38 77150
29 39 56831
29 40 32916
29 41 26797
29 42 65961
29 43 56486
29 44 61362
29 45 57369
29 46 60620
29 47 28945
29 48 53554
29 49 15597
29 50 43366
29 51 29090
29 52 52053
29 53 33765
29 54 64348
29 55 37935
29 56 46355
29 57 38507
29 58 57104
29 59 52361
29 60 50463
29 61 50633
29 62 16815
29 63 24937
29 64 67622
29 65 18795
29 66 39286
29 67 28523
29 68 65245
29 69 21424
29 70 27799
29 71 48741
29 72 15701
29 73 12513
29 74 65114
29 75 60823
29 76 44862
29 77 40623
29 78 46599
29 79 55185
29 80 61487
29 81 19737
29 82 58152
29 83 26858
29 84 34602
29 85 42012
29 86 62281
29 87 21031
29 88 37974
29 89 39430
29 90 59194
29 91 57963
29 92 34991
29 93 41147
29 94 53543
29 95 29751
29 96 30768
29 97 49190
29 98 13468
29 99 62717
29 100 20200
29 101 29703
29 102 38888
29 103 34893
29 104 59462
29 105 39852
29 106 15257
29 107 20850
29 108 30739
29 109 21363
29 110 43379
29 111 42696
29 112 14326
29 113 30528
29 114 46042
29 115 60292
29 116 45943
29 117 59399
29 118 56868
29 119 20857
30 31 80876
30 32 76416
30 33 11786
30 34 33636
30 35 27413
30 36 39533
30 37 37135
30 38 34034
30 39 72499
30 40 80407
30 41 55571
30 42 17394
30 43 56510
30 44 13174
30 45 74521
30 46 18336
30 47 39939
30 48 100378
30 49 62293
30 50 44317
30 51 27180
30 52 98818
30 53 75854
30 54 21185
30 55 68620
30 56 21124
30 57 77302
30 58 24399
30 59 62089
30 60 97692
30 61 5783
30 62 40586
30 63 35826
30 64 29599
30 65 53192
30 66 16245
30 67 54451
30 68 60980
30 69 30362
30 70 59214
30 71 28623
30 72 51463
30 73 49952
30 74 16690
30 75 12962
30 76 54540
30 77 52540
30 78 48063
30 79 79074
30 80 61107
30 81 68478
30 82 79112
30 83 23210
30 84 83687
30 85 30268
30 86 60641
30 87 70257
30 88 13290
30 89 83885
30 90 80797
30 91 55222
30 92 82070
30 93 22132
30 94 4333
30 95 54258
30 96 47592
30 97 22165
30 98 38674
30 99 43202
30 100 44413
30 101 37493
30 102 25803
30 103 56857
30 104 45534
30 105 18808
30 106 58450
30 107 52307
30 108 59520
30 109 50689
30 110 43052
30 111 50546
30 112 57522
30 113 62798
30 114 40459
30 115 73730
30 116 13065
30 117 68275
30 118 61488
30 119 29793
31 32 81746
31 33 72782
31 34 82601
31 35 57983
31 36 91165
31 37 45361
31 38 110084
31 39 76801
31 40 1824
31 41 34746
31 42 98051
31 43 83592
31 44 92082
31 45 76340
31 46 89403
31 47 59319
31 48 20795
31 49 28200
31 50 72691
31 51 61934
31 52 19357
31 53 16088
31 54 97197
31 55 53530
31 56 79258
31 57 45099
31 58 83420
31 59 58786
31 60 17565
31 61 82957
31 62 41559
31 63 49003
31 64 100565
31 65 42996
31 66 68399
31 67 52326
31 68 76376
31 69 50848
31 70 31863
31 71 81191
31 72 41420
31 73 31657
31 74 97250
31 75 93066
31 76 54925
31 77 51526
31 78 61122
31 79 70187
31 80 71350
31 81 20569
31 82 74486
31 83 59538
31 84 8482
31 85 65522
31 86 72680
31 87 15467
31 88 70577
31 89 12517
31 90 74832
31 91 85749
31 92 27287
31 93 74021
31 94 85091
31 95 38792
31 96 45277
31 97 75629
31 98 42280
31 99 82554
31 100 49601
31 101 51240
31 102 71552
31 103 58089
31 104 77498
31 105 72812
31 106 33959
31 107 45685
31 108 51422
31 109 35208
31 110 60545
31 111 55204
31 112 23892
31 113 30755
31 114 64750
31 115 80756
31 116 75108
31 117 82369
31 118 82187
31 119 51147
32 33 80478
32 34 45770
32 35 56195
32 36 46192
32 37 75912
32 38 78550
32 39 5300
32 40 82943
32 41 88847
32 42 83292
32 43 22945
32 44 88223
32 45 5441
32 46 94687
32 47 40434
32 48 99776
32 49 55051
32 50 32107
32 51 52789
32 52 98760
32 53 91371
32 54 73188
32 55 28243
32 56 56348
32 57 39167
32 58 98302
32 59 112952
32 60 96269
32 61 72567
32 62 75152
32 63 80456
32 64 67622
32 65 43473
32 66 80445
32 67 33623
32 68 122560
32 69 71549
32 70 89914
32 71 49959
32 72 46466
32 73 74539
32 74 82379
32 75 78849
32 76 104813
32 77 100725
32 78 104069
32 79 14483
32 80 119882
32 81 61528
32 82 9958
32 83 61466
32 84 76629
32 85 92251
32 86 120309
32 87 66806
32 88 64785
32 89 93296
32 90 11055
32 91 25761
32 92 58690
32 93 54299
32 94 79337
32 95 91490
32 96 90862
32 97 92502
32 98 69678
32 99 112772
32 100 43949
32 101 85830
32 102 50652
32 103 27323
32 104 112035
32 105 57672
32 106 50317
32 107 41283
32 108 31903
32 109 83107
32 110 99596
32 111 101845
32 112 75386
32 113 92500
32 114 100463
32 115 2703
32 116 84093
32 117 9491
32 118 16793
32 119 69577
33 34 41470
33 35 26095
33 36 48631
33 37 27695
33 38 45756
33 39 76082
33 40 72121
33 41 44964
33 42 27990
33 43 62584
33 44 19470
33 45 77866
33 46 17813
33 47 41224
33 48 91509
33 49 57452
33 50 49042
33 51 28070
33 52 89945
33 53 66194
33 54 32970
33 55 68493
33 56 29088
33 57 75435
33 58 17885
33 59 50320
33 60 89022
33 61 17132
33 62 31410
33 63 25384
33 64 41194
33 65 50917
33 66 4815
33 67 54352
33 68 50052
33 69 22081
33 70 48691
33 71 36539
33 72 48634
33 73 41216
33 74 27456
33 75 24288
33 76 42756
33 77 40811
33 78 36345
33 79 81068
33 80 49807
33 81 62687
33 82 81788
33 83 20759
33 84 76489
33 85 18595
33 86 49438
33 87 63694
33 88 16099
33 89 74545
33 90 83389
33 91 61803
33 92 77391
33 93 28079
33 94 14592
33 95 43278
33 96 36327
33 97 12519
33 98 30745
33 99 33976
33 100 43127
33 101 26274
33 102 30770
33 103 57949
33 104 35291
33 105 24174
33 106 54503
33 107 50622
33 108 59232
33 109 40571
33 110 31300
33 111 38764
33 112 48970
33 113 52192
33 114 28876
33 115 77862
33 116 3694
33 117 73137
33 118 66890
33 119 22198
34 35 28008
34 36 9068
34 37 51648
34 38 35044
34 39 42906
34 40 82881
34 41 70452
34 42 37582
34 43 23771
34 44 43707
34 45 45254
34 46 51661
34 47 23888
34 48 103393
34 49 56247
34 50 15985
34 51 22888
34 52 101957
34 53 84158
34 54 27546
34 55 48040
34 56 12585
34 57 60219
34 58 57747
34 59 86705
34 60 100107
34 61 28668
34 62 53263
34 63 53868
34 64 23608
34 65 41908
34 66 43489
34 67 36626
34 68 90463
34 69 44417
34 70 73217
34 71 5022
34 72 42294
34 73 58805
34 74 36684
34 75 33351
34 76 78325
34 77 75073
34 78 74259
34 79 52255
34 80 89364
34 81 64199
34 82 50873
34 83 30349
34 84 81975
34 85 58111
34 86 89277
34 87 68142
34 88 25974
34 89 90093
34 90 52622
34 91 21983
34 92 72486
34 93 13971
34 94 35536
34 95 71118
34 96 66886
34 97 53926
34 98 48371
34 99 75429
34 100 33491
34 101 58196
34 102 13300
34 103 35146
34 104 76582
34 105 17804
34 106 50603
34 107 39604
34 108 40995
34 109 64292
34 110 69122
34 111 74521
34 112 64188
34 113 76747
34 114 68132
34 115 43090
34 116 44510
34 117 36717
34 118 29440
34 119 42538
35 36 37065
35 37 23970
35 38 52177
35 39 51430
35 40 57920
35 41 42454
35 42 42538
35 43 41853
35 44 40529
35 45 52976
35 46 43059
35 47 15824
35 48 78541
35 49 35674
35 50 27257
35 51 5171
35 52 77031
35 53 57123
35 54 39547
35 55 42426
35 56 21476
35 57 50081
35 58 43728
35 59 60501
35 60 75478
35 61 27179
35 62 25299
35 63 26946
35 64 42625
35 65 25798
35 66 24874
35 67 28260
35 68 67255
35 69 17269
35 70 45214
35 71 24971
35 72 24069
35 73 31109
35 74 41625
35 75 37232
35 76 52054
35 77 48436
35 78 49430
35 79 55301
35 80 65180
35 81 42577
35 82 56367
35 83 5450
35 84 59168
35 85 36101
35 86 65390
35 87 45232
35 88 14406
35 89 63790
35 90 57904
35 91 42094
35 92 55088
35 93 16398
35 94 31638
35 95 43255
35 96 39569
35 97 37040
35 98 20369
35 99 56632
35 100 17272
35 101 31859
35 102 14937
35 103 32018
35 104 55873
35 105 14829
35 106 31338
35 107 25051
35 108 33168
35 109 36285
35 110 44568
35 111 48501
35 112 37153
35 113 48755
35 114 44783
35 115 53708
35 116 29774
35 117 49976
35 118 44764
35 119 15248
36 37 60616
36 38 32364
36 39 44280
36 40 91505
36 41 79495
36 42 39775
36 43 23248
36 44 47877
36 45 46743
36 46 56780
36 47 31996
36 48 111937
36 49 64352
36 50 21194
36 51 31954
36 52 110519
36 53 93121
36 54 28392
36 55 53394
36 56 19669
36 57 66140
36 58 63931
36 59 95260
36 60 108615
36 61 34056
36 62 62296
36 63 62691
36 64 21527
36 65 49704
36 66 51133
36 67 43374
36 68 98275
36 69 53321
36 70 82278
36 71 12797
36 72 50388
36 73 67863
36 74 38981
36 75 36424
36 76 86921
36 77 83762
36 78 82549
36 79 54894
36 80 97420
36 81 72368
36 82 52777
36 83 39239
36 84 90207
36 85 65989
36 86 97261
36 87 76492
36 88 33881
36 89 98932
36 90 54497
36 91 20568
36 92 79733
36 93 22387
36 94 40648
36 95 80112
36 96 75749
36 97 60869
36 98 57432
36 99 82333
36 100 41728
36 101 66890
36 102 22269
36 103 40866
36 104 83920
36 105 25992
36 106 58611
36 107 47264
36 108 47305
36 109 73344
36 110 77387
36 111 83074
36 112 73175
36 113 85811
36 114 76151
36 115 43638
36 116 51389
36 117 36734
36 118 29400
36 119 51470
37 38 69614
37 39 70753
37 40 44598
37 41 19463
37 42 54517
37 43 64915
37 44 47157
37 45 71795
37 46 44048
37 47 36839
37 48 63814
37 49 35266
37 50 50403
37 51 29120
37 52 62250
37 53 38740
37 54 56285
37 55 55303
37 56 42939
37 57 57785
37 58 38734
37 59 37384
37 60 61343
37 61 40480
37 62 3809
37 63 5284
37 64 62123
37 65 35437
37 66 23142
37 67 43302
37 68 47244
37 69 7593
37 70 22780
37 71 48071
37 72 32328
37 73 13711
37 74 53825
37 75 49984
37 76 29059
37 77 25121
37 78 28479
37 79 71521
37 80 44134
37 81 38319
37 82 73778
37 83 21453
37 84 49768
37 85 22438
37 86 44680
37 87 38058
37 88 30071
37 89 46923
37 90 75054
37 91 65507
37 92 54193
37 93 38682
37 94 41063
37 95 19529
37 96 15724
37 97 30795
37 98 6748
37 99 43024
37 100 32033
37 101 10444
37 102 38357
37 103 49041
37 104 39928
37 105 35752
37 106 34567
37 107 36598
37 108 46897
37 109 13838
37 110 24533
37 111 25943
37 112 21469
37 113 26433
37 114 26657
37 115 73699
37 116 29794
37 117 71229
37 118 67010
37 119 9216
38 39 76575
38 40 109943
38 41 88769
38 42 20048
38 43 55605
38 44 32180
38 45 79024
38 46 42510
38 47 56387
38 48 130489
38 49 86853
38 50 51024
38 51 48730
38 52 128961
38 53 107591
38 54 13329
38 55 82910
38 56 31683
38 57 94682
38 58 52942
38 59 95809
38 60 127506
38 61 29431
38 62 72663
38 63 69183
38 64 11437
38 65 74029
38 66 50278
38 67 70676
38 68 92649
38 69 62226
38 70 92280
38 71 33037
38 72 73564
38 73 81137
38 74 20045
38 75 21795
38 76 88461
38 77 86562
38 78 81642
38 79 86823
38 80 93570
38 81 94282
38 82 84976
38 83 50732
38 84 111279
38 85 63881
38 86 92898
38 87 97295
38 88 40044
38 89 115020
38 90 86710
38 91 52856
38 92 105016
38 93 36916
38 94 31447
38 95 87833
38 96 81434
38 97 54131
38 98 69551
38 99 72594
38 100 64845
38 101 71355
38 102 40275
38 103 69967
38 104 76427
38 105 37414
38 106 81757
38 107 72139
38 108 75369
38 109 83444
38 110 76759
38 111 84480
38 112 88171
38 113 95918
38 114 73784
38 115 76001
38 116 46345
38 117 69082
38 118 61761
38 119 61111
39 40 77966
39 41 83553
39 42 80175
39 43 21365
39 44 84563
39 45 2485
39 46 90688
39 47 35618
39 48 95084
39 49 49894
39 50 28393
39 51 48215
39 52 94038
39 53 86192
39 54 70448
39 55 23434
39 56 52858
39 57 34989
39 58 93947
39 59 107731
39 60 91570
39 61 68875
39 62 69937
39 63 75343
39 64 65443
39 65 38175
39 66 75876
39 67 28328
39 68 117508
39 69 66517
39 70 84614
39 71 46815
39 72 41166
39 73 69244
39 74 79246
39 75 75581
39 76 99612
39 77 95513
39 78 98973
39 79 12176
39 80 114772
39 81 56491
39 82 8737
39 83 56754
39 84 71874
39 85 87409
39 86 115218
39 87 61766
39 88 60563
39 89 88248
39 90 10371
39 91 24431
39 92 54296
39 93 50466
39 94 75571
39 95 86209
39 96 85638
39 97 87980
39 98 64478
39 99 108057
39 100 38753
39 101 80725
39 102 46696
39 103 22043
39 104 107190
39 105 53697
39 106 45089
39 107 35984
39 108 26641
39 109 77823
39 110 94540
39 111 96674
39 112 70097
39 113 87201
39 114 95487
39 115 3992
39 116 79724
39 117 9156
39 118 15344
39 119 64559
40 41 33380
40 42 97634
40 43 84369
40 44 91471
40 45 77548
40 46 88605
40 47 59743
40 48 20645
40 49 29025
40 50 73260
40 51 61971
40 52 19158
40 53 14285
40 54 96999
40 55 54759
40 56 79267
40 57 46580
40 58 82454
40 59 57134
40 60 17565
40 61 82605
40 62 40808
40 63 48104
40 64 100536
40 65 43695
40 66 67692
40 67 53158
40 68 74786
40 69 50267
40 70 30411
40 71 81364
40 72 42009
40 73 30925
40 74 96843
40 75 92685
40 76 53392
40 77 50043
40 78 59699
40 79 71535
40 80 69740
40 81 21575
40 82 75799
40 83 59313
40 84 10306
40 85 64463
40 86 71081
40 87 16376
40 88 70310
40 89 10894
40 90 76173
40 91 86480
40 92 28979
40 93 74047
40 94 84600
40 95 37390
40 96 43989
40 97 74697
40 98 41755
40 99 81249
40 100 50053
40 101 50188
40 102 71661
40 103 58999
40 104 76134
40 105 72746
40 106 34722
40 107 46388
40 108 52405
40 109 34082
40 110 59224
40 111 53748
40 112 23158
40 113 29189
40 114 63468
40 115 81910
40 116 74380
40 117 83401
40 118 83080
40 119 50636
41 42 72746
41 43 81285
41 44 64115
41 45 84145
41 46 59014
41 47 52877
41 48 49324
41 49 38557
41 50 67206
41 51 47605
41 52 47806
41 53 22831
41 54 75449
41 55 64391
41 56 62317
41 57 62868
41 58 51210
41 59 27052
41 60 47530
41 61 59429
41 62 17222
41 63 19745
41 64 81549
41 65 45592
41 66 40155
41 67 55225
41 68 42898
41 69 27055
41 70 3783
41 71 67152
41 72 42492
41 73 14312
41 74 72130
41 75 68532
41 76 21123
41 77 17258
41 78 26441
41 79 81842
41 80 38257
41 81 37460
41 82 84917
41 83 40682
41 84 41645
41 85 32713
41 86 39397
41 87 34579
41 88 49510
41 89 31708
41 90 85927
41 91 82305
41 92 52988
41 93 57912
41 94 59205
41 95 4176
41 96 10843
41 97 43969
41 98 22174
41 99 47911
41 100 45749
41 101 19223
41 102 57258
41 103 61543
41 104 42755
41 105 55126
41 106 40796
41 107 47610
41 108 57526
41 109 6235
41 110 25877
41 111 20689
41 112 16073
41 113 7235
41 114 30212
41 115 86944
41 116 46175
41 117 85654
41 118 82477
41 119 28590
42 43 61245
42 44 12132
42 45 82445
42 46 22482
42 47 52022
42 48 117706
42 49 78167
42 50 52045
42 51 40844
42 52 116147
42 53 93245
42 54 11890
42 55 80711
42 56 27800
42 57 90789
42 58 32912
42 59 76808
42 60 114984
42 61 15420
42 62 57980
42 63 53020
42 64 21432
42 65 67589
42 66 32781
42 67 67004
42 68 72724
42 69 47738
42 70 76428
42 71 33368
42 72 66306
42 73 67316
42 74 966
42 75 5333
42 76 69836
42 77 68331
42 78 62573
42 79 88564
42 80 73824
42 81 84791
42 82 87761
42 83 39274
42 84 100549
42 85 45042
42 86 73095
42 87 86921
42 88 28274
42 89 101274
42 90 89502
42 91 59176
42 92 97611
42 93 31624
42 94 13542
42 95 71228
42 96 64317
42 97 34595
42 98 55968
42 99 52547
42 100 58413
42 101 54261
42 102 35705
42 103 68140
42 104 56448
42 105 29943
42 106 73854
42 107 66288
42 108 72053
42 109 68007
42 110 57871
42 111 65913
42 112 74848
42 113 79982
42 114 54571
42 115 80601
42 116 27717
42 117 74299
42 118 67014
42 119 47104
43 44 67333
43 45 23849
43 46 74801
43 47 28424
43 48 103619
43 49 55394
43 50 14604
43 51 37253
43 52 102364
43 53 89488
43 54 50664
43 55 35979
43 56 35545
43 57 49250
43 58 79869
43 59 102123
43 60 100129
43 61 51987
43 62 65263
43 63 68552
43 64 44711
43 65 40736
43 66 63558
43 67 31321
43 68 108890
43 69 58946
43 70 83233
43 71 28437
43 72 42776
43 73 67636
43 74 60364
43 75 57116
43 76 93699
43 77 89932
43 78 91275
43 79 32765
43 80 106993
43 81 63210
43 82 30050
43 83 46337
43 84 80571
43 85 77041
43 86 107161
43 87 68141
43 88 46485
43 89 93501
43 90 31722
43 91 3178
43 92 66175
43 93 34749
43 94 58874
43 95 83044
43 96 80618
43 97 75051
43 98 59743
43 99 96230
43 100 36286
43 101 73626
43 102 31816
43 103 26088
43 104 96485
43 105 38541
43 106 49647
43 107 38047
43 108 33188
43 109 75108
43 110 86376
43 111 90247
43 112 70796
43 113 86379
43 114 86330
43 115 20409
43 116 65983
43 117 13490
43 118 6162
43 119 56900
44 45 86675
44 46 10406
44 47 52954
44 48 110968
44 49 74996
44 50 56187
44 51 40329
44 52 109403
44 53 85634
44 54 22559
44 55 81716
44 56 31942
44 57 90474
44 58 20802
44 59 65588
44 60 108457
44 61 15691
44 62 50853
44 63 44745
44 64 32361
44 65 66325
44 66 24151
44 67 67573
44 68 60696
44 69 41240
44 70 67875
44 71 38903
44 72 64536
44 73 60613
44 74 12192
44 75 12165
44 76 58991
44 77 57852
44 78 51370
44 79 91698
44 80 61954
44 81 80884
44 82 91506
44 83 36119
44 84 95470
44 85 34282
44 86 61176
44 87 82340
44 88 26460
44 89 94012
44 90 93213
44 91 65686
44 92 94865
44 93 34166
44 94 9235
44 95 62131
44 96 54889
44 97 23177
44 98 49858
44 99 40414
44 100 57584
44 101 45070
44 102 38091
44 103 69805
44 104 44381
44 105 31288
44 106 71360
44 107 65473
44 108 72648
44 109 59957
44 110 46883
44 111 55154
44 112 68346
44 113 71308
44 114 43289
44 115 85522
44 116 17951
44 117 79720
44 118 72687
44 119 41079
45 46 92666
45 47 37152
45 48 94335
45 49 49791
45 50 30557
45 51 49913
45 52 93319
45 53 86123
45 54 72800
45 55 22821
45 56 55047
45 57 33800
45 58 95745
45 59 108617
45 60 90828
45 61 70984
45 62 70861
45 63 76463
45 64 67875
45 65 38620
45 66 77548
45 67 28979
45 68 118701
45 69 67762
45 70 85101
45 71 49101
45 72 41671
45 73 69834
45 74 81513
45 75 77816
45 76 100553
45 77 96430
45 78 100107
45 79 9984
45 80 115880
45 81 56166
45 82 6277
45 83 58338
45 84 71190
45 85 88853
45 86 116354
45 87 61445
45 88 62456
45 89 87934
45 90 7891
45 91 26915
45 92 53280
45 93 52541
45 94 77650
45 95 86890
45 96 86527
45 97 89678
45 98 65441
45 99 109603
45 100 39763
45 101 81855
45 102 48729
45 103 22839
45 104 108622
45 105 55713
45 106 45168
45 107 36535
45 108 26876
45 109 78490
45 110 95736
45 111 97678
45 112 70416
45 113 87614
45 114 96784
45 115 5364
45 116 81521
45 117 11481
45 118 17824
45 119 65825
46 47 57221
46 48 107329
46 49 75253
46 50 62611
46 51 44077
46 52 105771
46 53 81339
46 54 32817
46 55 85369
46 56 39305
46 57 92939
46 58 10884
46 59 57082
46 60 105053
46 61 23000
46 62 47855
46 63 40661
46 64 42583
46 65 68444
46 66 21382
46 67 71150
46 68 50800
46 69 39411
46 70 62796
46 71 46691
46 72 66273
46 73 57759
46 74 22587
46 75 22319
46 76 51107
46 77 50508
46 78 43044
46 79 96842
46 80 52390
46 81 80357
46 82 97099
46 83 37974
46 84 93622
46 85 27155
46 86 51517
46 87 81154
46 88 30449
46 89 89991
46 90 98763
46 91 73437
46 92 95187
46 93 40448
46 94 16183
46 95 56511
46 96 49013
46 97 15446
46 98 48003
46 99 30152
46 100 60313
46 101 39807
46 102 44036
46 103 74177
46 104 34426
46 105 37017
46 106 72300
46 107 67988
46 108 76138
46 109 55627
46 110 38977
46 111 47449
46 112 65513
46 113 66029
46 114 34966
46 115 92007
46 116 14678
46 117 86606
46 118 79822
46 119 39770
47 48 80046
47 49 32398
47 50 14507
47 51 13209
47 52 78647
47 53 62640
47 54 45680
47 55 28852
47 56 25253
47 57 38944
47 58 59073
47 59 74214
47 60 76695
47 61 37842
47 62 36928
47 63 40865
47 64 45349
47 65 18078
47 66 40517
47 67 14984
47 68 82437
47 69 31531
47 70 54905
47 71 23798
47 72 18429
47 73 39390
47 74 51057
47 75 46781
47 76 65852
47 77 61959
47 78 64202
47 79 39849
47 80 80038
47 81 40390
47 82 40655
47 83 21199
47 84 58217
47 85 51817
47 86 80362
47 87 44506
47 88 26855
47 89 67707
47 90 42225
47 91 29464
47 92 48937
47 93 20568
47 94 43724
47 95 54627
47 96 52442
47 97 52684
47 98 31381
47 99 72455
47 100 9743
47 101 46126
47 102 16612
47 103 16966
47 104 71601
47 105 22168
47 106 26719
47 107 15908
47 108 20033
47 109 46690
47 110 59541
47 111 62572
47 112 43201
47 113 58121
47 114 60152
47 115 37985
47 116 44915
47 117 34663
47 118 30171
47 119 29507
48 49 48404
48 50 93226
48 51 82616
48 52 1564
48 53 26507
48 54 117483
48 55 71655
48 56 99908
48 57 61317
48 58 100301
48 59 67999
48 60 3522
48 61 102847
48 62 60119
48 63 66687
48 64 121163
48 65 63361
48 66 86924
48 67 72303
48 68 86274
48 69 70047
48 70 45733
48 71 101971
48 72 61985
48 73 50462
48 74 116941
48 75 112850
48 76 66468
48 77 63934
48 78 74002
48 79 87160
48 80 80997
48 81 40449
48 82 91709
48 83 79794
48 84 23288
48 85 81895
48 86 82492
48 87 35734
48 88 90720
48 89 17619
48 90 91806
48 91 105905
48 92 41742
48 93 94691
48 94 104501
48 95 52767
48 96 60135
48 97 92802
48 98 61741
48 99 96420
48 100 70312
48 101 67894
48 102 92297
48 103 77766
48 104 90764
48 105 93360
48 106 54244
48 107 66029
48 108 70864
48 109 51767
48 110 74642
48 111 67835
48 112 42859
48 113 43265
48 114 79163
48 115 99075
48 116 93495
48 117 101376
48 118 101812
48 119 70602
49 50 44909
49 51 38251
49 52 47096
49 53 36333
49 54 74794
49 55 27648
49 56 55198
49 57 24316
49 58 72405
49 59 65427
49 60 44953
49 61 62762
49 62 32221
49 63 40475
49 64 76421
49 65 14978
49 66 54139
49 67 24136
49 68 79676
49 69 36665
49 70 38290
49 71 55635
49 72 13970
49 73 25682
49 74 77264
49 75 72878
49 76 58573
49 77 54365
49 78 61311
49 79 45264
49 80 75599
49 81 8052
49 82 49027
49 83 39118
49 84 25905
49 85 57609
49 86 76518
49 87 12749
49 88 49909
49 89 38676
49 90 49716
49 91 57579
49 92 19946
49 93 49942
49 94 66619
49 95 42234
49 96 44878
49 97 64540
49 98 29043
49 99 78255
49 100 22766
49 101 45087
49 102 46775
49 103 30016
49 104 74847
49 105 49720
49 106 5849
49 107 17631
49 108 23624
49 109 34367
49 110 58462
49 111 56892
49 112 22758
49 113 39998
49 114 61370
49 115 53745
49 116 60648
49 117 54659
49 118 54069
49 119 35830
50 51 22738
50 52 91880
50 53 76947
50 54 43000
50 55 32370
50 56 24494
50 57 44965
50 58 66676
50 59 87544
50 60 89805
50 61 40506
50 62 50891
50 63 53964
50 64 39589
50 65 29940
50 66 49599
50 67 22435
50 68 94382
50 69 44347
50 70 69333
50 71 18950
50 72 31271
50 73 53870
50 74 51103
50 75 47316
50 76 79115
50 77 75370
50 78 76686
50 79 36646
50 80 92420
50 81 52951
50 82 35719
50 83 31832
50 84 70757
50 85 62692
50 86 92605
50 87 57494
50 88 33057
50 89 81691
50 90 37459
50 91 15144
50 92 58908
50 93 22193
50 94 47244
50 95 68785
50 96 66122
50 97 61364
50 98 45412
50 99 82276
50 100 23500
50 101 59024
50 102 18617
50 103 19689
50 104 82262
50 105 25627
50 106 39062
50 107 27323
50 108 26142
50 109 60993
50 110 71803
50 111 75649
50 112 57661
50 113 72584
50 114 71839
50 115 29417
50 116 52566
50 117 24144
50 118 17934
50 119 42301
51 52 81123
51 53 61821
51 54 36547
51 55 41483
51 56 17346
51 57 50307
51 58 45946
51 59 65447
51 60 79485
51 61 25857
51 62 30465
51 63 31958
51 64 38706
51 65 26746
51 66 27665
51 67 27286
51 68 71649
51 69 22290
51 70 50332
51 71 20050
51 72 25573
51 73 36036
51 74 39900
51 75 35513
51 76 56999
51 77 53441
51 78 54086
51 79 53044
51 80 69758
51 81 45561
51 82 53721
51 83 9094
51 84 62617
51 85 40032
51 86 69911
51 87 48613
51 88 13911
51 89 68260
51 90 55319
51 91 37319
51 92 57099
51 93 12089
51 94 31170
51 95 48426
51 96 44679
51 97 39769
51 98 25488
51 99 60063
51 100 17594
51 101 36763
51 102 10003
51 103 30116
51 104 59702
51 105 11475
51 106 33431
51 107 25502
51 108 32347
51 109 41426
51 110 49146
51 111 53392
51 112 41815
51 113 53859
51 114 49102
51 115 50232
51 116 31754
51 117 46074
51 118 40509
51 119 20293
52 53 24999
52 54 115947
52 55 70605
52 56 98408
52 57 60424
52 58 98759
52 59 66694
52 60 2629
52 61 101295
52 62 58555
52 63 65127
52 64 119655
52 65 62040
52 66 85360
52 67 71044
52 68 84965
52 69 68485
52 70 44225
52 71 100507
52 72 60626
52 73 48899
52 74 115383
52 75 111295
52 76 65066
52 77 62498
52 78 72561
52 79 86239
52 80 79693
52 81 39168
52 82 90768
52 83 78259
52 84 22182
52 85 80359
52 86 81183
52 87 34400
52 88 89178
52 89 16109
52 90 90889
52 91 104631
52 92 40909
52 93 93195
52 94 102939
52 95 51268
52 96 58622
52 97 91253
52 98 60184
52 99 94961
52 100 68918
52 101 66348
52 102 90818
52 103 76549
52 104 89323
52 105 91847
52 106 52930
52 107 64712
52 108 69672
52 109 50215
52 110 73162
52 111 66396
52 112 41300
52 113 41785
52 114 77677
52 115 98028
52 116 91932
52 117 100253
52 118 100612
52 119 69044
53 54 94333
53 55 63825
53 56 78487
53 57 57676
53 58 73945
53 59 43604
53 60 24870
53 61 78938
53 62 35281
53 63 40936
53 64 99153
53 65 49233
53 66 61483
53 67 59319
53 68 61600
53 69 45646
53 70 19226
53 71 81840
53 72 46838
53 73 26473
53 74 92542
53 75 88641
53 76 40775
53 77 37876
53 78 47868
53 79 81271
53 80 56439
53 81 30697
53 82 85214
53 83 57190
53 84 24527
53 85 55484
53 86 57845
53 87 25663
53 88 67555
53 89 8890
53 90 85809
53 91 91213
53 92 41918
53 93 73509
53 94 79804
53 95 26275
53 96 33629
53 97 66558
53 98 38048
53 99 70115
53 100 53496
53 101 41640
53 102 71818
53 103 65589
53 104 64597
53 105 71512
53 106 41203
53 107 51838
53 108 59708
53 109 25756
53 110 48223
53 111 41736
53 112 20010
53 113 16893
53 114 52712
53 115 90013
53 116 67880
53 117 90523
53 118 89128
53 119 46562
54 55 73518
54 56 20427
54 57 84555
54 58 42392
54 59 83263
54 60 114547
54 61 16223
54 62 59347
54 63 55892
54 64 9808
54 65 62679
54 66 37335
54 67 60467
54 68 81288
54 69 48907
54 70 78954
54 71 24063
54 72 61905
54 73 67898
54 74 11273
54 75 10514
54 76 75718
54 77 73652
54 78 69199
54 79 79616
54 80 81810
54 81 82007
54 82 78392
54 83 37692
54 84 98708
54 85 51394
54 86 81244
54 87 84779
54 88 26839
54 89 101839
54 90 80142
54 91 48376
54 92 93484
54 93 25323
54 94 19237
54 95 74557
54 96 68239
54 97 42375
54 98 56312
54 99 62099
54 100 53407
54 101 58183
54 102 29101
54 103 60647
54 104 65340
54 105 25075
54 106 69930
54 107 61004
54 108 65372
54 109 70115
54 110 64216
54 111 71723
54 112 75008
54 113 82594
54 114 61497
54 115 70527
54 116 33959
54 117 63974
54 118 56614
54 119 47815
55 56 53330
55 57 13277
55 58 85921
55 59 90288
55 60 68139
55 61 66694
55 62 53496
55 63 60432
55 64 71507
55 65 19869
55 66 66844
55 67 14223
55 68 102428
55 69 53147
55 70 64798
55 71 49971
55 72 23004
55 73 50328
55 74 79745
55 75 75520
55 76 82676
55 77 78448
55 78 83640
55 79 17670
55 80 98992
55 81 33492
55 82 21395
55 83 47737
55 84 48441
55 85 75329
55 86 99678
55 87 38762
55 88 55388
55 89 65221
55 90 22071
55 91 38938
55 92 31268
55 93 49095
55 94 72502
55 95 67596
55 96 68525
55 97 78829
55 98 48577
55 99 96633
55 100 25509
55 101 65740
55 102 45026
55 103 12947
55 104 94551
55 105 50994
55 106 23806
55 107 18896
55 108 9261
55 109 59254
55 110 79836
55 111 80286
55 112 49527
55 113 66937
55 114 81716
55 115 27423
55 116 72156
55 117 30188
55 118 32270
55 119 51491
56 57 64146
56 58 45162
56 59 76042
56 60 96799
56 61 16446
56 62 45193
56 63 44265
56 64 21368
56 65 42455
56 66 31464
56 67 40072
56 68 78606
56 69 35386
56 70 65424
56 71 7567
56 72 41892
56 73 52230
56 74 26842
56 75 22897
56 76 67788
56 77 64822
56 78 63062
56 79 60807
56 80 77792
56 81 62708
56 82 60162
56 83 21706
56 84 79921
56 85 46333
56 86 77614
56 87 65912
56 88 14331
56 89 85262
56 90 61894
56 91 34133
56 92 73395
56 93 5283
56 94 23331
56 95 62398
56 96 57360
56 97 41467
56 98 40972
56 99 62975
56 100 33222
56 101 48048
56 102 8705
56 103 40570
56 104 64337
56 105 7191
56 106 50074
56 107 40680
56 108 45011
56 109 56378
56 110 57890
56 111 63883
56 112 58570
56 113 69051
56 114 56524
56 115 53646
56 116 32015
56 117 47778
56 118 40767
56 119 33741
57 58 92103
57 59 89731
57 60 57859
57 61 76126
57 62 55242
57 63 63068
57 64 83372
57 65 24519
57 66 73074
57 67 24096
57 68 103635
57 69 57350
57 70 62493
57 71 61647
57 72 26933
57 73 49810
57 74 89829
57 75 85498
57 76 82772
57 77 78547
57 78 85072
57 79 25878
57 80 99701
57 81 27202
57 82 30497
57 83 54980
57 84 38707
57 85 79393
57 86 100570
57 87 32028
57 88 64035
57 89 57429
57 90 30509
57 91 52215
57 92 19684
57 93 59507
57 94 81405
57 95 66546
57 96 68919
57 97 84579
57 98 51128
57 99 100556
57 100 32891
57 101 68069
57 102 55550
57 103 25277
57 104 97712
57 105 60847
57 106 23277
57 107 25031
57 108 19313
57 109 58609
57 110 81874
57 111 80933
57 112 46982
57 113 63994
57 114 84402
57 115 38918
57 116 78980
57 117 42702
57 118 45394
57 119 56013
58 59 46567
58 60 98252
58 61 29986
58 62 42478
58 63 34494
58 64 51964
58 65 67689
58 66 19109
58 67 71883
58 68 39966
58 69 35744
58 70 54941
58 71 52727
58 72 65170
58 73 52178
58 74 32900
58 75 31938
58 76 41034
58 77 40860
58 78 32736
58 79 98897
58 80 41507
58 81 76615
58 82 99666
58 83 38305
58 84 88389
58 85 18508
58 86 40634
58 87 76737
58 88 33620
58 89 82756
58 90 101264
58 91 78871
58 92 92091
58 93 45126
58 94 23939
58 95 48272
58 96 40701
58 97 7955
58 98 43811
58 99 19736
58 100 60430
58 101 32436
58 102 48188
58 103 75710
58 104 23610
58 105 41335
58 106 70220
58 107 67661
58 108 76673
58 109 48638
58 110 29052
58 111 37554
58 112 59759
58 113 57941
58 114 24775
58 115 95674
58 116 14224
58 117 90815
58 118 84415
58 119 36636
59 60 67297
59 61 67393
59 62 37803
59 63 33588
59 64 91416
59 65 70797
59 66 46198
59 67 79732
59 68 18278
59 69 43245
59 70 28299
59 71 82463
59 72 67621
59 73 40138
59 74 76494
59 75 74046
59 76 8448
59 77 12272
59 78 14238
59 79 107377
59 80 12999
59 81 64484
59 82 110079
59 83 56747
59 84 66640
59 85 31928
59 86 14498
59 87 61380
59 88 61755
59 89 51614
59 90 111227
59 91 102548
59 92 79826
59 93 72882
59 94 64362
59 95 23204
59 96 22093
59 97 42411
59 98 43308
59 99 33183
59 100 69015
59 101 28694
59 102 73616
59 103 85779
59 104 26879
59 105 69296
59 106 67177
59 107 72467
59 108 82716
59 109 31211
59 110 19056
59 111 12187
59 112 43124
59 113 28293
59 114 22298
59 115 110823
59 116 49464
59 117 108579
59 118 104380
59 119 45282
60 61 100045
60 62 57612
60 63 64393
60 64 118086
60 65 59920
60 66 84481
60 67 68815
60 68 85540
60 69 67410
60 70 44024
60 71 98749
60 72 58582
60 73 47866
60 74 114208
60 75 110086
60 76 65345
60 77 62640
60 78 72675
60 79 83689
60 80 80286
60 81 36980
60 82 88229
60 83 76856
60 84 19766
60 85 79918
60 86 81759
60 87 32313
60 88 87828
60 89 16056
60 90 88338
60 91 102426
60 92 38318
60 93 91568
60 94 101844
60 95 51111
60 96 58370
60 97 90678
60 98 59022
60 99 94980
60 100 66956
60 101 65817
60 102 89118
60 103 74259
60 104 89425
60 105 90305
60 106 50797
60 107 62583
60 108 67351
60 109 49630
60 110 73091
60 111 66524
60 112 40190
60 113 41755
60 114 77568
60 115 95561
60 116 91093
60 117 97854
60 118 98300
60 119 67900
61 62 43716
61 63 39779
61 64 24062
61 65 52512
61 66 21250
61 67 52695
61 68 66718
61 69 33299
61 70 62987
61 71 23716
61 72 51089
61 73 52684
61 74 14535
61 75 10196
61 76 59697
61 77 57514
61 78 53471
61 79 76093
61 80 66766
61 81 69374
61 82 75833
61 83 23871
61 84 85234
61 85 35725
61 86 66327
61 87 71551
61 88 12857
61 89 86721
61 90 77543
61 91 50513
61 92 82267
61 93 18490
61 94 6890
61 95 58410
61 96 52024
61 97 27945
61 98 41177
61 99 48957
61 100 43440
61 101 41961
61 102 22454
61 103 54503
61 104 51315
61 105 15799
61 106 58516
61 107 51355
61 108 57777
61 109 54250
61 110 48408
61 111 55696
61 112 60057
61 113 66611
61 114 45985
61 115 69868
61 116 18772
61 117 64150
61 118 57194
61 119 32421
62 63 8408
62 64 64859
62 65 33663
62 66 26901
62 67 42080
62 68 48948
62 69 10443
62 70 20231
62 71 49930
62 72 30503
62 73 9904
62 74 57268
62 75 53361
62 76 29693
62 77 25576
62 78 30173
62 79 70079
62 80 45526
62 81 34855
62 82 72540
62 83 23507
62 84 45976
62 85 25856
62 86 46186
62 87 34401
62 88 32847
62 89 43336
62 90 73756
62 91 66034
62 92 50821
62 93 40713
62 94 44580
62 95 18031
62 96 15729
62 97 34549
62 98 5566
62 99 46068
62 100 31212
62 101 12892
62 102 40046
62 103 48028
62 104 42659
62 105 38008
62 106 31965
62 107 35055
62 108 45376
62 109 11185
62 110 26658
62 111 26940
62 112 17668
62 113 23860
62 114 29228
62 115 73020
62 116 33574
62 117 70900
62 118 67021
62 119 11648
63 64 62410
63 65 40583
63 66 20614
63 67 48195
63 68 42320
63 69 9677
63 70 23408
63 71 49971
63 72 37496
63 73 17720
63 74 52395
63 75 48787
63 76 25152
63 77 21490
63 78 23645
63 79 76480
63 80 39429
63 81 43263
63 82 78627
63 83 23544
63 84 53919
63 85 17458
63 86 39892
63 87 42719
63 88 30629
63 89 49446
63 90 79934
63 91 68960
63 92 59225
63 93 40419
63 94 39478
63 95 18682
63 96 13103
63 97 26644
63 98 11986
63 99 37784
63 100 36752
63 101 5397
63 102 40601
63 103 53801
63 104 34644
63 105 37169
63 106 39851
63 107 41656
63 108 51925
63 109 15213
63 110 19457
63 111 21730
63 112 25266
63 113 26975
63 114 21399
63 115 78190
63 116 26944
63 117 75457
63 118 70958
63 119 11703
64 65 63185
64 66 45222
64 67 59425
64 68 90402
64 69 54564
64 70 84900
64 71 21748
64 72 62900
64 73 72712
64 74 20917
64 75 20264
64 76 83632
64 77 81290
64 78 77530
64 79 75502
64 80 90685
64 81 84015
64 82 73762
64 83 41963
64 84 101285
64 85 59785
64 86 90190
64 87 87276
64 88 32053
64 89 106220
64 90 75502
64 91 42090
64 92 94181
64 93 26647
64 94 28371
64 95 81053
64 96 75163
64 97 51448
64 98 61212
64 99 71613
64 100 54095
64 101 65256
64 102 29647
64 103 58568
64 104 74632
64 105 27827
64 106 71169
64 107 61199
64 108 64062
64 109 75911
64 110 72458
64 111 79632
64 112 79406
64 113 88553
64 114 70030
64 115 65034
64 116 42644
64 117 58199
64 118 50837
64 119 53211
65 66 48617
65 67 10152
65 68 82571
65 69 33625
65 70 46481
65 71 41820
65 72 3179
65 73 31302
65 74 66646
65 75 62258
65 76 63029
65 77 58818
65 78 63781
65 79 36581
65 80 79184
65 81 23012
65 82 39392
65 83 30525
65 84 40825
65 85 55853
65 86 79848
65 87 27644
65 88 40036
65 89 52791
65 90 40475
65 91 42789
65 92 31000
65 93 37374
65 94 57383
65 95 48493
65 96 48871
65 97 60262
65 98 28708
65 99 77157
65 100 9277
65 101 45877
65 102 33779
65 103 16534
65 104 74850
65 105 37940
65 106 9128
65 107 2693
65 108 11964
65 109 40087
65 110 59970
65 111 60526
65 112 31979
65 113 49027
65 114 61907
65 115 41739
65 116 54466
65 117 41456
65 118 39930
65 119 32093
66 67 52857
66 68 47147
66 69 18030
66 70 43886
66 71 38691
66 72 46153
66 73 36767
66 74 32232
66 75 28972
66 76 38447
66 77 36319
66 78 32430
66 79 80174
66 80 46501
66 81 59017
66 82 81167
66 83 19423
66 84 72338
66 85 14997
66 86 46247
66 87 59774
66 88 17544
66 89 69883
66 90 82725
66 91 63009
66 92 74022
66 93 29701
66 94 19330
66 95 38467
66 96 31548
66 97 12172
66 98 26643
66 99 32690
66 100 41341
66 101 21480
66 102 31889
66 103 56885
66 104 33173
66 105 25779
66 106 51535
66 107 48554
66 108 57605
66 109 35818
66 110 27304
66 111 34446
66 112 44535
66 113 47381
66 114 25308
66 115 77876
66 116 6751
66 117 73496
66 118 67531
66 119 18431
67 68 90507
67 69 40142
67 70 56321
67 71 37677
67 72 12943
67 73 40916
67 74 66040
67 75 61756
67 76 71749
67 77 67592
67 78 71772
67 79 28327
67 80 87424
67 81 31891
67 82 30485
67 83 33615
67 84 49314
67 85 62081
67 86 87983
67 87 36861
67 88 41197
67 89 62598
67 90 31752
67 91 33629
67 92 36473
67 93 35524
67 94 58375
67 95 57917
67 96 57661
67 97 64921
67 98 36769
67 99 83303
67 100 11787
67 101 53585
67 102 31523
67 103 6407
67 104 81587
67 105 37118
67 106 18491
67 107 7728
67 108 5083
67 109 49520
67 110 67635
67 111 69000
67 112 42066
67 113 58977
67 114 69113
67 115 31770
67 116 58025
67 117 31304
67 118 30002
67 119 38350
68 69 51015
68 70 44956
68 71 85757
68 72 79424
68 73 54003
68 74 72636
68 75 71147
68 76 21780
68 77 25723
68 78 18790
68 79 118763
68 80 5297
68 81 79921
68 82 120947
68 83 62557
68 84 83964
68 85 32352
68 86 3782
68 87 77406
68 88 64510
68 89 69781
68 90 122253
68 91 108802
68 92 95733
68 93 76532
68 94 62092
68 95 38745
68 96 34801
68 97 38957
68 98 53904
68 99 21482
68 100 79056
68 101 36926
68 102 78190
68 103 96108
68 104 16377
68 105 72662
68 106 80486
68 107 83828
68 108 94137
68 109 45575
68 110 22968
68 111 22809
68 112 58521
68 113 45628
68 114 22569
68 115 120227
68 116 47950
68 117 117070
68 118 112019
68 119 53000
69 70 30341
69 71 40688
69 72 30742
69 73 19594
69 74 47002
69 75 43028
69 76 34802
69 77 31167
69 78 32671
69 79 68446
69 80 48508
69 81 41094
69 82 70290
69 83 14082
69 84 54409
69 85 22228
69 86 48849
69 87 41744
69 88 22512
69 89 53545
69 90 71672
69 91 59308
69 92 56371
69 93 31225
69 94 34455
69 95 27018
69 96 22489
69 97 27877
69 98 8664
69 99 43537
69 100 28421
69 101 14688
69 102 31121
69 103 45379
69 104 41470
69 105 28207
69 106 34747
69 107 34256
69 108 44267
69 109 21349
69 110 28062
69 111 31302
69 112 27221
69 113 33994
69 114 29063
69 115 69213
69 116 24765
69 117 66192
69 118 61490
69 119 2047
70 71 70055
70 72 43450
70 73 15660
70 74 75803
70 75 72170
70 76 23245
70 77 19683
70 78 29296
70 79 82368
70 80 40131
70 81 36411
70 82 85602
70 83 43734
70 84 39097
70 85 36437
70 86 41357
70 87 33099
70 88 52848
70 89 28116
70 90 86549
70 91 84369
70 92 51543
70 93 60917
70 94 62885
70 95 7111
70 96 14411
70 97 47734
70 98 24846
70 99 51142
70 100 47353
70 101 23006
70 102 60099
70 103 62692
70 104 45830
70 105 58239
70 106 41034
70 107 48632
70 108 58324
70 109 9047
70 110 29143
70 111 23341
70 112 15532
70 113 3653
70 114 33569
70 115 88091
70 116 49940
70 117 87086
70 118 84182
70 119 31783
71 72 41827
71 73 56059
71 74 32445
71 75 28902
71 76 74124
71 77 70977
71 78 69801
71 79 55591
71 80 84770
71 81 63454
71 82 54519
71 83 26627
71 84 81071
71 85 53419
71 86 84647
71 87 67121
71 88 21252
71 89 88116
71 90 56267
71 91 26820
71 92 72735
71 93 9594
71 94 30598
71 95 67598
71 96 63051
71 97 48969
71 98 45261
71 99 70476
71 100 32956
71 101 54110
71 102 10052
71 103 37026
71 104 71717
71 105 13225
71 106 50160
71 107 39705
71 108 42334
71 109 61059
71 110 64646
71 111 70278
71 112 61831
71 113 73630
71 114 63512
71 115 47263
71 116 39536
71 117 41095
71 118 33917
71 119 38881
72 73 28190
72 74 65372
72 75 60974
72 76 59850
72 77 55639
72 78 60636
72 79 39759
72 80 76019
72 81 21982
72 82 42544
72 83 28519
72 84 39831
72 85 52953
72 86 76688
72 87 26279
72 88 38444
72 89 50764
72 90 43639
72 91 44683
72 92 31580
72 93 36713
72 94 55704
72 95 45353
72 96 45693
72 97 57662
72 98 25590
72 99 74242
72 100 8871
72 101 42772
72 102 33304
72 103 19349
72 104 71844
72 105 36957
72 106 8336
72 107 5215
72 108 15120
72 109 36945
72 110 56857
72 111 57353
72 112 29134
72 113 46054
72 114 58848
72 115 44679
72 116 52136
72 117 44159
72 118 42307
72 119 29272
73 74 66570
73 75 62549
73 76 32965
73 77 28738
73 78 35766
73 79 67668
73 80 49925
73 81 26590
73 82 70664
73 83 30760
73 84 36212
73 85 34969
73 86 50836
73 87 25317
73 88 41093
73 89 34037
73 90 71700
73 91 68839
73 92 42688
73 93 47371
73 94 54048
73 95 17272
73 96 19201
73 97 44286
73 98 11587
73 99 54192
73 100 31694
73 101 21021
73 102 46009
73 103 47243
73 104 50140
73 105 45176
73 106 27040
73 107 33298
73 108 43251
73 109 8945
73 110 33297
73 111 31211
73 112 7770
73 113 18745
73 114 36654
73 115 72648
73 116 43460
73 117 71475
73 118 68523
73 119 20268
74 75 4400
74 76 69464
74 77 67908
74 78 62264
74 79 87612
74 80 73668
74 81 83909
74 82 86819
74 83 38402
74 84 99706
74 85 44682
74 86 72957
74 87 86063
74 88 27383
74 89 100545
74 90 88561
74 91 58312
74 92 96692
74 93 30658
74 94 12936
74 95 70653
74 96 63779
74 97 34362
74 98 55200
74 99 52576
74 100 57465
74 101 53711
74 102 34739
74 103 67174
74 104 56389
74 105 28983
74 106 72934
74 107 65338
74 108 71088
74 109 67349
74 110 57530
74 111 65531
74 112 74086
74 113 79364
74 114 54283
74 115 79687
74 116 27295
74 117 73399
74 118 66120
74 119 46343
75 76 66790
75 77 65036
75 78 59861
75 79 83702
75 80 71884
75 81 79551
75 82 83026
75 83 34065
75 84 95423
75 85 42125
75 86 71253
75 87 81747
75 88 23017
75 89 96563
75 90 84762
75 91 55195
75 92 92294
75 93 26476
75 94 9742
75 95 67203
75 96 60471
75 97 32404
75 98 51119
75 99 51666
75 100 53085
75 101 50376
75 102 30564
75 103 63009
75 104 55071
75 105 24661
75 106 68536
75 107 60965
75 108 66813
75 109 63610
75 110 55007
75 111 62824
75 112 70013
75 113 75757
75 114 51989
75 115 76151
75 116 24594
75 117 69984
75 118 62762
75 119 42291
76 77 4241
76 78 8582
76 79 99590
76 80 17187
76 81 58331
76 82 102174
76 83 48312
76 84 62331
76 85 24801
76 86 18283
76 87 55670
76 88 53540
76 89 49334
76 90 103359
76 91 94108
76 92 74039
76 93 64536
76 94 57058
76 95 16981
76 96 14158
76 97 35950
76 98 35135
76 99 30774
76 100 60864
76 101 20251
76 102 65207
76 103 77721
76 104 24718
76 105 60984
76 106 59907
76 107 64598
76 108 74890
76 109 24216
76 110 12150
76 111 4001
76 112 36883
76 113 24231
76 114 16261
76 115 102650
76 116 42220
76 117 100287
76 118 96008
76 119 36840
77 78 10077
77 79 95387
77 80 21300
77 81 54240
77 82 97997
77 83 44891
77 84 58750
77 85 23591
77 86 22326
77 87 51687
77 88 50674
77 89 46587
77 90 99173
77 91 90410
77 92 70013
77 93 61384
77 94 55296
77 95 13083
77 96 9950
77 97 35132
77 98 31057
77 99 32609
77 100 56779
77 101 16878
77 102 61880
77 103 73593
77 104 26834
77 105 57915
77 106 55667
77 107 60408
77 108 70692
77 109 20025
77 110 11910
77 111 3909
77 112 32812
77 113 21074
77 114 16465
77 115 98581
77 116 40615
77 117 96307
77 118 92128
77 119 33189
78 79 99999
78 80 15839
78 81 62131
78 82 102235
78 83 45085
78 84 68076
78 85 17805
78 86 16248
78 87 60073
78 88 48733
78 89 56620
78 90 103524
78 91 91404
78 92 78137
78 93 60307
78 94 50205
78 95 22338
78 96 16790
78 97 28197
78 98 35119
78 99 22558
78 100 60392
78 101 18252
78 102 61460
78 103 77438
78 104 16763
78 105 56576
78 106 61856
78 107 65044
78 108 75357
78 109 27819
78 110 5175
78 111 6169
78 112 41025
78 113 31003
78 114 8101
78 115 101780
78 116 35309
78 117 98863
78 118 94080
78 119 34696
79 80 115570
79 81 50704
79 82 4749
79 83 60751
79 84 64343
79 85 90257
79 86 116173
79 87 55920
79 88 66394
79 89 82200
79 90 4658
79 91 35922
79 92 45559
79 93 57641
79 94 82519
79 95 84932
79 96 85437
79 97 92340
79 98 64904
79 99 111386
79 100 40031
79 101 81861
79 102 53639
79 103 23347
79 104 109850
79 105 60418
79 106 41449
79 107 35025
79 108 24708
79 109 76548
79 110 95933
79 111 97010
79 112 67165
79 113 84567
79 114 97440
79 115 15255
79 116 84761
79 117 21328
79 118 27042
79 119 66628
80 81 75516
80 82 117906
80 83 60709
80 84 79024
80 85 31510
80 86 1581
80 87 72832
80 88 63544
80 89 64562
80 90 119169
80 91 107051
80 92 91218
80 93 75394
80 94 62574
80 95 34143
80 96 30787
80 97 39484
80 98 50675
80 99 24339
80 100 76136
80 101 34051
80 102 76798
80 103 93166
80 104 18515
80 105 71581
80 106 76670
80 107 80560
80 108 90883
80 109 41312
80 110 20617
80 111 18793
80 112 54070
80 113 40636
80 114 21269
80 115 117603
80 116 48045
80 117 114700
80 118 109881
80 119 50531
81 82 54777
81 83 45531
81 84 17857
81 85 60706
81 86 76566
81 87 5279
81 88 56535
81 89 31769
81 90 55285
81 91 65462
81 92 16101
81 93 57432
81 94 72811
81 95 41458
81 96 45366
81 97 68670
81 98 32804
81 99 80643
81 100 30710
81 101 47320
81 102 54407
81 103 37543
81 104 76721
81 105 56973
81 106 13890
81 107 25649
81 108 30853
81 109 34394
81 110 59875
81 111 57171
81 112 21453
81 113 37430
81 114 63224
81 115 60417
81 116 65680
81 117 61827
81 118 61645
81 119 40592
82 83 61796
82 84 68806
82 85 91828
82 86 118457
82 87 60024
82 88 66719
82 89 86399
82 90 1750
82 91 33140
82 92 50180
82 93 57344
82 94 82397
82 95 87883
82 96 88052
82 97 93336
82 98 67252
82 99 112813
82 100 41925
82 101 84023
82 102 53428
82 103 24912
82 104 111524
82 105 60336
82 106 44918
82 107 37613
82 108 27429
82 109 79478
82 110 98036
82 111 99472
82 112 70556
82 113 87916
82 114 99349
82 115 11110
82 116 85468
82 117 17713
82 118 24072
82 119 68415
83 84 61439
83 85 31003
83 86 60843
83 87 47695
83 88 11118
83 89 64358
83 90 63339
83 91 46342
83 92 58861
83 93 17244
83 94 27524
83 95 40982
83 96 36537
83 97 31590
83 98 19332
83 99 51310
83 100 22396
83 101 28069
83 102 17063
83 103 37466
83 104 50726
83 105 14540
83 106 35257
83 107 30014
83 108 38475
83 109 34691
83 110 40108
83 111 44622
83 112 37506
83 113 47354
83 114 40007
83 115 58953
83 116 24420
83 117 55027
83 118 49579
83 119 12254
84 85 70972
84 86 80311
84 87 14010
84 88 72557
84 89 20474
84 90 69001
84 91 82941
84 92 19816
84 93 74639
84 94 87979
84 95 45786
84 96 51787
84 97 80490
84 98 45745
84 99 88963
84 100 48509
84 101 56761
84 102 71810
84 103 54605
84 104 84161
84 105 73865
84 106 31725
84 107 43435
84 108 47648
84 109 41209
84 110 67090
84 111 62310
84 112 28731
84 113 38402
84 114 71120
84 115 75862
84 116 79089
84 117 78089
84 118 78596
84 119 54407
85 86 31286
85 87 60144
85 88 32168
85 89 64319
85 90 93278
85 91 76774
85 92 76626
85 93 44182
85 94 32434
85 95 29780
85 96 22209
85 97 11710
85 98 28604
85 99 21311
85 100 50296
85 101 14283
85 102 45929
85 103 66990
85 104 19784
85 105 40310
85 106 56457
85 107 56454
85 108 66369
85 109 30429
85 110 12881
85 111 20906
85 112 42243
85 113 39439
85 114 10328
85 115 89787
85 116 17537
85 117 86023
85 118 80535
85 119 23839
86 87 73952
86 88 63403
86 89 66007
86 90 119734
86 91 107172
86 92 92316
86 93 75313
86 94 62008
86 95 35263
86 96 31657
86 97 38879
86 98 51269
86 99 23113
86 100 76635
86 101 34500
86 102 76796
86 103 93678
86 104 17422
86 105 71481
86 106 77490
86 107 81182
86 108 91503
86 109 42292
86 110 20840
86 111 19638
86 112 55134
86 113 41945
86 114 21146
86 115 118011
86 116 47576
86 117 115023
86 118 110127
86 119 50861
87 88 58798
87 89 26490
87 90 60513
87 91 70326
87 92 18447
87 93 60630
87 94 74574
87 95 38691
87 96 43295
87 97 68784
87 98 33181
87 99 79462
87 100 34766
87 101 46334
87 102 57810
87 103 42636
87 104 75226
87 105 59886
87 106 18550
87 107 30321
87 108 36031
87 109 32267
87 110 58207
87 111 54829
87 112 19048
87 113 33719
87 114 61809
87 115 65689
87 116 66504
87 117 67041
87 118 66729
87 119 41496
88 89 75002
88 90 68370
88 91 45732
88 92 69458
88 93 12164
88 94 17376
88 95 49145
88 96 43616
88 97 28582
88 98 29509
88 99 49908
88 100 31159
88 101 34028
88 102 14672
88 103 43819
88 104 50705
88 105 8237
88 106 45723
88 107 39067
88 108 46257
88 109 43861
88 110 43562
88 111 49615
88 112 48170
88 113 56501
88 114 42278
88 115 62139
88 116 19539
88 117 57195
88 118 50839
88 119 21207
89 90 86824
89 91 95447
89 92 39796
89 93 80168
89 94 87912
89 95 35162
89 96 42516
89 97 75316
89 98 45579
89 99 78940
89 100 58219
89 101 50393
89 102 78185
89 103 68644
89 104 73370
89 105 78432
89 106 44120
89 107 55471
89 108 62287
89 109 34364
89 110 57087
89 111 50469
89 112 26855
89 113 25722
89 114 61587
89 115 92163
89 116 76362
89 117 93330
89 118 92599
89 119 54303
90 91 34800
90 92 50182
90 93 59054
90 94 84097
90 95 88940
90 96 89225
90 97 94896
90 98 68500
90 99 114296
90 100 43277
90 101 85327
90 102 55130
90 103 26311
90 104 112954
90 105 62029
90 106 45748
90 107 38767
90 108 28521
90 109 80541
90 110 99360
90 111 100695
90 112 71432
90 113 88815
90 114 100722
90 115 12472
90 116 87072
90 117 19231
90 118 25715
90 119 69810
91 92 68896
91 93 33784
91 94 57401
91 95 83924
91 96 81230
91 97 74309
91 98 60555
91 99 95611
91 100 37806
91 101 73948
91 102 31130
91 103 28661
91 104 96072
91 105 37649
91 106 51790
91 107 40095
91 108 35779
91 109 76100
91 110 86448
91 111 90589
91 112 72289
91 113 87578
91 114 86233
91 115 23286
91 116 65128
91 117 16270
91 118 9114
91 119 57268
92 93 68256
92 94 86384
92 95 57077
92 96 61352
92 97 84181
92 98 48389
92 99 96719
92 100 40177
92 101 63386
92 102 64746
92 103 40333
92 104 92822
92 105 68524
92 106 23758
92 107 33029
92 108 33254
92 109 50340
92 110 75963
92 111 73061
92 112 37224
92 113 52062
92 114 79325
92 115 58269
92 116 80565
92 117 61455
92 118 63176
92 119 55649
93 94 25109
93 95 58207
93 96 53512
93 97 40598
93 98 36268
93 99 62011
93 100 28112
93 101 44518
93 102 4088
93 103 36532
93 104 62867
93 105 3929
93 106 44857
93 107 35682
93 108 40534
93 109 51886
93 110 55164
93 111 60695
93 112 53549
93 113 64522
93 114 54167
93 115 51610
93 116 31351
93 117 46166
93 118 39471
93 119 29468
94 95 57719
94 96 50876
94 97 23149
94 98 42849
94 99 43375
94 100 48535
94 101 40797
94 102 28969
94 103 60570
94 104 46261
94 105 22101
94 106 62748
94 107 56443
94 108 63454
94 109 54484
94 110 45312
94 111 53089
94 112 61658
94 113 66440
94 114 42391
94 115 76641
94 116 14899
94 117 70987
94 118 64059
94 119 33966
95 96 7572
95 97 41268
95 98 23393
95 99 44036
95 100 48003
95 101 17069
95 102 57844
95 103 64167
95 104 38767
95 105 55224
95 106 44181
95 107 50393
95 108 60456
95 109 8408
95 110 22032
95 111 16528
95 112 20015
95 113 9686
95 114 26464
95 115 89518
95 116 44191
95 117 87960
95 118 84506
95 119 28739
96 97 33724
96 98 21265
96 99 37279
96 100 46934
96 101 10099
96 102 53597
96 103 63688
96 104 32377
96 105 50271
96 106 45899
96 107 50459
96 108 60742
96 109 11031
96 110 15307
96 111 12019
96 112 24248
96 113 17247
96 114 19479
96 115 88743
96 116 36998
96 117 86604
96 118 82599
96 119 24425
97 98 35869
97 99 21509
97 100 53323
97 101 24923
97 102 43238
97 103 69041
97 104 23372
97 105 36692
97 106 62476
97 107 60362
97 108 69614
97 109 41051
97 110 23803
97 111 32193
97 112 51903
97 113 50866
97 114 20112
97 115 89916
97 116 9480
97 117 85387
97 118 79260
97 119 28848
98 99 49514
98 100 25729
98 101 17190
98 102 35273
98 103 42628
98 104 46597
98 105 33846
98 106 27973
98 107 29926
98 108 40241
98 109 15962
98 110 31268
98 111 32252
98 112 18894
98 113 28388
98 114 33384
98 115 67524
98 116 33390
98 117 65345
98 118 61459
98 119 8883
99 100 71516
99 101 33336
99 102 64484
99 103 88067
99 104 6304
99 105 58090
99 106 77483
99 107 77763
99 108 87648
99 109 47782
99 110 22034
99 111 28704
99 112 60732
99 113 53224
99 114 17843
99 115 110248
99 116 30969
99 117 106088
99 118 100210
99 119 45144
100 101 42149
100 102 24571
100 103 17052
100 104 69828
100 105 28682
100 106 17207
100 107 7921
100 108 16297
100 109 39742
100 110 56123
100 111 57928
100 112 34513
100 113 50350
100 114 57450
100 115 41809
100 116 46764
100 117 39957
100 118 36839
100 119 26597
101 102 45016
101 103 59199
101 104 29769
101 105 41084
101 106 44804
101 107 47001
101 108 57284
101 109 16210
101 110 14101
101 111 16642
101 112 28061
101 113 26321
101 114 16345
101 115 83554
101 116 27125
101 117 80755
101 118 76160
101 119 16736
102 103 32445
102 104 65008
102 105 7020
102 106 41540
102 107 31978
102 108 36513
102 109 51130
102 110 56367
102 111 61447
102 112 51810
102 113 63659
102 114 55688
102 115 47974
102 116 34193
102 117 42732
102 118 36227
102 119 29238
103 104 86648
103 105 38711
103 106 24546
103 107 14134
103 108 7118
103 109 55784
103 110 73172
103 111 74877
103 112 48473
103 113 65371
103 114 74438
103 115 25407
103 116 61643
103 117 24954
103 118 24102
103 119 43505
104 105 58942
104 106 74489
104 107 75657
104 108 85733
104 109 43173
104 110 17099
104 111 22930
104 112 56303
104 113 47712
104 114 13510
104 115 109569
104 116 32729
104 117 105750
104 118 100156
104 119 43237
105 106 44892
105 107 36478
105 108 42186
105 109 49192
105 110 51422
105 111 57114
105 112 51660
105 113 61867
105 114 50337
105 115 54994
105 116 27480
105 117 49718
105 118 43136
105 119 26551
106 107 11786
106 108 18511
106 109 35971
106 110 58600
106 111 57877
106 112 25721
106 113 43131
106 114 61144
106 115 48863
106 116 57851
106 117 49383
106 118 48488
106 119 33633
107 108 10323
107 109 41986
107 110 61101
107 111 61986
107 112 34343
107 113 51260
107 114 62867
107 115 39475
107 116 54219
107 117 38973
107 118 37298
107 119 32620
108 109 52050
108 110 71379
108 111 72303
108 112 43541
108 113 60770
108 114 73062
108 115 30370
108 116 62895
108 117 31044
108 118 30950
108 119 42550
109 110 26079
109 111 22788
109 112 13223
109 113 12684
109 114 29950
109 115 81151
109 116 42144
109 117 79689
109 118 76383
109 119 22750
110 111 8506
110 112 39237
110 113 31377
110 114 4622
110 115 97271
110 116 30417
110 117 94198
110 118 89291
110 119 30059
111 112 35840
111 113 24897
111 114 12898
111 115 99641
111 116 38268
111 117 97109
111 118 92686
111 119 33348
112 113 17412
112 114 42967
112 115 73706
112 116 51230
112 117 73271
112 118 71045
112 119 27744
113 114 35903
113 115 90734
113 116 53360
113 117 89920
113 118 87187
113 119 35429
114 115 98077
114 116 27540
114 117 94704
114 118 89527
114 119 30968
115 116 81471
115 117 7078
115 118 14247
115 119 67230
116 117 76685
116 118 70377
116 119 25092
117 118 7379
117 119 64170
118 119 59448
