120 7140
0 1 103229
0 2 62839
0 3 73006
0 4 49664
0 5 69680
0 6 42835
0 7 17691
0 8 16391
0 9 47279
0 10 15024
0 11 49239
0 12 24292
0 13 72276
0 14 93809
0 15 48617
0 16 92340
0 17 75559
0 18 16926
0 19 56374
0 20 48528
0 21 58168
0 22 13313
0 23 49124
0 24 51205
0 25 16050
0 26 59804
0 27 38523
0 28 74844
0 29 19130
0 30 14233
0 31 57425
0 32 76280
0 33 16968
0 34 78319
0 35 71640
0 36 59164
0 37 81052
0 38 47780
0 39 38506
0 40 39232
0 41 65777
0 42 62738
0 43 36907
0 44 35469
0 45 56071
0 46 60565
0 47 89730
0 48 79785
0 49 62798
0 50 47692
0 51 88914
0 52 43307
0 53 71824
0 54 83163
0 55 52104
0 56 75610
0 57 24272
0 58 19715
0 59 12915
0 60 70479
0 61 32390
0 62 26017
0 63 68143
0 64 28123
0 65 59644
0 66 78824
0 67 60978
0 68 65469
0 69 51549
0 70 63642
0 71 15757
0 72 58601
0 73 43380
0 74 36910
0 75 72446
0 76 13802
0 77 53619
0 78 8119
0 79 14727
0 80 77891
0 81 55849
0 82 66531
0 83 16344
0 84 78035
0 85 79017
0 86 72855
0 87 73421
0 88 68018
0 89 41137
0 90 44977
0 91 79576
0 92 46732
0 93 28282
0 94 57945
0 95 15783
0 96 65406
0 97 11716
0 98 35047
0 99 79589
0 100 17993
0 101 105323
0 102 43034
0 103 85005
0 104 70167
0 105 44956
0 106 74928
0 107 64636
0 108 70548
0 109 73832
0 110 25040
0 111 32606
0 112 40962
0 113 23214
0 114 86089
0 115 48240
0 116 33154
0 117 11826
0 118 102754
0 119 83014
1 2 46702
1 3 68358
1 4 53572
1 5 77670
1 6 67146
1 7 89523
1 8 119287
1 9 91401
1 10 104967
1 11 70501
1 12 127051
1 13 91839
1 14 15357
1 15 59190
1 16 22873
1 17 67313
1 18 92762
1 19 85420
1 20 57165
1 21 63035
1 22 116414
1 23 100248
1 24 79919
1 25 109898
1 26 58433
1 27 88242
1 28 78317
1 29 102885
1 30 91596
1 31 47566
1 32 73664
1 33 90890
1 34 86213
1 35 90987
1 36 79365
1 37 24197
1 38 58114
1 39 72576
1 40 63997
1 41 37703
1 42 63727
1 43 95409
1 44 99828
1 45 83505
1 46 71127
1 47 19290
1 48 27866
1 49 61752
1 50 76395
1 51 14841
1 52 60768
1 53 57136
1 54 41576
1 55 91998
1 56 30439
1 57 98109
1 58 102562
1 59 98135
1 60 82493
1 61 78594
1 62 81142
1 63 39059
1 64 75671
1 65 89356
1 66 60223
1 67 74186
1 68 45612
1 69 89604
1 70 63219
1 71 87507
1 72 48662
1 73 90893
1 74 99915
1 75 31261
1 76 116735
1 77 57162
1 78 102288
1 79 94466
1 80 88323
1 81 86141
1 82 87738
1 83 119427
1 84 76885
1 85 60867
1 86 42676
1 87 35131
1 88 67325
1 89 65296
1 90 67437
1 91 70068
1 92 75235
1 93 75127
1 94 77908
1 95 112847
1 96 53022
1 97 112207
1 98 68313
1 99 30304
1 100 99135
1 101 3421
1 102 68923
1 103 21978
1 104 66248
1 105 69809
1 106 93457
1 107 63924
1 108 37406
1 109 57731
1 110 90253
1 111 70710
1 112 82254
1 113 105355
1 114 32218
1 115 80188
1 116 79306
1 117 91946
1 118 13998
1 119 25523
2 3 66557
2 4 21459
2 5 37164
2 6 21515
2 7 46507
2 8 79194
2 9 44986
2 10 69262
2 11 23892
2 12 84864
2 13 84259
2 14 44296
2 15 36394
2 16 47780
2 17 31261
2 18 57687
2 19 40342
2 20 14653
2 21 17776
2 22 76037
2 23 79368
2 24 62922
2 25 65886
2 26 13248
2 27 41568
2 28 75467
2 29 58068
2 30 54694
2 31 9271
2 32 36867
2 33 47726
2 34 83306
2 35 83291
2 36 35056
2 37 33584
2 38 32905
2 39 46115
2 40 27762
2 41 15633
2 42 20582
2 43 69611
2 44 72860
2 45 68936
2 46 60729
2 47 29117
2 48 36359
2 49 53533
2 50 57312
2 51 32106
2 52 30133
2 53 56357
2 54 52810
2 55 74036
2 56 32506
2 57 52557
2 58 68837
2 59 54793
2 60 41787
2 61 49345
2 62 47930
2 63 32633
2 64 39729
2 65 44862
2 66 27998
2 67 30490
2 68 38286
2 69 43655
2 70 20525
2 71 47636
2 72 4948
2 73 44249
2 74 53264
2 75 18175
2 76 76613
2 77 39595
2 78 59777
2 79 51188
2 80 84619
2 81 71065
2 82 45163
2 83 77959
2 84 76243
2 85 28611
2 86 43705
2 87 35621
2 88 26916
2 89 37202
2 90 21105
2 91 35878
2 92 55473
2 93 38196
2 94 65144
2 95 69220
2 96 10812
2 97 69640
2 98 29674
2 99 38902
2 100 64963
2 101 49689
2 102 45141
2 103 25086
2 104 62940
2 105 23231
2 106 86825
2 107 21782
2 108 34201
2 109 22248
2 110 45015
2 111 31990
2 112 59132
2 113 59933
2 114 48220
2 115 33777
2 116 50834
2 117 51014
2 118 52522
2 119 38660
3 4 47910
3 5 101047
3 6 68602
3 7 71257
3 8 83737
3 9 95892
3 10 64651
3 11 79457
3 12 95014
3 13 23625
3 14 53045
3 15 33916
3 16 46104
3 17 97502
3 18 56228
3 19 97659
3 20 60029
3 21 80189
3 22 82230
3 23 40193
3 24 23394
3 25 87493
3 26 77101
3 27 87254
3 28 10103
3 29 85430
3 30 58968
3 31 57803
3 32 102607
3 33 72430
3 34 18278
3 35 22826
3 36 95023
3 37 47328
3 38 37470
3 39 36010
3 40 50572
3 41 52843
3 42 84851
3 43 43064
3 44 47485
3 45 21930
3 46 12477
3 47 69890
3 48 42412
3 49 13638
3 50 25449
3 51 62049
3 52 43399
3 53 11646
3 54 27273
3 55 31084
3 56 42348
3 57 85295
3 58 59608
3 59 77318
3 60 105000
3 61 41062
3 62 48093
3 63 36376
3 64 51194
3 65 102687
3 66 94518
3 67 92270
3 68 29096
3 69 97462
3 70 85160
3 71 62834
3 72 62774
3 73 92838
3 74 95096
3 75 55627
3 76 81881
3 77 28607
3 78 77666
3 79 74850
3 80 20210
3 81 24072
3 82 106059
3 83 87156
3 84 9793
3 85 95142
3 86 27148
3 87 36788
3 88 92045
3 89 38921
3 90 71637
3 91 102246
3 92 26280
3 93 52748
3 94 17043
3 95 88375
3 96 77152
3 97 84720
3 98 54440
3 99 39181
3 100 58238
3 101 67973
3 102 32247
3 103 66280
3 104 3730
3 105 74540
3 106 25107
3 107 86595
3 108 36163
3 109 88805
3 110 78812
3 111 54926
3 112 32824
3 113 89763
3 114 36374
3 115 87653
3 116 40026
3 117 67445
3 118 58202
3 119 43690
4 5 53155
4 6 21991
4 7 37022
4 8 65731
4 9 50693
4 10 52341
4 11 32022
4 12 73609
4 13 63502
4 14 44791
4 15 15275
4 16 44649
4 17 50421
4 18 40163
4 19 50558
4 20 12165
4 21 32341
4 22 62843
4 23 58053
4 24 41548
4 25 57465
4 26 29558
4 27 43535
4 28 55938
4 29 51434
4 30 38366
4 31 12304
4 32 55100
4 33 38431
4 34 63414
4 35 62539
4 36 47347
4 37 31944
4 38 11629
4 39 24900
4 40 10439
4 41 16535
4 42 37158
4 43 48834
4 44 52400
4 45 47658
4 46 40349
4 47 41387
4 48 31638
4 49 34334
4 50 35888
4 51 39409
4 52 9053
4 53 39258
4 54 41494
4 55 52577
4 56 27190
4 57 48003
4 58 50779
4 59 45537
4 60 57093
4 61 28880
4 62 29052
4 63 21607
4 64 22347
4 65 55585
4 66 48628
4 67 44382
4 68 23255
4 69 51340
4 70 37541
4 71 33970
4 72 16702
4 73 48345
4 74 53784
4 75 23224
4 76 63174
4 77 19482
4 78 49168
4 79 41945
4 80 64519
4 81 49718
4 82 58381
4 83 65901
4 84 57217
4 85 49181
4 86 30670
4 87 26690
4 88 44436
4 89 15939
4 90 24577
4 91 55258
4 92 34038
4 93 21613
4 94 44158
4 95 60096
4 96 30781
4 97 58972
4 98 15016
4 99 32388
4 100 47067
4 101 55668
4 102 23685
4 103 36548
4 104 44185
4 105 27619
4 106 66151
4 107 38992
4 108 24039
4 109 42674
4 110 40103
4 111 17308
4 112 37792
4 113 54660
4 114 40688
4 115 41051
4 116 30200
4 117 38520
4 118 53820
4 119 34824
5 6 34743
5 7 52574
5 8 83450
5 9 26158
5 10 81945
5 11 23675
5 12 84082
5 13 115472
5 14 79478
5 15 67875
5 16 84064
5 17 11846
5 18 73625
5 19 15372
5 20 41130
5 21 20889
5 22 80290
5 23 104123
5 24 92103
5 25 63680
5 26 24468
5 27 31990
5 28 109002
5 29 55080
5 30 69057
5 31 44200
5 32 7847
5 33 52973
5 34 116289
5 35 114532
5 36 10598
5 37 70154
5 38 64160
5 39 72881
5 40 52962
5 41 52790
5 42 16687
5 43 92170
5 44 93973
5 45 98539
5 46 93092
5 47 58383
5 48 73343
5 49 87488
5 50 86263
5 51 64979
5 52 59026
5 53 91883
5 54 89912
5 55 101234
5 56 69623
5 57 48126
5 58 84021
5 59 57278
5 60 4851
5 61 73186
5 62 68515
5 63 69476
5 64 60040
5 65 15769
5 66 19388
5 67 9609
5 68 74371
5 69 21715
5 70 16651
5 71 59647
5 72 39440
5 73 28973
5 74 39794
5 75 54650
5 76 81237
5 77 72604
5 78 62968
5 79 54958
5 80 117250
5 81 100166
5 82 10791
5 83 79759
5 84 110365
5 85 18959
5 86 80458
5 87 72748
5 88 10619
5 89 65364
5 90 31382
5 91 12687
5 92 84371
5 93 57923
5 94 96029
5 95 67444
5 96 26854
5 97 70496
5 98 51145
5 99 76008
5 100 80373
5 101 81036
5 102 73864
5 103 56362
5 104 97327
5 105 29228
5 106 118226
5 107 15385
5 108 71203
5 109 20051
5 110 44728
5 111 52179
5 112 85372
5 113 54025
5 114 85304
5 115 21440
5 116 74938
5 117 60027
5 118 86749
5 119 75443
6 7 25645
6 8 58919
6 9 28759
6 10 51624
6 11 11267
6 12 63751
6 13 81115
6 14 62141
6 15 34702
6 16 63799
6 17 36003
6 18 41347
6 19 29058
6 20 11118
6 21 16683
6 22 55699
6 23 69616
6 24 57512
6 25 44433
6 26 17220
6 27 22348
6 28 75693
6 29 36553
6 30 37380
6 31 20049
6 32 38870
6 33 26750
6 34 82579
6 35 80188
6 36 26867
6 37 49875
6 38 31135
6 39 38181
6 40 18570
6 41 30890
6 42 21900
6 43 57986
6 44 60199
6 45 63965
6 46 59434
6 47 50460
6 48 51014
6 49 54984
6 50 51688
6 51 52313
6 52 25308
6 53 60856
6 54 63233
6 55 66494
6 56 46574
6 57 31150
6 58 52416
6 59 33601
6 60 37842
6 61 38541
6 62 34369
6 63 42788
6 64 25689
6 65 34088
6 66 37398
6 67 25201
6 68 45231
6 69 29374
6 70 22677
6 71 28831
6 72 18537
6 73 26635
6 74 33514
6 75 36388
6 76 56376
6 77 40079
6 78 38832
6 79 30081
6 80 83365
6 81 65515
6 82 37772
6 83 57151
6 84 77434
6 85 37722
6 86 52539
6 87 47459
6 88 28656
6 89 31040
6 90 3360
6 91 40670
6 92 49806
6 93 23623
6 94 61763
6 95 47828
6 96 22578
6 97 48539
6 98 16404
6 99 52536
6 100 48558
6 101 69906
6 102 39429
6 103 46192
6 104 64883
6 105 5962
6 106 83901
6 107 23966
6 108 45080
6 109 31874
6 110 23512
6 111 17561
6 112 50635
6 113 38499
6 114 61456
6 115 19182
6 116 40283
6 117 31214
6 118 70953
6 119 53955
7 8 33365
7 9 32383
7 10 29491
7 11 31553
7 12 38368
7 13 76205
7 14 81782
7 15 40972
7 16 81523
7 17 57945
7 18 23171
7 19 40182
7 20 32894
7 21 40511
7 22 30129
7 23 57296
7 24 52792
7 25 20479
7 26 42310
7 27 22868
7 28 75411
7 29 14932
7 30 18268
7 31 42325
7 32 58901
7 33 1412
7 34 80485
7 35 75416
7 36 42213
7 37 68945
7 38 38915
7 39 35294
7 40 27051
7 41 51839
7 42 45048
7 43 44497
7 44 44854
7 45 58755
7 46 59518
7 47 74538
7 48 68562
7 49 59040
7 50 47871
7 51 74834
7 52 33148
7 53 67285
7 54 75491
7 55 57548
7 56 64152
7 57 14136
7 58 32176
7 59 8613
7 60 53775
7 61 31219
7 62 24171
7 63 57752
7 64 20260
7 65 44009
7 66 61134
7 67 43607
7 68 56873
7 69 36153
7 70 45953
7 71 9534
7 72 42664
7 73 28446
7 74 25561
7 75 58284
7 76 30852
7 77 46720
7 78 13271
7 79 4954
7 80 80565
7 81 59331
7 82 50486
7 83 31532
7 84 78111
7 85 61327
7 86 64621
7 87 63041
7 88 50387
7 89 33857
7 90 27510
7 91 62039
7 92 46374
7 93 19067
7 94 58908
7 95 23325
7 96 48072
7 97 23157
7 98 22123
7 99 69018
7 100 28857
7 101 91919
7 102 39059
7 103 69966
7 104 67908
7 105 27311
7 106 79014
7 107 46946
7 108 60230
7 109 56172
7 110 9544
7 111 20085
7 112 43127
7 113 18866
7 114 76655
7 115 31241
7 116 32702
7 117 7656
7 118 90813
7 119 71772
8 9 59188
8 10 19163
8 11 64501
8 12 11703
8 13 78769
8 14 109396
8 15 63234
8 16 107493
8 17 90336
8 18 28789
8 19 69208
8 20 64917
8 21 73736
8 22 3247
8 23 53093
8 24 60703
8 25 21259
8 26 75671
8 27 51531
8 28 83909
8 29 28925
8 30 28276
8 31 73799
8 32 90467
8 33 32398
8 34 86037
8 35 78290
8 36 72852
8 37 96735
8 38 62858
8 39 51769
8 40 55343
8 41 81991
8 42 78075
8 43 42918
8 44 39841
8 45 64431
8 46 71317
8 47 106083
8 48 95184
8 49 75090
8 50 58392
8 51 105091
8 52 58895
8 53 84280
8 54 97031
8 55 58455
8 56 91123
8 57 35654
8 58 24512
8 59 26494
8 60 83662
8 61 45235
8 62 39951
8 63 83366
8 64 43734
8 65 71801
8 66 94121
8 67 75287
8 68 80044
8 69 63729
8 70 78993
8 71 32051
8 72 74985
8 73 55523
8 74 46881
8 75 88678
8 76 2589
8 77 67773
8 78 20771
8 79 29455
8 80 85214
8 81 63592
8 82 78970
8 83 5882
8 84 87350
8 85 94268
8 86 87145
8 87 88577
8 88 82892
8 89 55906
8 90 60875
8 91 94100
8 92 57838
8 93 44164
8 94 67469
8 95 18066
8 96 81423
8 97 13516
8 98 51317
8 99 94753
8 100 25499
8 101 121296
8 102 56349
8 103 101345
8 104 81317
8 105 60593
8 106 81174
8 107 79897
8 108 85715
8 109 89359
8 110 39022
8 111 48863
8 112 50913
8 113 31405
8 114 100729
8 115 62196
8 116 45545
8 117 28200
8 118 118270
8 119 98394
9 10 61210
9 11 21158
9 12 58534
9 13 105442
9 14 88935
9 15 62187
9 16 91507
9 17 36103
9 18 55473
9 19 10803
9 20 39616
9 21 28634
9 22 56169
9 23 89061
9 24 81493
9 25 38505
9 26 33097
9 27 9663
9 28 102055
9 29 30274
9 30 50581
9 31 47388
9 32 33923
9 33 32228
9 34 108280
9 35 104575
9 36 16445
9 37 77324
9 38 58870
9 39 62258
9 40 45391
9 41 58175
9 42 29517
9 43 76365
9 44 77078
9 45 87846
9 46 85650
9 47 72872
9 48 79039
9 49 82459
9 50 75948
9 51 77017
9 52 52684
9 53 89021
9 54 91984
9 55 88246
9 56 74687
9 57 23592
9 58 64411
9 59 34368
9 60 25132
9 61 60276
9 62 54027
9 63 71468
9 64 47011
9 65 12614
9 66 42349
9 67 21037
9 68 73948
9 69 4628
9 70 30310
9 71 41366
9 72 44267
9 73 3953
9 74 13654
9 75 62641
9 76 57192
9 77 67875
9 78 39680
9 79 33030
9 80 108758
9 81 88899
9 82 19821
9 83 54926
9 84 104179
9 85 42186
9 86 81296
9 87 76011
9 88 30151
9 89 57105
9 90 26621
9 91 38474
9 92 74190
9 93 45003
9 94 86769
9 95 42195
9 96 38989
9 97 45811
9 98 41488
9 99 80834
9 100 61204
9 101 94494
9 102 64744
9 103 69466
9 104 92231
9 105 23610
9 106 108275
9 107 30289
9 108 73718
9 109 39928
9 110 22983
9 111 41260
9 112 72861
9 113 28475
9 114 89916
9 115 11222
9 116 61981
9 117 39960
9 118 97389
9 119 81823
10 11 59943
10 12 30706
10 13 60141
10 14 93820
10 15 46755
10 16 91124
10 17 86535
10 18 12228
10 19 69610
10 20 54611
10 21 68013
10 22 18081
10 23 35362
10 24 41546
10 25 30446
10 26 68823
10 27 52013
10 28 64767
10 29 34135
10 30 14574
10 31 62324
10 32 88016
10 33 29297
10 34 67097
10 35 59609
10 36 71667
10 37 81513
10 38 47087
10 39 34221
10 40 42579
10 41 68871
10 42 72977
10 43 24142
10 44 21677
10 45 45321
10 46 52270
10 47 93697
10 48 79366
10 49 56500
10 50 39406
10 51 91421
10 52 44292
10 53 65698
10 54 79253
10 55 39750
10 56 75588
10 57 38919
10 58 5559
10 59 27329
10 60 83261
10 61 27624
10 62 23834
10 63 67385
10 64 30151
10 65 73263
10 66 88875
10 67 72799
10 68 63166
10 69 65268
10 70 73832
10 71 22888
10 72 64576
10 73 57263
10 74 51660
10 75 75541
10 76 17540
10 77 50628
10 78 23110
10 79 28184
10 80 66367
10 81 44571
10 82 79895
10 83 23280
10 84 68196
10 85 89155
10 86 69852
10 87 72409
10 88 78960
10 89 39893
10 90 54338
10 91 90854
10 92 38966
10 93 31324
10 94 48307
10 95 29244
10 96 73797
10 97 24226
10 98 39672
10 99 78523
10 100 6583
10 101 106657
10 102 38698
10 103 88864
10 104 62315
10 105 55019
10 106 62640
10 107 74982
10 108 69604
10 109 83473
10 110 38343
10 111 37298
10 112 31839
10 113 38235
10 114 83701
10 115 60705
10 116 27582
10 117 21928
10 118 102472
10 119 82504
11 12 67561
11 13 92379
11 14 67790
11 15 45658
11 16 70526
11 17 26594
11 18 50677
11 19 18585
11 20 20012
11 21 9690
11 22 61256
11 23 80455
11 24 68772
11 25 47252
11 26 13145
11 27 18374
11 28 86779
11 29 38670
11 30 46322
11 31 26589
11 32 28482
11 33 32305
11 34 93755
11 35 91452
11 36 15658
11 37 56303
11 38 42023
11 39 49416
11 40 29811
11 41 37209
11 42 13575
11 43 68570
11 44 70506
11 45 75227
11 46 70581
11 47 52323
11 48 58238
11 49 65819
11 50 62951
11 51 55987
11 52 36387
11 53 71264
11 54 72208
11 55 77620
11 56 53962
11 57 32147
11 58 61431
11 59 38100
11 60 26597
11 61 49517
11 62 44899
11 63 51478
11 64 36377
11 65 23593
11 66 29632
11 67 14072
11 68 54875
11 69 20348
11 70 14496
11 71 37143
11 72 23166
11 73 20392
11 74 30005
11 75 41493
11 76 62069
11 77 50857
11 78 43767
11 79 35050
11 80 94573
11 81 76761
11 82 26643
11 83 61830
11 84 88431
11 85 29801
11 86 61833
11 87 55713
11 88 19017
11 89 42286
11 90 7969
11 91 30946
11 92 61071
11 93 34263
11 94 73017
11 95 50933
11 96 19455
11 97 52725
11 98 27572
11 99 60215
11 100 57667
11 101 73537
11 102 50693
11 103 48670
11 104 75729
11 105 5553
11 106 95164
11 107 15413
11 108 53602
11 109 24953
11 110 25998
11 111 28518
11 112 61756
11 113 39358
11 114 69419
11 115 10048
11 116 51270
11 117 38402
11 118 76232
11 119 60933
12 13 90472
12 14 118013
12 15 72820
12 16 116630
12 17 92187
12 18 39324
12 19 69122
12 20 71162
12 21 77145
12 22 12784
12 23 64743
12 24 72143
12 25 20539
12 26 79672
12 27 52289
12 28 95467
12 29 29255
12 30 37964
12 31 80453
12 32 91506
12 33 37139
12 34 97710
12 35 89992
12 36 73605
12 37 105225
12 38 72065
12 39 62093
12 40 63176
12 41 89417
12 42 80994
12 43 54604
12 44 51541
12 45 76026
12 46 82557
12 47 112776
12 48 104051
12 49 85901
12 50 69593
12 51 112565
12 52 67564
12 53 95054
12 54 107162
12 55 70153
12 56 99853
12 57 36181
12 58 36137
12 59 30150
12 60 83617
12 61 55690
12 62 49862
12 63 92434
12 64 52401
12 65 70963
12 66 96757
12 67 76745
12 68 89684
12 69 63161
12 70 81925
12 71 39674
12 72 81018
12 73 55247
12 74 45220
12 75 96018
12 76 13185
12 77 77683
12 78 25119
12 79 33698
12 80 96904
12 81 75238
12 82 78237
12 83 8086
12 84 98881
12 85 96823
12 86 96997
12 87 97714
12 88 84996
12 89 65364
12 90 65205
12 91 95542
12 92 68939
12 93 52476
12 94 78928
12 95 16770
12 96 85725
12 97 15227
12 98 58741
12 99 103881
12 100 36864
12 101 129249
12 102 66673
12 103 108145
12 104 92489
12 105 64398
12 106 92875
12 107 82660
12 108 94841
12 109 92471
12 110 41569
12 111 56355
12 112 62228
12 113 30101
12 114 110333
12 115 63555
12 116 56173
12 117 35110
12 118 126979
12 119 107282
13 14 76574
13 15 48231
13 16 69721
13 17 113867
13 18 55836
13 19 109364
13 20 74774
13 21 95207
13 22 78142
13 23 26595
13 24 23956
13 25 88151
13 26 92907
13 27 96050
13 28 14334
13 29 88425
13 30 59975
13 31 75042
13 32 118289
13 33 77079
13 34 9342
13 35 969
13 36 107952
13 37 70051
13 38 51915
13 39 43362
13 40 62593
13 41 72438
13 42 100282
13 43 35999
13 44 38963
13 45 17610
13 46 23667
13 47 92060
13 48 65275
13 49 32160
13 50 29614
13 51 84719
13 52 56512
13 53 34724
13 54 50896
13 55 20392
13 56 64622
13 57 90136
13 58 54587
13 59 80132
13 60 118884
13 61 45372
13 62 52142
13 63 57597
13 64 58437
13 65 114238
13 66 112027
13 67 106129
13 68 49952
13 69 107890
13 70 100753
13 71 66778
13 72 79871
13 73 101913
13 74 101641
13 75 76345
13 76 77504
13 77 44683
13 78 78766
13 79 78585
13 80 7473
13 81 16883
13 82 118734
13 83 83377
13 84 17124
13 85 112599
13 86 49833
13 87 59047
13 88 107597
13 89 50133
13 90 84421
13 91 118715
13 92 31445
13 93 60439
13 94 19461
13 95 88024
13 96 94212
13 97 83494
13 98 65102
13 99 62202
13 100 54793
13 101 91545
13 102 41687
13 103 88118
13 104 25610
13 105 86989
13 106 2834
13 107 102207
13 108 57915
13 109 106105
13 110 85134
13 111 64709
13 112 33081
13 113 92935
13 114 59981
13 115 99057
13 116 43743
13 117 70456
13 118 81822
13 119 66844
14 15 47166
14 16 7868
14 17 70518
14 18 81779
14 19 84609
14 20 51274
14 21 61947
14 22 106696
14 23 86068
14 24 65659
14 25 102245
14 26 57319
14 27 84273
14 28 62978
14 29 95973
14 30 81227
14 31 42120
14 32 76872
14 33 83187
14 34 70859
14 35 75731
14 36 79117
14 37 12848
14 38 46783
14 39 60322
14 40 55060
14 41 31251
14 42 63888
14 43 82134
14 44 86670
14 45 68863
14 46 56335
14 47 24728
14 48 14505
14 49 47030
14 50 62555
14 51 15761
14 52 50533
14 53 41922
14 54 26230
14 55 77583
14 56 18289
14 57 91970
14 58 90902
14 59 90322
14 60 84312
14 61 66656
14 62 70096
14 63 26483
14 64 65733
14 65 89035
14 66 64249
14 67 74275
14 68 31973
14 69 87887
14 70 63582
14 71 78374
14 72 44690
14 73 87777
14 74 95643
14 75 26298
14 76 106903
14 77 44217
14 78 93901
14 79 86717
14 80 72973
14 81 71502
14 82 88664
14 83 110150
14 84 61528
14 85 64932
14 86 27944
14 87 21730
14 88 68861
14 89 53947
14 90 63175
14 91 74053
14 92 61551
14 93 65542
14 94 63194
14 95 104882
14 96 53010
14 97 103629
14 98 59797
14 99 16053
14 100 87693
14 101 15040
14 102 56318
14 103 24321
14 104 51018
14 105 65916
14 106 78152
14 107 64570
14 108 24393
14 109 60500
14 110 84004
14 111 62041
14 112 68881
14 113 98937
14 114 16867
14 115 77818
14 116 67151
14 117 83096
14 118 9031
14 119 11508
15 16 44422
15 17 65656
15 18 34888
15 19 63754
15 20 26788
15 21 47256
15 22 60781
15 23 44480
15 24 26606
15 25 60046
15 26 44730
15 27 53856
15 28 41188
15 29 55878
15 30 35001
15 31 27123
15 32 70212
15 33 42318
15 34 48419
15 35 47269
15 36 61286
15 37 35187
15 38 3723
15 39 13391
15 40 16801
15 41 27242
15 42 52218
15 43 37009
15 44 41164
15 45 32544
15 46 25241
15 47 51227
15 48 32671
15 49 20336
15 50 21160
15 51 46818
15 52 9515
15 53 27121
15 54 34848
15 55 38126
15 56 29080
15 57 54218
15 58 43737
15 59 48529
15 60 71602
15 61 19514
15 62 23326
15 63 20684
15 64 21250
15 65 68778
15 66 63877
15 67 58811
15 68 16864
15 69 63598
15 70 52647
15 71 34526
15 72 31810
15 73 59282
15 74 62584
15 75 32981
15 76 60845
15 77 5876
15 78 50614
15 79 45383
15 80 49428
15 81 34703
15 82 72298
15 83 64764
15 84 42774
15 85 64437
15 86 24280
15 87 25654
15 88 59525
15 89 7500
15 90 37779
15 91 70499
15 92 19401
15 93 22007
15 94 28887
15 95 61914
15 96 46036
15 97 59546
15 98 21094
15 99 31773
15 100 40547
15 101 60547
15 102 10149
15 103 46524
15 104 30207
15 105 40651
15 106 50888
15 107 54101
15 108 22856
15 109 57933
15 110 46957
15 111 22081
15 112 24533
15 113 59812
15 114 37534
15 115 53738
15 116 20128
15 117 39510
15 118 55734
15 119 35777
16 17 75748
16 18 79310
16 19 88011
16 20 52715
16 21 65554
16 22 104930
16 23 80753
16 24 60378
16 25 101843
16 26 61011
16 27 86134
16 28 55895
16 29 96071
16 30 79217
16 31 44148
16 32 82033
16 33 82936
16 34 63643
16 35 68905
16 36 82835
16 37 14248
16 38 44647
16 39 57098
16 40 54493
16 41 33335
16 42 68006
16 43 77754
16 44 82369
16 45 63083
16 46 50432
16 47 31777
16 48 13021
16 49 41324
16 50 57775
16 51 22612
16 52 49156
16 53 35345
16 54 18927
16 55 72042
16 56 17498
16 57 92557
16 58 87834
16 59 89925
16 60 88854
16 61 63607
16 62 67716
16 63 24197
16 64 64241
16 65 92614
16 66 69854
16 67 78203
16 68 28107
16 69 90832
16 70 67790
16 71 77258
16 72 47395
16 73 90037
16 74 97226
16 75 29636
16 76 105057
16 77 40683
16 78 93108
16 79 86398
16 80 65798
16 81 65712
16 82 92793
16 83 108657
16 84 54263
16 85 70542
16 86 22655
16 87 18928
16 88 73468
16 89 51609
16 90 65210
16 91 79528
16 92 56947
16 93 64304
16 94 57351
16 95 104267
16 96 57281
16 97 102635
16 98 59400
16 99 12753
16 100 84819
16 101 22009
16 102 52845
16 103 30662
16 104 44337
16 105 68089
16 106 71177
16 107 68880
16 108 21799
16 109 65710
16 110 84615
16 111 61494
16 112 64516
16 113 99300
16 114 9754
16 115 80567
16 116 63913
16 117 82112
16 118 12472
16 119 9898
17 18 77046
17 19 25786
17 20 39253
17 21 19490
17 22 87111
17 23 105181
17 24 91257
17 25 71649
17 26 20991
17 27 40019
17 28 106095
17 29 62934
17 30 72806
17 31 39701
17 32 6388
17 33 58593
17 34 113736
17 35 112908
17 36 19658
17 37 62304
17 38 61958
17 39 72682
17 40 52563
17 41 46519
17 42 14185
17 43 93861
17 44 96185
17 45 97574
17 46 90758
17 47 48142
17 48 65981
17 49 84225
17 50 85442
17 51 55428
17 52 57615
17 53 87553
17 54 83563
17 55 101313
17 56 62646
17 57 56012
17 58 87925
17 59 63848
17 60 16127
17 61 74047
17 62 70327
17 63 63797
17 64 61611
17 65 27240
17 66 7628
17 67 15542
17 68 69536
17 69 32040
17 70 13507
17 71 63710
17 72 34732
17 73 38257
17 74 49388
17 75 47114
17 76 87985
17 77 69735
17 78 69580
17 79 61081
17 80 114902
17 81 99438
17 82 22620
17 83 87175
17 84 107093
17 85 7148
17 86 74875
17 87 66406
17 88 7579
17 89 64440
17 90 32840
17 91 4856
17 92 83546
17 93 59576
17 94 94453
17 95 75419
17 96 20466
17 97 77924
17 98 51843
17 99 68915
17 100 84128
17 101 70717
17 102 72930
17 103 46674
17 104 93839
17 105 31635
17 106 116540
17 107 12120
17 108 65233
17 109 10040
17 110 51328
17 111 53353
17 112 85618
17 113 62530
17 114 78048
17 115 28650
17 116 75751
17 117 64958
17 118 77250
17 119 67745
18 19 62616
18 20 43094
18 21 57998
18 22 26698
18 23 34475
18 24 34286
18 25 32401
18 26 58322
18 27 45870
18 28 57923
18 29 32907
18 30 4903
18 31 50413
18 32 79125
18 33 23549
18 34 61538
18 35 55155
18 36 63754
18 37 69390
18 38 35000
18 39 22983
18 40 30562
18 41 56681
18 42 63137
18 43 21700
18 44 21693
18 45 39272
18 46 43760
18 47 81541
18 48 67365
18 49 46585
18 50 30833
18 51 79194
18 52 32065
18 53 55731
18 54 68252
18 55 36007
18 56 63515
18 57 35719
18 58 11208
18 59 24760
18 60 75478
18 61 16451
18 62 11686
18 63 55407
18 64 18139
18 65 66746
18 66 78738
18 67 64190
18 68 51530
18 69 59074
18 70 63949
18 71 14247
18 72 52911
18 73 51557
18 74 48171
18 75 63342
18 76 26569
18 77 39117
18 78 22930
18 79 23956
18 80 61192
18 81 39192
18 82 72898
18 83 31289
18 84 61109
18 85 79068
18 86 58471
18 87 60498
18 88 69533
18 89 27836
18 90 44315
18 91 81553
18 92 29955
18 93 19504
18 94 41020
18 95 32632
18 96 62924
18 97 28603
18 98 28014
18 99 66643
18 100 7313
18 101 94479
18 102 27561
18 103 76705
18 104 53491
18 105 45428
18 106 58547
18 107 65185
18 108 57669
18 109 73142
18 110 32711
18 111 25735
18 112 24039
18 113 37401
18 114 72177
18 115 52996
18 116 16851
18 117 15921
18 118 90492
18 119 70526
19 20 38596
19 21 22687
19 22 66116
19 23 95076
19 24 85488
19 25 48896
19 26 27337
19 27 17869
19 28 104634
19 29 40453
19 30 57820
19 31 44721
19 32 23172
19 33 40314
19 34 111353
19 35 108460
19 36 6534
19 37 73769
19 38 60193
19 39 66023
19 40 47372
19 41 54965
19 42 21828
19 43 82623
19 44 83831
19 45 91933
19 46 88305
19 47 66406
19 48 76101
19 49 84042
19 50 79756
19 51 71542
19 52 54324
19 53 89751
19 54 90682
19 55 93341
19 56 71942
19 57 33581
19 58 72312
19 59 43606
19 60 14520
19 61 65048
19 62 59431
19 63 69931
19 64 51591
19 65 5037
19 66 32487
19 67 11794
19 68 73460
19 69 6358
19 70 22447
19 71 48371
19 72 40786
19 73 13879
19 74 24456
19 75 58498
19 76 67108
19 77 69126
19 78 49155
19 79 41745
19 80 112040
19 81 93245
19 82 10309
19 83 65196
19 84 106449
19 85 32247
19 86 80383
19 87 74021
19 88 20605
19 89 59711
19 90 26089
19 91 27816
19 92 77919
19 93 49482
19 94 90222
19 95 52630
19 96 32399
19 97 55991
19 98 44306
19 99 78274
19 100 68876
19 101 88645
19 102 67875
19 103 63475
19 104 93941
19 105 23132
19 106 112180
19 107 22027
19 108 72001
19 109 30871
19 110 31403
19 111 44672
19 112 77611
19 113 39021
19 114 87550
19 115 10314
19 116 66799
19 117 47830
19 118 92671
19 119 78646
20 21 20476
20 22 61801
20 23 66694
20 24 52005
20 25 52961
20 26 18276
20 27 33463
20 28 67872
20 29 45732
20 30 40042
20 31 9599
20 32 43515
20 33 34200
20 34 75201
20 35 73821
20 36 35198
20 37 38867
20 38 23066
20 39 33675
20 40 13928
20 41 20084
20 42 25508
20 43 56172
20 44 59121
20 45 58325
20 46 52028
20 47 41645
20 48 39902
20 49 46424
20 50 46194
20 51 42347
20 52 18364
20 53 51391
20 54 52463
20 55 62248
20 56 35457
20 57 41039
20 58 54271
20 59 41418
20 60 44980
20 61 35900
20 62 33699
20 63 31860
20 64 25278
20 65 43604
20 66 38447
20 67 32241
20 68 34874
20 69 39807
20 70 25989
20 71 33120
20 72 10104
20 73 37682
20 74 44525
20 75 26000
20 76 62330
20 77 31495
20 78 46055
20 79 37752
20 80 76213
20 81 60188
20 82 46226
20 83 63998
20 84 69262
20 85 38932
20 86 41930
20 87 36418
20 88 32823
20 89 25218
20 90 13016
20 91 44108
20 92 44299
20 93 23648
20 94 55321
20 95 56081
20 96 20959
20 97 56004
20 98 15098
20 99 41425
20 100 50387
20 101 59767
20 102 33685
20 103 37081
20 104 56301
20 105 16064
20 106 77482
20 107 27441
20 108 34102
20 109 32484
20 110 33130
20 111 17366
20 112 46736
20 113 48224
20 114 50382
20 115 29408
20 116 37505
20 117 36723
20 118 60160
20 119 42857
21 22 70489
21 23 85707
21 24 72209
21 25 56898
21 26 4654
21 27 27674
21 28 88263
21 29 48342
21 30 53940
21 31 23542
21 32 23132
21 33 41376
21 34 95655
21 35 94256
21 36 17284
21 37 51349
21 38 43533
21 39 53376
21 40 33239
21 41 32936
21 42 5307
21 43 74377
21 44 76748
21 45 78586
21 46 72496
21 47 44292
21 48 53976
21 49 66656
21 50 66372
21 51 48943
21 52 38709
21 53 71003
21 54 69637
21 55 81988
21 56 49977
21 57 41836
21 58 69022
21 59 47478
21 60 25080
21 61 54568
21 62 50877
21 63 49003
21 64 42151
21 65 27104
21 66 20864
21 67 12917
21 68 53588
21 69 26571
21 70 6018
21 71 45129
21 72 18996
21 73 28763
21 74 39087
21 75 35946
21 76 71267
21 77 51819
21 78 53086
21 79 44302
21 80 96684
21 81 80359
21 82 27621
21 83 71266
21 84 89553
21 85 21144
21 86 59877
21 87 52602
21 88 12490
21 89 45347
21 90 13707
21 91 24262
21 92 64472
21 93 40132
21 94 75747
21 95 60563
21 96 10377
21 97 62225
21 98 32353
21 99 56366
21 100 65179
21 101 66203
21 102 53871
21 103 41057
21 104 76473
21 105 13214
21 106 97927
21 107 7371
21 108 50859
21 109 15664
21 110 35580
21 111 33875
21 112 66236
21 113 49039
21 114 65691
21 115 17628
21 116 56278
21 117 46959
21 118 69985
21 119 56372
22 23 52843
22 24 59385
22 25 18575
22 26 72432
22 27 48400
22 28 82762
22 29 25945
22 30 25780
22 31 70735
22 32 87279
22 33 29155
22 34 85178
22 35 77630
22 36 69692
22 37 93999
22 38 60283
22 39 49607
22 40 52433
22 41 79040
22 42 74829
22 43 42167
22 44 39374
22 45 63365
22 46 69774
22 47 103043
22 48 92540
22 49 73216
22 50 56812
22 51 102162
22 52 56168
22 53 82386
22 54 94811
22 55 57767
22 56 88442
22 57 32600
22 58 23594
22 59 23265
22 60 80551
22 61 43132
22 62 37583
22 63 80769
22 64 40978
22 65 68777
22 66 90877
22 67 72085
22 68 77625
22 69 60691
22 70 75748
22 71 29043
22 72 71856
22 73 52473
22 74 44025
22 75 85719
22 76 1112
22 77 65445
22 78 17537
22 79 26209
22 80 84435
22 81 62650
22 82 75926
22 83 5247
22 84 86157
22 85 91026
22 86 84808
22 87 86004
22 88 79662
22 89 53400
22 90 57639
22 91 90891
22 92 56169
22 93 41327
22 94 66174
22 95 15620
22 96 78193
22 97 10765
22 98 48331
22 99 92180
22 100 24106
22 101 118459
22 102 54192
22 103 98316
22 104 79713
22 105 57348
22 106 80605
22 107 76653
22 108 83136
22 109 86112
22 110 35808
22 111 45883
22 112 49447
22 113 28617
22 114 98309
22 115 59009
22 116 43540
22 117 25077
22 118 115597
22 119 95757
23 24 20413
23 25 65155
23 26 84619
23 27 79399
23 28 35738
23 29 67086
23 30 39269
23 31 70346
23 32 108466
23 33 57829
23 34 35079
23 35 26319
23 36 95125
23 37 76300
23 38 47327
23 39 33260
23 40 52850
23 41 71720
23 42 91011
23 43 12808
23 44 13724
23 45 18511
23 46 30885
23 47 95230
23 48 72383
23 49 39503
23 50 24098
23 51 89784
23 52 49234
23 53 46965
23 54 63865
23 55 9159
23 56 70121
23 57 70194
23 58 29895
23 59 59114
23 60 106721
23 61 31140
23 62 35736
23 63 61676
23 64 44083
23 65 99568
23 66 105106
23 67 94514
23 68 54674
23 69 92295
23 70 91674
23 71 47879
23 72 74475
23 73 85229
23 74 82603
23 75 77294
23 76 52096
23 77 44156
23 78 56522
23 79 58429
23 80 33735
23 81 16158
23 82 105142
23 83 58083
23 84 39377
23 85 105572
23 86 58229
23 87 65137
23 88 98088
23 89 42169
23 90 72946
23 91 109969
23 92 25531
23 93 46203
23 94 24118
23 95 64393
23 96 87611
23 97 59503
23 98 53378
23 99 70124
23 100 31134
23 101 100846
23 102 34619
23 103 90649
23 104 39647
23 105 74907
23 106 28675
23 107 93067
23 108 63011
23 109 99159
23 110 66800
23 111 52055
23 112 20262
23 113 71522
23 114 71412
23 115 84964
23 116 29430
23 117 50345
23 118 93207
23 119 74864
24 25 66505
24 26 70278
24 27 72125
24 28 23641
24 29 65751
24 30 37773
24 31 53663
24 32 95340
24 33 53755
24 34 27745
24 35 23083
24 36 84259
24 37 56088
24 38 30018
24 39 19469
24 40 39148
24 41 53227
24 42 77393
24 43 19830
24 44 24386
24 45 6459
24 46 11646
24 47 75763
24 48 52057
24 49 19284
24 50 5844
24 51 69853
24 52 33652
24 53 27417
24 54 43890
24 55 12211
24 56 49960
24 57 66867
24 58 36363
24 59 57448
24 60 95351
24 61 21638
24 62 28621
24 63 41646
24 64 34500
24 65 90338
24 66 90063
24 67 82657
24 68 34441
24 69 83937
24 70 77927
24 71 43539
24 72 58241
24 73 77981
24 74 78028
24 75 58292
24 76 58962
24 77 24862
24 78 56807
24 79 55555
24 80 27773
24 81 8193
24 82 94959
24 83 64429
24 84 26886
24 85 90596
24 86 37821
24 87 44859
24 88 84684
24 89 26862
24 90 60848
24 91 96112
24 92 7741
24 93 36490
24 94 6798
24 95 66909
24 96 72233
24 97 62843
24 98 41318
24 99 49736
24 100 35280
24 101 80462
24 102 18341
24 103 71316
24 104 21599
24 105 63322
24 106 26788
24 107 79372
24 108 42834
24 109 84089
24 110 61481
24 111 40816
24 112 10251
24 113 70231
24 114 51113
24 115 75175
24 116 20097
24 117 47582
24 118 72820
24 119 54486
25 26 59654
25 27 31788
25 28 90064
25 29 8717
25 30 28757
25 31 62507
25 32 71034
25 33 19082
25 34 93926
25 35 87492
25 36 53158
25 37 89404
25 38 58443
25 39 51937
25 40 47358
25 41 72253
25 42 60589
25 43 52950
25 44 51474
25 45 71661
25 46 75193
25 47 94474
25 48 88921
25 49 76403
25 50 62558
25 51 95162
25 52 53028
25 53 85155
25 54 94879
25 55 68073
25 56 84536
25 57 15649
25 58 35533
25 59 11931
25 60 63416
25 61 46436
25 62 39487
25 63 77911
25 64 38796
25 65 51078
25 66 76269
25 67 56214
25 68 76493
25 69 43113
25 70 61520
25 71 25574
25 72 62418
25 73 35034
25 74 25731
25 75 78639
25 76 19676
25 77 65550
25 78 9828
25 79 15532
25 80 93592
25 81 71585
25 82 58320
25 83 16486
25 84 93137
25 85 76325
25 86 84163
25 87 83221
25 88 64466
25 89 52630
25 90 45517
25 91 75023
25 92 61414
25 93 38164
25 94 73151
25 95 3775
25 96 65815
25 97 7812
25 98 42499
25 99 89260
25 100 34035
25 101 112338
25 102 56246
25 103 89996
25 104 84447
25 105 44423
25 106 90829
25 107 62216
25 108 80384
25 109 72081
25 110 21397
25 111 40352
25 112 56268
25 113 10205
25 114 96642
25 115 43020
25 116 47488
25 117 20613
25 118 111276
25 119 92141
26 27 31498
26 28 85432
26 29 51232
26 30 54504
26 31 19748
26 32 25559
26 33 43285
26 34 92966
26 35 91949
26 36 21840
26 37 46829
26 38 41021
26 39 51840
26 40 31801
26 41 28625
26 42 7827
26 43 73651
26 44 76266
26 45 76587
26 46 69901
26 47 39775
26 48 49565
26 49 63667
26 50 64469
26 51 44298
26 52 36629
26 53 67601
26 54 65556
26 55 80457
26 56 45633
26 57 44936
26 58 69464
26 59 49720
26 60 28909
26 61 53573
26 62 50433
26 63 45033
26 64 41714
26 65 31718
26 66 20654
26 67 17251
26 68 49943
26 69 31175
26 70 8063
26 71 46051
26 72 14976
26 73 33020
26 74 43071
26 75 31382
26 76 73162
26 77 48986
26 78 55213
26 79 46394
26 80 94077
26 81 78462
26 82 31945
26 83 73508
26 84 86578
26 85 21065
26 86 55995
26 87 48445
26 88 14944
26 89 43487
26 90 14827
26 91 25846
26 92 62574
26 93 39785
26 94 73480
26 95 63255
26 96 6319
26 97 64605
26 98 31612
26 99 52030
26 100 65586
26 101 61587
26 102 51960
26 103 36459
26 104 73404
26 105 15275
26 106 95591
26 107 9494
26 108 46805
26 109 14869
26 110 38257
26 111 33390
26 112 64847
26 113 52240
26 114 61357
26 115 21979
26 116 55242
26 117 48321
26 118 65334
26 119 51903
27 28 93077
27 29 23127
27 30 40986
27 31 42174
27 32 39253
27 33 22812
27 34 99120
27 35 95193
27 36 21415
27 37 72155
27 38 50704
27 39 53024
27 40 37102
27 41 53073
27 42 30227
27 43 66703
27 44 67443
27 45 78442
27 46 76693
27 47 70454
27 48 73362
27 49 73965
27 50 66646
27 51 73543
27 52 44440
27 53 80905
27 54 85029
27 55 78652
27 56 68920
27 57 16164
27 58 55008
27 59 25738
27 60 32175
27 61 50783
27 62 44437
27 63 64871
27 64 37626
27 65 21251
27 66 45144
27 67 24503
27 68 66638
27 69 13294
27 70 31133
27 71 31725
27 72 39856
27 73 5888
27 74 11711
27 75 58216
27 76 49371
27 77 59646
27 78 31302
27 79 23958
27 80 99534
27 81 79434
27 82 28014
27 83 47770
27 84 95311
27 85 45126
27 86 74178
27 87 69671
27 88 33056
27 89 48343
27 90 21106
27 91 43256
27 92 64916
27 93 35663
27 94 77540
27 95 35562
27 96 37787
27 97 38506
27 98 32855
27 99 74853
27 100 51724
27 101 91174
27 102 55712
27 103 66621
27 104 83633
27 105 18486
27 106 98884
27 107 31560
27 108 67216
27 109 41573
27 110 13672
27 111 32359
27 112 63342
27 113 22516
27 114 83702
27 115 11410
27 116 52474
27 117 30496
27 118 92988
27 119 76299
28 29 88939
28 30 61308
28 31 66510
28 32 110991
28 33 76478
28 34 8218
28 35 13681
28 36 102429
28 37 57428
28 38 44881
28 39 40379
28 40 57264
28 41 62277
28 42 93089
28 43 41508
28 44 45473
28 45 19541
28 46 16407
28 47 79951
28 48 52515
28 49 21934
28 50 27681
28 51 72150
28 52 50399
28 53 21737
28 54 36979
28 55 27240
28 56 52398
28 57 89548
28 58 59412
28 59 80674
28 60 112781
28 61 44315
28 62 51458
28 63 46186
28 64 55966
28 65 109627
28 66 103465
28 67 99994
28 68 38753
28 69 103964
28 70 93454
28 71 66462
28 72 71464
28 73 98804
28 74 100096
28 75 65381
28 76 82286
28 77 36459
28 78 80322
28 79 78554
28 80 10107
28 81 20788
28 82 113418
28 83 87867
28 84 3646
28 85 104075
28 86 37229
28 87 46826
28 88 100352
28 89 45040
28 90 78854
28 91 110885
28 92 29065
28 93 57735
28 94 16917
28 95 90536
28 96 85900
28 97 86483
28 98 60655
28 99 49282
28 100 58684
28 101 77843
28 102 37367
28 103 76291
28 104 13050
28 105 81655
28 106 15371
28 107 94901
28 108 46101
28 109 97671
28 110 83598
28 111 60798
28 112 33883
28 113 93380
28 114 46214
28 115 94465
28 116 42983
28 117 70759
28 118 67828
28 119 53778
29 30 28485
29 31 55330
29 32 62379
29 33 13566
29 34 93471
29 35 87699
29 36 44529
29 37 83186
29 38 53846
29 39 49438
29 40 41759
29 41 65443
29 42 51936
29 43 54451
29 44 53705
29 45 71357
29 46 73422
29 47 86916
29 48 83069
29 49 73576
29 50 61258
29 51 88077
29 52 48048
29 53 81988
29 54 90420
29 55 68872
29 56 78624
29 57 6964
29 58 38565
29 59 8311
29 60 54962
29 61 44663
29 62 37520
29 63 72489
29 64 34958
29 65 42888
29 66 67569
29 67 47510
29 68 71791
29 69 34835
29 70 52866
29 71 22601
29 72 54849
29 73 26660
29 74 18278
29 75 71659
29 76 26990
29 77 61599
29 78 11025
29 79 10635
29 80 93351
29 81 71602
29 82 50078
29 83 24744
29 84 91812
29 85 67620
29 86 79544
29 87 77755
29 88 55749
29 89 48699
29 90 37367
29 91 66330
29 92 59914
29 93 33912
29 94 72168
29 95 12486
29 96 57444
29 97 15551
29 98 36782
29 99 83670
29 100 36284
29 101 105439
29 102 53446
29 103 82536
29 104 82185
29 105 36078
29 106 91181
29 107 53541
29 108 74968
29 109 63431
29 110 13112
29 111 34874
29 112 55696
29 113 4511
29 114 91464
29 115 34313
29 116 45957
29 117 18186
29 118 104991
29 119 86258
30 31 47885
30 32 74702
30 33 18657
30 34 65319
30 35 59264
30 36 59092
30 37 68645
30 38 34590
30 39 24297
30 40 28311
30 41 54879
30 42 59013
30 43 26469
30 44 26592
30 45 43089
30 46 46579
30 47 79547
30 48 66952
30 49 48567
30 50 33834
30 51 77715
30 52 30877
30 53 57592
30 54 69199
30 55 40413
30 56 62940
30 57 30961
30 58 15119
30 59 20237
30 60 70807
30 61 18165
30 62 11902
30 63 55102
30 64 16019
30 65 61908
30 66 74758
30 67 59675
30 68 51847
30 69 54206
30 70 59844
30 71 9470
30 72 50025
30 73 46661
30 74 43337
30 75 61580
30 76 25855
30 77 39729
30 78 19034
30 79 19186
30 80 65083
30 81 43200
30 82 68113
30 83 29880
30 84 64385
30 85 75066
30 86 59069
30 87 60304
30 88 65263
30 89 27636
30 90 40234
30 91 77254
30 92 32754
30 93 16947
30 94 44398
30 95 29414
30 96 59336
30 97 25866
30 98 25152
30 99 66479
30 100 11350
30 101 93462
30 102 28844
30 103 74730
30 104 56052
30 105 41172
30 106 62719
30 107 61046
30 108 57444
30 109 69250
30 110 27808
30 111 22756
30 112 27559
30 113 32995
30 114 72530
30 115 48282
30 116 18987
30 117 11076
30 118 90062
30 119 70154
31 32 44933
31 33 43654
31 34 74272
31 35 74075
31 36 40296
31 37 30035
31 38 23645
31 39 37148
31 40 19896
31 41 10901
31 42 27571
31 43 60915
31 44 64333
31 45 59666
31 46 51562
31 47 32350
31 48 31674
31 49 44593
31 50 48072
31 51 32748
31 52 21186
31 53 47969
31 54 46189
31 55 64843
31 56 27375
31 57 50598
31 58 61405
31 59 50892
31 60 48564
31 61 40763
31 62 40014
31 63 25488
31 64 32275
31 65 49567
31 66 37051
31 67 36395
31 68 30199
31 69 46933
31 70 27745
31 71 41788
31 72 4970
31 73 45899
31 74 53526
31 75 16445
31 76 71211
31 77 30419
31 78 55393
31 79 47219
31 80 75538
31 81 61800
31 82 51022
31 83 73156
31 84 67416
31 85 37642
31 86 36335
31 87 29323
31 88 34533
31 89 28195
31 90 21114
31 91 44444
31 92 46240
31 93 31000
31 94 55888
31 95 65583
31 96 19391
31 97 65353
31 98 22794
31 99 33632
31 100 57581
31 101 50183
31 102 35971
31 103 27692
31 104 54146
31 105 23950
31 106 77624
31 107 29138
31 108 27416
31 109 31193
31 110 42707
31 111 25240
31 112 50087
31 113 57807
31 114 42862
31 115 36568
31 116 42178
31 117 45705
31 118 50906
31 119 34435
32 33 59410
32 34 118515
32 35 117336
32 36 17915
32 37 68504
32 38 66493
32 39 76447
32 40 56323
32 41 52325
32 42 18007
32 43 96833
32 44 98912
32 45 101718
32 46 95422
32 47 54514
32 48 72093
32 49 89211
32 50 89503
32 51 61812
32 52 61821
32 53 92899
32 54 89472
32 55 105026
32 56 68670
32 57 55416
32 58 89778
32 59 64120
32 60 10935
32 61 77351
32 62 73179
32 63 69497
32 64 64541
32 65 23523
32 66 13636
32 67 15305
32 68 75003
32 69 29527
32 70 17566
32 71 65408
32 72 39990
32 73 36602
32 74 47527
32 75 53225
32 76 88200
32 77 74545
32 78 69844
32 79 61614
32 80 119606
32 81 103488
32 82 17831
32 83 86958
32 84 112118
32 85 13055
32 86 80571
32 87 72286
32 88 10692
32 89 68479
32 90 35566
32 91 5010
32 92 87603
32 93 62458
32 94 98834
32 95 74807
32 96 26072
32 97 77685
32 98 55119
32 99 74975
32 100 86051
32 101 77071
32 102 77003
32 103 53060
32 104 98919
32 105 33887
32 106 120996
32 107 16113
32 108 71015
32 109 16372
32 110 51532
32 111 56423
32 112 89227
32 113 61521
32 114 84153
32 115 28271
32 116 79082
32 117 66190
32 118 83635
32 119 73924
33 34 81471
33 35 76298
33 36 42552
33 37 70351
33 38 40290
33 39 36442
33 40 28462
33 41 53213
33 42 45839
33 43 45023
33 44 45241
33 45 59670
33 46 60639
33 47 75839
33 48 69974
33 49 60282
33 50 48897
33 51 76193
33 52 34542
33 53 68567
33 54 76868
33 55 58281
33 56 65564
33 57 13113
33 58 32202
33 59 7248
33 60 54054
33 61 32229
33 62 25144
33 63 59161
33 64 21525
33 65 44029
33 66 61922
33 67 44106
33 68 58259
33 69 36105
33 70 46749
33 71 10309
33 72 43930
33 73 28278
33 74 24857
33 75 59646
33 76 29907
33 77 48053
33 78 12090
33 79 3576
33 80 81522
33 81 60199
33 82 50602
33 83 30401
33 84 79206
33 85 62102
33 86 66005
33 87 64452
33 88 51050
33 89 35174
33 90 28517
33 91 62631
33 92 47424
33 93 20381
33 94 59923
33 95 21961
33 96 49102
33 97 21915
33 98 23535
33 99 70429
33 100 28981
33 101 93295
33 102 40261
33 103 71279
33 104 69100
33 105 28204
33 106 79883
33 107 47715
33 108 61640
33 109 57025
33 110 9257
33 111 21495
33 112 44017
33 113 17560
33 114 78059
33 115 31581
33 116 33682
33 117 7747
33 118 92218
33 119 73184
34 35 9205
34 36 109411
34 37 65600
34 38 52138
34 39 46109
34 40 64039
34 41 70353
34 42 100560
34 43 43129
34 44 46570
34 45 22266
34 46 23206
34 47 88159
34 48 60672
34 49 29843
34 50 32693
34 51 80319
34 52 57399
34 53 29924
34 54 44721
34 55 27767
34 56 60609
34 57 94583
34 58 61597
34 59 85163
34 60 119963
34 61 49272
34 62 56327
34 63 54384
34 64 61643
34 65 116314
34 66 111290
34 67 107166
34 68 46923
34 69 110394
34 70 100954
34 71 71277
34 72 79207
34 73 104914
34 74 105576
34 75 73559
34 76 84610
34 77 44003
34 78 84325
34 79 83299
34 80 2304
34 81 22578
34 82 120350
34 83 90372
34 84 9413
34 85 111892
34 86 45425
34 87 55039
34 88 107848
34 89 51643
34 90 85798
34 91 118546
34 92 34317
34 93 63521
34 94 21658
34 95 94099
34 96 93647
34 97 89788
34 98 67134
34 99 57415
34 100 61373
34 101 85638
34 102 43590
34 103 84508
34 104 21258
34 105 88529
34 106 8959
34 107 102405
34 108 54317
34 109 105461
34 110 89025
34 111 67078
34 112 37798
34 113 97958
34 114 54030
34 115 101115
34 116 47789
34 117 75315
34 118 75399
34 119 61872
35 36 107029
35 37 69146
35 38 50954
35 39 42468
35 40 61661
35 41 71474
35 42 99329
35 43 35469
35 44 38514
35 45 16765
35 46 22700
35 47 91130
35 48 64379
35 49 31211
35 50 28718
35 51 83808
35 52 55564
35 53 33862
35 54 50099
35 55 19863
35 56 63702
35 57 89363
35 58 54059
35 59 79402
35 60 117951
35 61 44540
35 62 51334
35 63 56655
35 64 57574
35 65 113338
35 66 111060
35 67 105193
35 68 49008
35 69 107007
35 70 99799
35 71 66001
35 72 78904
35 73 101054
35 74 100835
35 75 75391
35 76 77001
35 77 43714
35 78 78083
35 79 77829
35 80 7505
35 81 16119
35 82 117818
35 83 82860
35 84 16583
35 85 111633
35 86 48936
35 87 58129
35 88 106644
35 89 49199
35 90 83492
35 91 117755
35 92 30543
35 93 59571
35 94 18513
35 95 87396
35 96 93246
35 97 82890
35 98 64191
35 99 61315
35 100 54208
35 101 90711
35 102 40759
35 103 87180
35 104 24746
35 105 86066
35 106 3720
35 107 101252
35 108 56984
35 109 105140
35 110 84322
35 111 63810
35 112 32289
35 113 92208
35 114 59162
35 115 98154
35 116 42918
35 117 69709
35 118 81028
35 119 65964
36 37 68633
36 38 57635
36 39 64836
36 40 45436
36 41 50128
36 42 15640
36 43 82927
36 44 84484
36 45 90718
36 46 86238
36 47 60256
36 48 71218
36 49 81386
36 50 78455
36 51 65683
36 52 52043
36 53 86588
36 54 86476
36 55 92771
36 56 67171
36 57 37569
36 58 73935
36 59 46702
36 60 11727
36 61 64516
36 62 59394
36 63 65744
36 64 51155
36 65 10004
36 66 26087
36 67 5311
36 68 69771
36 69 12475
36 70 16183
36 71 49636
36 72 36038
36 73 18774
36 74 29831
36 75 53217
36 76 70640
36 77 66417
36 78 52384
36 79 44437
36 80 110221
36 81 92186
36 82 11041
36 83 69181
36 84 104055
36 85 25879
36 86 76428
36 87 69586
36 88 14093
36 89 57906
36 90 23615
36 91 22197
36 92 76585
36 93 49026
36 94 88623
36 95 56927
36 96 26430
36 97 59914
36 98 42953
36 99 73547
36 100 70350
36 101 82623
36 102 66276
36 103 57477
36 104 91294
36 105 20963
36 106 110744
36 107 15644
36 108 67711
36 109 24337
36 110 34171
36 111 43670
36 112 76930
36 113 43606
36 114 82863
36 115 10974
36 116 66275
36 117 49740
36 118 87011
36 119 73645
37 38 34431
37 39 48531
37 40 42218
37 41 19162
37 42 53931
37 43 71213
37 44 75634
37 45 60062
37 46 48030
37 47 22901
37 48 5012
37 49 38659
37 50 52329
37 51 14723
37 52 37840
37 53 35693
37 54 23797
37 55 68254
37 56 6244
37 57 79292
37 58 78820
37 59 77479
37 60 74912
37 61 54682
37 62 57707
37 63 14863
37 64 53022
37 65 78386
37 66 56814
37 67 64051
37 68 21648
37 69 76596
37 70 53751
37 71 65568
37 72 33157
37 73 75928
37 74 83376
37 75 15526
37 76 94228
37 77 32965
37 78 81058
37 79 73878
37 80 67530
37 81 62679
37 82 78681
37 83 97386
37 84 56662
37 85 57502
37 86 20252
37 87 11301
37 88 59600
37 89 41634
37 90 51143
37 91 66291
37 92 51116
37 93 52772
37 94 54612
37 95 92035
37 96 43309
37 97 90796
37 98 46949
37 99 8454
37 100 75503
37 101 25369
37 102 44778
37 103 20028
37 104 44634
37 105 53983
37 106 71965
37 107 54880
37 108 13294
37 109 52311
37 110 71326
37 111 49195
37 112 58066
37 113 86205
37 114 16198
37 115 66349
37 116 55310
37 117 70270
37 118 21876
37 119 5502
38 39 15095
38 40 13608
38 41 24631
38 42 48498
38 43 39194
38 44 43171
38 45 36061
38 46 28963
38 47 49082
38 48 32405
38 49 23849
38 50 24448
38 51 45222
38 52 6281
38 53 30205
38 54 36578
38 55 41316
38 56 28515
38 57 51814
38 58 44457
38 59 46754
38 60 67901
38 61 20584
38 62 23315
38 63 20513
38 64 19857
38 65 65223
38 66 60256
38 67 55113
38 68 18050
38 69 60167
38 70 48930
38 71 33124
38 72 28255
38 73 56047
38 74 59727
38 75 30679
38 76 60413
38 77 9011
38 78 49203
38 79 43482
38 80 53150
38 81 38162
38 82 68656
38 83 64058
38 84 46422
38 85 60810
38 86 25748
38 87 25722
38 88 55805
38 89 7205
38 90 34173
38 91 66804
38 92 22635
38 93 20282
38 94 32539
38 95 60493
38 96 42409
38 97 58400
38 98 18181
38 99 31899
38 100 41085
38 101 59658
38 102 12713
38 103 44316
38 104 33749
38 105 37071
38 106 54582
38 107 50383
38 108 22858
38 109 54303
38 110 44380
38 111 19437
38 112 27174
38 113 57655
38 114 38405
38 115 50230
38 116 21473
38 117 38085
38 118 55535
38 119 35590
39 40 20138
39 41 39638
39 42 58633
39 43 24174
39 44 28080
39 45 25921
39 46 24258
39 47 64176
39 48 45819
39 49 24478
39 50 13751
39 51 60129
39 52 15985
39 53 33368
39 54 45270
39 55 28631
39 56 42383
39 57 49387
39 58 30736
39 59 41380
39 60 76012
39 61 6606
39 62 12555
39 63 33880
39 64 15593
39 65 70881
39 66 72114
39 67 63375
39 68 29025
39 69 64567
39 70 59225
39 71 26863
39 72 41217
39 73 58836
39 74 59717
39 75 45769
39 76 49523
39 77 16446
39 78 42139
39 79 38843
39 80 46514
39 81 27353
39 82 75501
39 83 54013
39 84 42922
39 85 72604
39 86 35637
39 87 38648
39 88 65863
39 89 8960
39 90 41533
39 91 77519
39 92 11948
39 93 17419
39 94 24519
39 95 53173
39 96 54476
39 97 50030
39 98 21884
39 99 44652
39 100 27795
39 101 73900
39 102 4585
39 103 59410
39 104 32748
39 105 43931
39 106 46185
39 107 60653
39 108 35931
39 109 66144
39 110 43229
39 111 21352
39 112 13089
39 113 53755
39 114 49484
39 115 55710
39 116 6835
39 117 31573
39 118 68738
39 119 48858
40 41 26696
40 42 38496
40 43 42248
40 44 45258
40 45 45578
40 46 40939
40 47 51238
40 48 41563
40 49 37078
40 50 33305
40 51 49750
40 52 7338
40 53 43803
40 54 49254
40 55 48760
40 56 37188
40 57 38966
40 58 41511
40 59 35435
40 60 56293
40 61 21972
40 62 20204
40 63 30731
40 64 12435
40 65 52363
40 66 52257
40 67 43552
40 68 30532
40 69 46894
40 70 39093
40 71 23531
40 72 22842
40 73 42487
40 74 46224
40 75 33400
40 76 52779
40 77 22549
40 78 38841
40 79 31907
40 80 64802
40 81 47240
40 82 56328
40 83 55462
40 84 59133
40 85 52721
40 86 38288
40 87 36006
40 88 45727
40 89 12475
40 90 21843
40 91 57395
40 92 31411
40 93 11381
40 94 43208
40 95 49867
40 96 34884
40 97 48593
40 98 4991
40 99 41967
40 100 37694
40 101 66107
40 102 20919
40 103 46425
40 104 46888
40 105 24502
40 106 65369
40 107 40518
40 108 33210
40 109 46317
40 110 31283
40 111 7008
40 112 33063
40 113 45250
40 114 49723
40 115 37212
40 116 23583
40 117 28103
40 118 64078
40 119 44785
41 42 36169
41 43 63799
41 44 67691
41 45 58657
41 46 48799
41 47 24942
41 48 21137
41 49 40601
41 50 48127
41 51 23155
41 52 24963
41 53 42010
41 54 37196
41 55 65120
41 56 17045
41 57 61038
41 58 67203
41 59 60452
41 60 57391
41 61 44548
41 62 45453
41 63 17372
41 64 38865
41 65 59694
41 66 42374
41 67 45827
41 68 23839
41 69 57540
41 70 36143
41 71 50021
41 72 14180
41 73 56770
41 74 64397
41 75 6707
41 76 79418
41 77 28462
41 78 64591
41 79 56787
41 80 71875
41 81 61036
41 82 60538
41 83 81868
41 84 62632
41 85 43032
41 86 28415
41 87 20000
41 88 42534
41 89 31012
41 90 32013
41 91 50977
41 92 46460
41 93 38041
41 94 54129
41 95 75160
41 96 26283
41 97 74518
41 98 30742
41 99 23431
41 100 63529
41 101 40085
41 102 37253
41 103 20103
41 104 49380
41 105 34830
41 106 74830
41 107 37413
41 108 18715
41 109 37010
41 110 53095
41 111 33173
41 112 51722
41 113 68145
41 114 32756
41 115 47243
41 116 45676
41 117 54342
41 118 40091
41 119 23736
42 43 79678
42 44 82031
42 45 83754
42 46 77441
42 47 44623
42 48 56907
42 49 71380
42 50 71560
42 51 50129
42 52 43828
42 53 75418
42 54 73241
42 55 87254
42 56 53088
42 57 45242
42 58 74115
42 59 51670
42 60 21224
42 61 59874
42 62 56164
42 63 52790
42 64 47441
42 65 25630
42 66 16085
42 67 10494
42 68 57768
42 69 26708
42 70 931
42 71 50091
42 72 22767
42 73 30337
42 74 41161
42 75 38409
42 76 75640
42 77 56630
42 78 57341
42 79 48622
42 80 101629
42 81 85553
42 82 24806
42 83 75378
42 84 94292
42 85 16287
42 86 63778
42 87 56091
42 88 7315
42 89 50534
42 90 18825
42 91 18957
42 92 69661
42 93 45415
42 94 80829
42 95 64304
42 96 10906
42 97 66245
42 98 37660
42 99 59483
42 100 70287
42 101 66989
42 102 59052
42 103 41855
42 104 81147
42 105 17975
42 106 102989
42 107 2070
42 108 54521
42 109 11497
42 110 39483
42 111 39173
42 112 71516
42 113 52272
42 114 68799
42 115 19270
42 116 61582
42 117 51716
42 118 71594
42 119 59124
43 44 4684
43 45 22001
43 46 31451
43 47 88201
43 48 67864
43 49 38132
43 50 20269
43 51 83707
43 52 39791
43 53 46853
43 54 62654
43 55 15608
43 56 64971
43 57 57412
43 58 18590
43 59 46406
43 60 94586
43 61 20302
43 62 23672
43 63 56351
43 64 32297
43 65 87042
43 66 94278
43 67 82570
43 68 50163
43 69 79674
43 70 80385
43 71 35105
43 72 64666
43 73 72514
43 74 69797
43 75 69855
43 76 41553
43 77 38250
43 78 44041
43 79 45642
43 80 42300
43 81 20830
43 82 92758
43 83 47393
43 84 45065
43 85 94708
43 86 55170
43 87 60526
43 88 86618
43 89 33004
43 90 61269
43 91 98593
43 92 20855
43 93 34375
43 94 26046
43 95 52461
43 96 77114
43 97 47749
43 98 42078
43 99 66097
43 100 19018
43 101 96412
43 102 26875
43 103 83466
43 104 41425
43 105 63050
43 106 38509
43 107 81746
43 108 58068
43 109 88391
43 110 54010
43 111 40509
43 112 13260
43 113 58913
43 114 69014
43 115 72595
43 116 18778
43 117 37543
43 118 89977
43 119 70658
44 45 26103
44 46 36027
44 47 92247
44 48 72360
44 49 42812
44 50 24950
44 51 87952
44 52 43348
44 53 51512
44 54 67337
44 55 18806
44 56 69396
44 57 57182
44 58 16181
44 59 45888
44 60 96191
44 61 23570
44 62 25875
44 63 60775
44 64 34608
44 65 88115
44 66 96919
44 67 84404
44 68 54699
44 69 80572
44 70 82767
44 71 35718
44 72 67912
44 73 73179
44 74 69760
44 75 73849
44 76 38678
44 77 42673
44 78 42997
44 79 45493
44 80 45586
44 81 24689
44 82 94049
44 83 44621
44 84 49068
44 85 97328
44 86 59805
44 87 65026
44 88 88850
44 89 36737
44 90 63425
44 91 100868
44 92 25512
44 93 36616
44 94 30443
44 95 50671
44 96 79986
44 97 45780
44 98 44659
44 99 70646
44 100 17515
44 101 100880
44 102 31085
44 103 87487
44 104 45951
44 105 65036
44 106 41337
44 107 84101
44 108 62536
44 109 91081
44 110 54397
44 111 42919
44 112 17853
44 113 58097
44 114 73667
44 115 73959
44 116 22200
44 117 37580
44 118 94565
44 119 75183
45 46 12679
45 47 80515
45 48 55773
45 49 21835
45 50 12280
45 51 74187
45 52 39961
45 53 28599
45 54 45635
45 55 9361
45 56 54071
45 57 72763
45 58 39920
45 59 63047
45 60 101803
45 61 27780
45 62 34622
45 63 46031
45 64 40836
45 65 96776
45 66 96252
45 67 89103
45 68 38565
45 69 90337
45 70 84277
45 71 49396
45 72 64315
45 73 84308
45 74 84116
45 75 63433
45 76 62859
45 77 30196
45 78 62075
45 79 61319
45 80 22001
45 81 2639
45 82 101416
45 83 68509
45 84 23071
45 85 96793
45 86 40926
45 87 48762
45 88 91052
45 89 33247
45 90 67299
45 91 102430
45 92 14169
45 93 42849
45 94 5754
45 95 71846
45 96 78409
45 97 67580
45 98 47777
45 99 53202
45 100 39363
45 101 83823
45 102 24720
45 103 76183
45 104 21149
45 105 69779
45 106 20444
45 107 85724
45 108 46975
45 109 90284
45 110 67589
45 111 47263
45 112 15686
45 113 75857
45 114 53551
45 115 81620
45 116 26169
45 117 53256
45 118 75554
45 119 57982
46 47 69216
46 48 43564
46 49 9394
46 50 12974
46 51 62417
46 52 34205
46 53 16094
46 54 33010
46 55 21863
46 56 42206
46 57 73630
46 58 47307
46 59 65239
46 60 96757
46 61 28836
46 62 35939
46 63 34570
46 64 39768
46 65 93288
46 66 88606
46 67 83961
46 68 26935
46 69 87565
46 70 77855
46 71 50830
46 72 56442
46 73 82408
46 74 83897
46 75 52897
46 76 69436
46 77 21143
46 78 65375
46 79 62905
46 80 24189
46 81 15293
46 82 97197
46 83 74686
46 84 18697
46 85 89190
46 86 28457
46 87 36756
46 88 84741
46 89 28649
46 90 62632
46 91 95586
46 92 13836
46 93 41476
46 94 6928
46 95 75993
46 96 70848
46 97 72281
46 98 44253
46 99 40847
46 100 45821
46 101 71336
46 102 21005
46 103 65076
46 104 10104
46 105 65391
46 106 26143
46 107 79308
46 108 35218
46 109 82718
46 110 67453
46 111 44395
46 112 20433
46 113 77804
46 114 40877
46 115 78110
46 116 27708
46 117 55332
46 118 62899
46 119 45623
47 48 27912
47 49 60069
47 50 71204
47 51 9178
47 52 49900
47 53 58252
47 54 46456
47 55 87936
47 56 27555
47 57 81599
47 58 92134
47 59 83044
47 60 63209
47 61 69366
47 62 70386
47 63 34646
47 64 63588
47 65 70222
47 66 41202
47 67 55036
47 68 42286
47 69 70820
47 70 44078
47 71 74037
47 72 32076
47 73 72645
47 74 82164
47 75 18456
47 76 103496
47 77 51100
47 78 87686
47 79 79383
47 80 90019
47 81 83052
47 82 68461
47 83 105506
47 84 79373
47 85 41860
47 86 42752
47 87 33136
47 88 48040
47 89 55776
47 90 50221
47 91 51083
47 92 69703
47 93 62616
47 94 75399
47 95 97671
47 96 34080
47 97 97641
47 98 54837
47 99 31352
47 100 88445
47 101 22654
47 102 61375
47 103 4841
47 104 67001
47 105 52296
47 106 94124
47 107 44731
47 108 34148
47 109 38471
47 110 73953
47 111 57299
47 112 75689
47 113 88958
47 114 37996
47 115 61723
47 116 70426
47 117 78044
47 118 29731
47 119 27632
48 49 34171
48 50 48575
48 51 19658
48 52 36488
48 53 30793
48 54 18949
48 55 64156
48 56 4487
48 57 79538
48 58 76403
48 59 76995
48 60 78044
48 61 52152
48 62 55693
48 63 11989
48 64 51663
48 65 80826
48 66 60778
48 67 66814
48 68 17793
48 69 78586
48 70 56793
48 71 64533
48 72 35315
48 73 77419
48 74 84351
48 75 18870
48 76 92713
48 77 29781
48 78 80285
48 79 73451
48 80 62621
48 81 58401
48 82 81508
48 83 96126
48 84 51694
48 85 61463
48 86 15443
48 87 7340
48 88 62873
48 89 39530
48 90 52571
48 91 70102
48 92 47464
48 93 51610
48 94 50243
48 95 91399
48 96 46513
48 97 89886
48 98 46443
48 99 3464
48 100 73210
48 101 28586
48 102 41841
48 103 24955
48 104 39785
48 105 55502
48 106 67145
48 107 57984
48 108 9900
48 109 56059
48 110 71598
48 111 48571
48 112 54638
48 113 86281
48 114 12067
48 115 68238
48 116 52647
48 117 69343
48 118 23132
48 119 3234
49 50 17969
49 51 53102
49 52 29844
49 53 9200
49 54 24655
49 55 30719
49 56 32889
49 57 72894
49 58 51997
49 59 65664
49 60 91403
49 61 30411
49 62 37011
49 63 25479
49 64 38789
49 65 89071
49 66 81531
49 67 78660
49 68 17822
49 69 83931
49 70 71713
49 71 51148
49 72 49553
49 73 79480
49 74 82185
49 75 44215
49 76 73010
49 77 14970
49 78 66613
49 79 62941
49 80 31291
49 81 24474
49 82 92421
49 83 77874
49 84 22913
49 85 82140
49 86 19106
49 87 27404
49 88 78608
49 89 25808
49 90 58006
49 91 89002
49 92 17842
49 93 40157
49 94 16170
49 95 77644
49 96 63983
49 97 74409
49 98 41110
49 99 31462
49 100 49922
49 101 62005
49 102 20186
49 103 56026
49 104 9910
49 105 60917
49 106 34406
49 107 73155
49 108 25966
49 109 75740
49 110 66101
49 111 41758
49 112 25590
49 113 77792
49 114 31911
49 115 74064
49 116 29761
49 117 55955
49 118 53795
49 119 36240
50 51 65690
50 52 27855
50 53 26929
50 54 42390
50 55 17000
50 56 46120
50 57 61997
50 58 34569
50 59 52994
50 60 89523
50 61 16673
50 62 23801
50 63 37620
50 64 29044
50 65 84625
50 66 84319
50 67 76822
50 68 30788
50 69 78308
50 70 72099
50 71 38808
50 72 52589
50 73 72483
50 74 72882
50 75 53437
50 76 56485
50 77 20103
50 78 52770
50 79 50893
50 80 32944
50 81 13997
50 82 89180
50 83 61713
50 84 30617
50 85 84847
50 86 35125
50 87 41269
50 88 78849
50 89 21027
50 90 55020
50 91 90297
50 92 1899
50 93 30983
50 94 11049
50 95 63217
50 96 66503
50 97 59402
50 98 35533
50 99 46514
50 100 32914
50 101 77141
50 102 12513
50 103 66666
50 104 22926
50 105 57510
50 106 32435
50 107 73543
50 108 39037
50 109 78343
50 110 56332
50 111 35095
50 112 7724
50 113 65702
50 114 48852
50 115 69447
50 116 15303
50 117 43078
50 118 70108
50 119 51190
51 52 47137
51 53 50415
51 54 37677
51 55 82064
51 56 20214
51 57 83269
51 58 89353
51 59 83440
51 60 69830
51 61 65801
51 62 67705
51 63 28214
51 64 61709
51 65 75684
51 66 48878
51 67 60622
51 68 35626
51 69 75430
51 70 49708
51 71 73162
51 72 33853
51 73 76354
51 74 85192
51 75 16563
51 76 102524
51 77 45758
51 78 87694
51 79 79768
51 80 82253
51 81 76777
51 82 74625
51 83 105023
51 84 71352
51 85 49555
51 86 34966
51 87 25726
51 88 54428
51 89 52265
51 90 52658
51 91 58740
51 92 64325
51 93 61021
51 94 68860
51 95 98154
51 96 39257
51 97 97635
51 98 53893
51 99 22992
51 100 85805
51 101 17638
51 102 56867
51 103 8771
51 104 59349
51 105 55079
51 106 86661
51 107 50550
51 108 27233
51 109 45498
51 110 75417
51 111 56319
51 112 70821
51 113 90520
51 114 28992
51 115 65795
51 116 66679
51 117 77497
51 118 21830
51 119 18905
52 53 36465
52 54 42453
52 55 44156
52 56 32305
52 57 45747
52 58 42318
52 59 41214
52 60 62591
52 61 19848
52 62 20594
52 63 25006
52 64 15201
52 65 59341
52 66 56522
52 67 49797
52 68 23762
52 69 54086
52 70 44334
52 71 28104
52 72 25246
52 73 49814
52 74 53461
52 75 31506
52 76 56388
52 77 15215
52 78 44031
52 79 37836
52 80 58276
52 81 41840
52 82 63021
52 83 59651
52 84 52129
52 85 57039
52 86 31528
52 87 30320
52 88 51138
52 89 7084
52 90 28455
52 91 62470
52 92 25964
52 93 15149
52 94 37051
52 95 55261
52 96 38754
52 97 53483
52 98 11933
52 99 36443
52 100 38705
52 101 62591
52 102 15368
52 103 45063
52 104 39698
52 105 31269
52 106 59244
52 107 45783
52 108 27458
52 109 50543
52 110 38224
52 111 13332
52 112 29008
52 113 51748
52 114 43615
52 115 44262
52 116 21148
52 117 32980
52 118 59456
52 119 39720
53 54 17117
53 55 37898
53 56 30721
53 57 80940
53 58 61171
53 59 74209
53 60 96033
53 61 39472
53 62 45923
53 63 25092
53 64 47047
53 65 94786
53 66 84136
53 67 83448
53 68 18189
53 69 90152
53 70 75651
53 71 59742
53 72 52909
53 73 86246
53 74 89687
53 75 44336
53 76 82190
53 77 21276
53 78 75404
53 79 71362
53 80 31838
53 81 31147
53 82 97613
53 83 87017
53 84 21197
53 85 84777
53 86 15503
53 87 25174
53 88 82481
53 89 33557
53 90 63679
53 91 92221
53 92 26949
53 93 48251
53 94 22880
53 95 86512
53 96 67098
53 97 83391
53 98 48213
53 99 27600
53 100 59121
53 101 56938
53 102 28938
53 103 54679
53 104 9116
53 105 66679
53 106 36451
53 107 77062
53 108 24681
53 109 78544
53 110 73896
53 111 49155
53 112 34623
53 113 86123
53 114 25608
53 115 80038
53 116 38888
53 117 64615
53 118 47690
53 119 32172
54 55 54873
54 56 21210
54 57 88165
54 58 75238
54 59 83287
54 60 94450
54 61 51840
54 62 57301
54 63 20755
54 64 56092
54 65 95604
54 66 78873
54 67 82540
54 68 18725
54 69 92263
54 70 73264
54 71 69374
54 72 50648
54 73 89786
54 74 95104
54 75 36875
54 76 94761
54 77 29554
54 78 85460
54 79 80052
54 80 46872
54 81 48209
54 82 97201
54 83 99077
54 84 35350
54 85 79551
54 86 10967
54 87 17196
54 88 79724
54 89 42314
54 90 65469
54 91 87896
54 92 41973
54 93 56755
54 94 39890
54 95 96758
54 96 63470
54 97 94296
54 98 54185
54 99 15527
54 100 72712
54 101 40917
54 102 40700
54 103 43823
54 104 25777
54 105 68523
54 106 52288
54 107 74561
54 108 18781
54 109 73840
54 110 80536
54 111 55774
54 112 49784
54 113 94189
54 114 9364
54 115 81852
54 116 51699
54 117 74357
54 118 30930
54 119 18825
55 56 62146
55 57 71141
55 58 34198
55 59 60649
55 60 104166
55 61 28303
55 62 34219
55 63 53854
55 64 41754
55 65 98026
55 66 100635
55 67 91668
55 68 46615
55 69 91130
55 70 87853
55 71 48015
55 72 69243
55 73 84537
55 74 83108
55 75 70350
55 76 57142
55 77 36927
55 78 58864
55 79 59423
55 80 26797
55 81 7015
55 82 103165
55 83 62997
55 84 30883
55 85 101139
55 86 49657
55 87 57000
55 88 94470
55 89 37110
55 90 69854
55 91 106150
55 92 18726
55 93 43869
55 94 15020
55 95 67797
55 96 82905
55 97 63191
55 98 50090
55 99 61750
55 100 34454
55 101 92462
55 102 28901
55 103 83463
55 104 30488
55 105 72081
55 106 22929
55 107 89278
55 108 55019
55 109 94658
55 110 66820
55 111 49134
55 112 15864
55 113 73376
55 114 62602
55 115 83076
55 116 26548
55 117 51238
55 118 84511
55 119 66516
56 57 75059
56 58 72783
56 59 72607
56 60 74281
56 61 48592
56 62 51829
56 63 8621
56 64 47503
56 65 76705
56 66 57734
56 67 62858
56 68 15538
56 69 74308
56 70 53014
56 71 60275
56 72 31175
56 73 73020
56 74 79881
56 75 15687
56 76 88637
56 77 26725
56 78 75962
56 79 69051
56 80 62464
56 81 56675
56 82 77567
56 83 91955
56 84 51887
56 85 58415
56 86 15252
56 87 5586
56 88 59230
56 89 35697
56 90 48177
56 91 66881
56 92 44891
56 93 47382
56 94 48687
56 95 87047
56 96 42873
56 97 85603
56 98 42043
56 99 6398
56 100 69512
56 101 31552
56 102 38575
56 103 23990
56 104 39448
56 105 51123
56 106 66631
56 107 54241
56 108 7126
56 109 52816
56 110 67117
56 111 44196
56 112 51822
56 113 81815
56 114 15723
56 115 63939
56 116 49180
56 117 65057
56 118 27156
56 119 7635
57 58 42848
57 59 11604
57 60 48071
57 61 45335
57 62 38256
57 63 69448
57 64 34142
57 65 36188
57 66 60755
57 67 40566
57 68 69444
57 69 28094
57 70 46170
57 71 23368
57 72 49659
57 73 19874
57 74 12759
57 75 67034
57 76 33614
57 77 60057
57 78 16336
57 79 11775
57 80 94631
57 81 73253
57 82 43326
57 83 31658
57 84 92240
57 85 60790
57 86 77212
57 87 74634
57 88 48868
57 89 47388
57 90 31563
57 91 59376
57 92 60509
57 93 32743
57 94 73029
57 95 19423
57 96 51206
57 97 22422
57 98 33999
57 99 80390
57 100 40139
57 101 100775
57 102 53057
57 103 77340
57 104 81908
57 105 29984
57 106 92933
57 107 46798
57 108 71914
57 109 56735
57 110 7966
57 111 32415
57 112 57097
57 113 7388
57 114 88536
57 115 27374
57 116 46794
57 117 19937
57 118 100944
57 119 82679
58 59 31268
58 60 85618
58 61 24265
58 62 21750
58 63 64419
58 64 29167
58 65 76185
58 66 89813
58 67 74699
58 68 59753
58 69 68302
58 70 74942
58 71 24388
58 72 64035
58 73 60459
58 74 55602
58 75 73804
58 76 23013
58 77 47168
58 78 27602
58 79 31614
58 80 60842
58 81 39101
58 82 82621
58 83 28811
58 84 62869
58 85 90131
58 86 66164
58 87 69312
58 88 80381
58 89 37266
58 90 55319
58 91 92368
58 92 34275
58 93 30641
58 94 43084
58 95 34549
58 96 74121
58 97 29613
58 98 39178
58 99 75359
58 100 3895
58 101 104108
58 102 35056
58 103 87293
58 104 57391
58 105 56291
58 106 57082
58 107 76153
58 108 66555
58 109 84259
58 110 41430
58 111 36923
58 112 26902
58 113 42810
58 114 80099
58 115 63043
58 116 23930
58 117 24523
58 118 99418
58 119 79489
59 60 57841
59 61 36436
59 62 29305
59 63 66031
59 64 27358
59 65 46766
59 66 67680
59 67 48879
59 68 64795
59 69 38661
59 70 52593
59 71 14525
59 72 51088
59 73 30476
59 74 24362
59 75 66893
59 76 24140
59 77 54144
59 78 5735
59 79 3674
59 80 85040
59 81 63300
59 82 53702
59 83 23802
59 84 83572
59 85 67814
59 86 72501
59 87 71336
59 88 56398
59 89 41203
59 90 35113
59 91 67655
59 92 51673
59 93 26537
59 94 63881
59 95 14714
59 96 55685
59 97 14947
59 98 30569
59 99 77359
59 100 28658
59 101 100532
59 102 45489
59 103 78499
59 104 74118
59 105 34481
59 106 82892
59 107 53461
59 108 68506
59 109 63028
59 110 12589
59 111 28430
59 112 47385
59 113 12812
59 114 84822
59 115 35888
59 116 37699
59 117 9920
59 118 99352
59 119 80214
60 61 75976
60 62 71009
60 63 73939
60 64 62683
60 65 13362
60 66 23753
60 67 12796
60 68 78667
60 69 20520
60 70 21267
60 71 61346
60 72 43876
60 73 28391
60 74 38721
60 75 59396
60 76 81531
60 77 76472
60 78 63456
60 79 55771
60 80 120867
60 81 103354
60 82 6945
60 83 79706
60 84 114234
60 85 23271
60 86 84881
60 87 77311
60 88 15452
60 89 68752
60 90 34504
60 91 15936
60 92 87639
60 93 60556
60 94 99477
60 95 67148
60 96 31603
60 97 70490
60 98 54163
60 99 80673
60 100 82051
60 101 85863
60 102 77210
60 103 61210
60 104 101274
60 105 32104
60 106 121656
60 107 20060
60 108 75711
60 109 24823
60 110 45439
60 111 55032
60 112 88306
60 113 53521
60 114 89980
60 115 22581
60 116 77734
60 117 61347
60 118 91599
60 119 80179
61 62 7146
61 63 40176
61 64 13457
61 65 69757
61 66 74143
61 67 63588
61 68 35573
61 69 62980
61 70 60541
61 71 22147
61 72 44397
61 73 56664
61 74 56390
61 75 50909
61 76 43019
61 77 23012
61 78 36608
61 79 34240
61 80 49395
61 81 28658
61 82 74864
61 83 47624
61 84 47150
61 85 74590
61 86 42241
61 87 45047
61 88 66950
61 89 13601
61 90 41886
61 91 78830
61 92 15258
61 93 15568
61 94 27694
61 95 47421
61 96 56856
61 97 44026
61 98 22241
61 99 51098
61 100 21226
61 101 80025
61 102 11144
61 103 64555
61 104 38022
61 105 43964
61 106 48203
61 107 61931
61 108 42294
61 109 68227
61 110 39845
61 111 21009
61 112 12606
61 113 49084
61 114 56077
61 115 54776
61 116 1759
61 117 26519
61 118 75153
61 119 55229
62 63 43747
62 64 8734
62 65 64009
62 66 71085
62 67 58911
62 68 40096
62 69 56960
62 70 56895
62 71 15008
62 72 43029
62 73 50323
62 74 49502
62 75 52057
62 76 37596
62 77 27863
62 78 29666
62 79 27097
62 80 56394
62 81 35312
62 82 69438
62 83 41776
62 84 54295
62 85 71484
62 86 47225
62 87 48865
62 88 63024
62 89 16163
62 90 37629
62 91 75027
62 92 22403
62 93 10752
62 94 34799
62 95 40635
62 96 54350
62 97 37486
62 98 18882
62 99 55021
62 100 18112
62 101 82823
62 102 17034
62 103 65545
62 104 44982
62 105 39378
62 106 54963
62 107 58234
62 108 46027
62 109 65275
62 110 32994
62 111 17054
62 112 19090
62 113 41938
62 114 60780
62 115 49264
62 116 8539
62 117 19394
62 118 78824
62 119 58861
63 64 40047
63 65 74850
63 66 59743
63 67 61879
63 68 7658
63 69 71602
63 70 52868
63 71 53105
63 72 30065
63 73 69418
63 74 75347
63 75 19261
63 76 80914
63 77 18104
63 78 69025
63 79 62563
63 80 56091
63 81 48605
63 82 76509
63 83 84463
63 84 46134
63 85 60402
63 86 11079
63 87 5316
63 88 59469
63 89 27585
63 90 44875
63 91 68306
63 92 36346
63 93 40146
63 94 40802
63 95 80232
63 96 43427
63 97 78484
63 98 35708
63 99 11451
63 100 61221
63 101 40148
63 102 29995
63 103 30547
63 104 33138
63 105 47918
63 106 59763
63 107 54204
63 108 2479
63 109 54371
63 110 61602
63 111 37667
63 112 43211
63 113 75925
63 114 19100
63 115 61182
63 116 40699
63 117 57986
63 118 35090
63 119 15122
64 65 56303
64 66 62362
64 67 50431
64 68 37833
64 69 49589
64 70 48168
64 71 13300
64 72 34893
64 73 43481
64 74 44139
64 75 45564
64 76 41215
64 77 26794
64 78 29398
64 79 24352
64 80 61975
64 81 41914
64 82 61428
64 83 44463
64 84 58460
64 85 62758
64 86 45434
64 87 45340
64 88 54330
64 89 13854
64 90 28975
64 91 66321
64 92 27346
64 93 2129
64 94 40002
64 95 40699
64 96 45729
64 97 38546
64 98 10258
64 99 51498
64 100 25322
64 101 77605
64 102 18948
64 103 58763
64 104 47777
64 105 30833
64 106 61270
64 107 49511
64 108 42467
64 109 56565
64 110 27689
64 111 8325
64 112 26040
64 113 39076
64 114 58261
64 115 41323
64 116 15208
64 117 18279
64 118 74656
64 119 54891
65 66 34434
65 67 15188
65 68 78457
65 69 8118
65 70 26146
65 71 52506
65 72 45531
65 73 16349
65 74 25784
65 75 63037
65 76 69798
65 77 74160
65 78 52175
65 79 45184
65 80 116983
65 81 98053
65 82 7275
65 83 67521
65 84 111459
65 85 34107
65 86 85348
65 87 78886
65 88 23207
65 89 64676
65 90 31125
65 91 28444
65 92 82795
65 93 54205
65 94 95138
65 95 54747
65 96 36433
65 97 58421
65 98 49227
65 99 83055
65 100 72833
65 101 92618
65 102 72804
65 103 67477
65 104 98970
65 105 28166
65 106 117057
65 107 25527
65 108 76900
65 109 33613
65 110 34923
65 111 49530
65 112 82342
65 113 40991
65 114 92347
65 115 15205
65 116 71503
65 117 51662
65 118 96982
65 119 83325
66 67 21327
66 68 65969
66 69 38560
66 70 15183
66 71 65993
66 72 32167
66 73 44105
66 74 55241
66 75 42054
66 76 91697
66 77 67465
66 78 73369
66 79 64678
66 80 112580
66 81 98253
66 82 30179
66 83 91324
66 84 104224
66 85 689
66 86 70756
66 87 61875
66 88 12246
66 89 63531
66 90 34547
66 91 9887
66 92 82440
66 93 60421
66 94 92761
66 95 80013
66 96 17847
66 97 82149
66 98 52264
66 99 63861
66 100 85956
66 101 63639
66 102 71881
66 103 40109
66 104 90917
66 105 33989
66 106 114633
66 107 14224
66 108 60964
66 109 5979
66 110 55381
66 111 54038
66 112 85182
66 113 67573
66 114 72814
66 115 33762
66 116 75794
66 117 67762
66 118 70623
66 119 62304
67 68 66278
67 69 17434
67 70 10967
67 71 50311
67 72 31910
67 73 22843
67 74 33992
67 75 48568
67 76 72992
67 77 63715
67 78 54610
67 79 46323
67 80 108072
67 81 90692
67 82 14711
67 83 71919
67 84 101469
67 85 21187
67 86 72706
67 87 65518
67 88 9115
67 89 55996
67 90 21845
67 91 18849
67 92 74934
67 93 48313
67 94 86709
67 95 59988
67 96 21379
67 97 62649
67 98 41590
67 99 69252
67 100 71013
67 101 77459
67 102 64471
67 103 52340
67 104 88542
67 105 19625
67 106 108896
67 107 10354
67 108 63759
67 109 19142
67 110 36293
67 111 42586
67 112 75804
67 113 47001
67 114 78578
67 115 13200
67 116 65341
67 117 50934
67 118 82056
67 119 69150
68 69 74535
68 70 57942
68 71 51127
68 72 35067
68 73 71565
68 74 76498
68 75 26638
68 76 77672
68 77 12585
68 78 67221
68 79 61496
68 80 48580
68 81 41160
68 82 80710
68 83 81628
68 84 38887
68 85 66612
68 86 7770
68 87 10482
68 88 64706
68 89 24333
68 90 47710
68 91 74163
68 92 29673
68 93 38330
68 94 33249
68 95 78518
68 96 49070
68 97 76313
68 98 35460
68 99 15954
68 100 56799
68 101 46376
68 102 24738
68 103 38205
68 104 25736
68 105 50767
68 106 52137
68 107 59330
68 108 8419
68 109 60411
68 110 61813
68 111 37065
68 112 36912
68 113 75511
68 114 20687
68 115 64194
68 116 35824
68 117 56100
68 118 39992
68 119 20501
69 70 27433
69 71 44874
69 72 43439
69 73 8234
69 74 18217
69 75 61613
69 76 61708
69 77 69174
69 78 44058
69 79 37140
69 80 110956
69 81 91493
69 82 15243
69 83 59518
69 84 105965
69 85 38354
69 86 81720
69 87 75962
69 88 26491
69 89 58925
69 90 26838
69 91 34170
69 92 76514
69 93 47531
69 94 89007
69 95 46810
69 96 36754
69 97 50382
69 98 43312
69 99 80549
69 100 65009
69 101 92762
69 102 66804
69 103 67627
69 104 93772
69 105 23778
69 106 110719
69 107 27232
69 108 73781
69 109 36552
69 110 26932
69 111 43329
69 112 75586
69 113 33099
69 114 89733
69 115 10422
69 116 64708
69 117 43788
69 118 96178
69 119 81271
70 71 50945
70 72 22898
70 73 31186
70 74 42035
70 75 38225
70 76 76557
70 77 56999
70 78 58262
70 79 49540
70 80 102041
70 81 86094
70 82 25083
70 83 76305
70 84 94626
70 85 15394
70 86 63877
70 87 56098
70 88 6898
70 89 51076
70 90 19634
70 91 18312
70 92 70201
70 93 46151
70 94 81305
70 95 65234
70 96 10572
70 97 67174
70 98 38345
70 99 59406
70 100 71109
70 101 66493
70 102 59587
70 103 41383
70 104 81460
70 105 18847
70 106 103453
70 107 1454
70 108 54568
70 109 10567
70 110 40412
70 111 39888
70 112 72134
70 113 53196
70 114 68715
70 115 20141
70 116 62245
70 117 52601
70 118 71227
70 119 58972
71 72 43224
71 73 37478
71 74 35093
71 75 56689
71 76 29466
71 77 39982
71 78 16098
71 79 12094
71 80 71286
71 81 49896
71 82 58658
71 83 31931
71 84 69275
71 85 66269
71 86 58733
71 87 58416
71 88 56144
71 89 27078
71 90 31468
71 91 68086
71 92 37401
71 93 12960
71 94 49796
71 95 27400
71 96 51219
71 97 25379
71 98 19291
71 99 64546
71 100 20729
71 101 89637
71 102 30968
71 103 69295
71 104 59609
71 105 32143
71 106 69579
71 107 52099
71 108 55550
71 109 60622
71 110 18938
71 111 16849
71 112 33728
71 113 26974
71 114 71505
71 115 38814
71 116 23526
71 117 4984
71 118 87359
71 119 67767
72 73 43107
72 74 51431
72 75 18435
72 76 72399
72 77 35305
72 78 55900
72 79 47445
72 80 80457
72 81 66404
72 82 46601
72 83 73959
72 84 72384
72 85 32749
72 86 41019
72 87 33610
72 88 29639
72 89 32324
72 90 18832
72 91 39474
72 92 50738
72 93 33407
72 94 60654
72 95 65654
72 96 14440
72 97 65820
72 98 24922
72 99 37532
72 100 60169
72 101 51480
72 102 40343
72 103 27702
72 104 59116
72 105 21376
72 106 82469
72 107 24273
72 108 31875
72 109 26279
72 110 41930
72 111 27278
72 112 54253
72 113 56986
72 114 46837
72 115 33214
72 116 45889
72 117 46785
72 118 53251
72 119 37894
73 74 11149
73 75 61541
73 76 53486
73 77 65028
73 78 35836
73 79 29085
73 80 105349
73 81 85312
73 82 23453
73 83 51381
73 84 100994
73 85 43998
73 86 79011
73 87 74085
73 88 31860
73 89 53964
73 90 24848
73 91 40972
73 92 70744
73 93 41504
73 94 83355
73 95 38760
73 96 39126
73 97 42212
73 98 38399
73 99 79079
73 100 57257
73 101 93922
73 102 61450
73 103 69054
73 104 89198
73 105 21949
73 106 104747
73 107 31345
73 108 71715
73 109 41218
73 110 19031
73 111 38026
73 112 69227
73 113 25146
73 114 88063
73 115 11171
73 116 58357
73 117 36014
73 118 96355
73 119 80275
74 75 69718
74 76 45095
74 77 68455
74 78 28860
74 79 24270
74 80 105770
74 81 84792
74 82 33056
74 83 42207
74 84 102594
74 85 55140
74 86 84167
74 87 80295
74 88 42998
74 89 56379
74 90 32612
74 91 52000
74 92 71282
74 93 42431
74 94 83924
74 95 29275
74 96 49323
74 97 33367
74 98 41551
74 99 85671
74 100 52848
74 101 102828
74 102 62973
74 103 78327
74 104 91578
74 105 30113
74 106 104459
74 107 42287
74 108 77744
74 109 52228
74 110 16552
74 111 40535
74 112 68567
74 113 15527
74 114 94344
74 115 21894
74 116 57959
74 117 32261
74 118 104422
74 119 87352
75 76 86104
75 77 33435
75 78 71131
75 79 63222
75 80 75216
75 81 65891
75 82 63173
75 83 88505
75 84 65393
75 85 42736
75 86 29612
75 87 20159
75 88 44117
75 89 37321
75 90 37122
75 91 51269
75 92 51849
75 93 44747
75 94 58627
75 95 81607
75 96 27797
75 97 81073
75 98 37401
75 99 21834
75 100 70152
75 101 33782
75 102 43107
75 103 13653
75 104 52347
75 105 39769
75 106 78620
75 107 39357
75 108 19807
75 109 37212
75 110 59130
75 111 39841
75 112 57510
75 113 74222
75 114 30935
75 115 51520
75 116 51974
75 117 60971
75 118 34817
75 119 20799
76 77 65444
76 78 18405
76 79 27019
76 80 83843
76 81 62104
76 82 76938
76 83 6016
76 84 85697
76 85 91851
76 86 84814
76 87 86135
76 88 80524
76 89 53491
76 90 58357
76 91 91787
76 92 55876
76 93 41619
76 94 65745
76 95 16732
76 96 78893
76 97 11864
76 98 48737
76 99 92312
76 100 23687
76 101 118755
76 102 54107
76 103 98760
76 104 79400
76 105 58110
76 106 79951
76 107 77473
76 108 83271
76 109 86901
76 110 36704
76 111 46284
76 112 49075
76 113 29702
76 114 98358
76 115 59935
76 116 43383
76 117 25614
76 118 115788
76 119 95926
77 78 56021
77 79 51061
77 80 45184
77 81 32578
77 82 77452
77 83 69603
77 84 37767
77 85 68051
77 86 19372
77 87 22488
77 88 63897
77 89 12941
77 90 43065
77 91 74548
77 92 18627
77 93 27689
77 94 25810
77 95 67303
77 96 49723
77 97 64751
77 98 26943
77 99 28355
77 100 44234
77 101 58222
77 102 12171
77 103 46570
77 104 24877
77 105 45995
77 106 47232
77 107 58447
77 108 19903
77 109 61584
77 110 52825
77 111 27957
77 112 25150
77 113 65577
77 114 33087
77 115 59209
77 116 23239
77 117 44958
77 118 52457
77 119 32711
78 79 8819
78 80 84048
78 81 62092
78 82 59182
78 83 18330
78 84 83367
78 85 73510
78 86 74832
78 87 74341
78 88 62126
78 89 43150
78 90 40515
78 91 73390
78 92 51607
78 93 28960
78 94 63419
78 95 11302
78 96 61108
78 97 9961
78 98 34161
78 99 80440
78 100 25497
78 101 104587
78 102 46476
78 103 83077
78 104 74619
78 105 40020
78 106 81475
78 107 59147
78 108 71483
78 109 68669
78 110 18317
78 111 31869
78 112 46590
78 113 15209
78 114 87554
78 115 41599
78 116 37667
78 117 11121
78 118 102918
78 119 83517
79 80 83264
79 81 61711
79 82 51959
79 83 27136
79 84 81369
79 85 64834
79 86 69224
79 87 67862
79 88 53581
79 89 38137
79 90 31704
79 91 65001
79 92 49495
79 93 23379
79 94 61865
79 95 18386
79 96 52295
79 97 18472
79 98 27009
79 99 73862
79 100 28670
79 101 96869
79 102 42819
79 103 74833
79 104 71582
79 105 31209
79 106 81370
79 107 50454
79 108 65041
79 109 59909
79 110 10347
79 111 24916
79 112 45633
79 113 14913
79 114 81412
79 115 33518
79 116 35599
79 117 8185
79 118 95748
79 119 76665
80 81 22044
80 82 121130
80 83 89647
80 84 11639
80 85 113176
80 86 47320
80 87 56885
80 88 108928
80 89 52362
80 90 86608
80 91 119722
80 92 34631
80 93 63888
80 94 21995
80 95 93674
80 96 94890
80 97 89292
80 98 67765
80 99 59388
80 100 60758
80 101 87782
80 102 44188
80 103 86318
80 104 23035
80 105 89304
80 106 6744
80 107 103493
80 108 56092
80 109 106729
80 110 89218
80 111 67627
80 112 37658
80 113 97847
80 114 56163
80 115 101779
80 116 47869
80 117 75230
80 118 77598
80 119 63878
81 82 102820
81 83 67830
81 84 24395
81 85 98787
81 86 43565
81 87 51380
81 88 92839
81 89 35020
81 90 68860
81 91 104292
81 92 15894
81 93 43963
81 94 8365
81 95 71631
81 96 80421
81 97 67254
81 98 49236
81 99 55838
81 100 38795
81 101 86462
81 102 26510
81 103 78700
81 104 23512
81 105 71284
81 106 19684
81 107 87538
81 108 49574
81 109 92280
81 110 68304
81 111 48610
81 112 16226
81 113 76110
81 114 56170
81 115 82933
81 116 26990
81 117 53592
81 118 78181
81 119 60618
82 83 74747
82 84 115072
82 85 29747
82 86 87275
82 87 80210
82 88 20441
82 89 68780
82 90 34568
82 91 22840
82 92 87320
82 93 59306
82 94 99460
82 95 61999
82 96 35654
82 97 65623
82 98 53647
82 99 83961
82 100 79184
82 101 91071
82 102 77096
82 103 66147
82 104 102330
82 105 31826
82 106 121536
82 107 24118
82 108 78421
82 109 30523
82 110 41634
82 111 54217
82 112 87371
82 113 48252
82 114 93288
82 115 20178
82 116 76621
82 117 58136
82 118 96251
82 119 83817
83 84 91243
83 85 91434
83 86 88924
83 87 89733
83 88 79828
83 89 57318
83 90 58840
83 91 90768
83 92 61012
83 93 44614
83 94 71224
83 95 12972
83 96 79431
83 97 9274
83 98 51135
83 99 95904
83 100 29184
83 101 121569
83 102 58592
83 103 100831
83 104 84577
83 105 58281
83 106 85845
83 107 77130
83 108 86860
83 109 86780
83 110 35949
83 111 48722
83 112 54427
83 113 26683
83 114 102287
83 115 58740
83 116 48130
83 117 27536
83 118 119098
83 119 99354
84 85 104844
84 86 36639
84 87 46359
84 88 101520
84 89 47079
84 90 80545
84 91 111855
84 92 31899
84 93 60174
84 94 20104
84 95 93686
84 96 86791
84 97 89699
84 98 62707
84 99 48382
84 100 62061
84 101 76265
84 102 39682
84 103 75864
84 104 13309
84 105 83392
84 106 17726
84 107 96067
84 108 45854
84 109 98486
84 110 86140
84 111 62969
84 112 37088
84 113 96232
84 114 44680
84 115 96339
84 116 45877
84 117 73652
84 118 65988
84 119 52756
85 86 71418
85 87 62548
85 88 12147
85 89 64040
85 90 34841
85 91 9224
85 92 82966
85 93 60809
85 94 93322
85 95 80073
85 96 18401
85 97 82248
85 98 52677
85 99 64545
85 100 86277
85 101 64283
85 102 72401
85 103 40786
85 104 91538
85 105 34228
85 106 115208
85 107 14388
85 108 61630
85 109 6509
85 110 55486
85 111 54433
85 112 85668
85 113 67578
85 114 73500
85 115 33731
85 116 76246
85 117 67993
85 118 71294
85 119 62992
86 87 9770
86 88 70512
86 89 31780
86 90 54886
86 91 79376
86 92 34331
86 93 46002
86 94 35276
86 95 86133
86 96 54503
86 97 83825
86 98 43224
86 99 12465
86 100 63391
86 101 42900
86 102 31163
86 103 39240
86 104 24384
86 105 57945
86 106 51718
86 107 65225
86 108 9856
86 109 65425
86 110 69571
86 111 44835
86 112 41965
86 113 83276
86 114 13983
86 115 71334
86 116 42306
86 117 63713
86 118 35037
86 119 17212
87 88 62532
87 89 32724
87 90 49390
87 91 70778
87 92 40138
87 93 45457
87 94 43313
87 95 85548
87 96 46274
87 97 83794
87 98 40975
87 99 6177
87 100 66184
87 101 35921
87 102 34594
87 103 29506
87 104 33865
87 105 52408
87 106 61047
87 107 57385
87 108 2873
87 109 56738
87 110 66764
87 111 42957
87 112 47298
87 113 81160
87 114 14049
87 115 65543
87 116 45483
87 117 63301
87 118 30106
87 119 10227
88 89 57822
88 90 25434
88 91 12039
88 92 76950
88 93 52274
88 94 88143
88 95 68228
88 96 16364
88 97 70596
88 98 44710
88 99 65600
88 100 76592
88 101 70670
88 102 66344
88 103 45853
88 104 88348
88 105 24106
88 106 110304
88 107 5453
88 108 61101
88 109 10406
88 110 43920
88 111 46123
88 112 78703
88 113 55550
88 114 74871
88 115 21647
88 116 68670
88 117 57381
88 118 76170
88 119 64916
89 90 34319
89 91 69292
89 92 19128
89 93 14793
89 94 30734
89 95 54446
89 96 45796
89 97 52046
89 98 15630
89 99 38890
89 100 33881
89 101 66860
89 102 8527
89 103 50971
89 104 35323
89 105 36960
89 106 52904
89 107 52518
89 108 29877
89 109 57553
89 110 40378
89 111 16006
89 112 21930
89 113 52723
89 114 44970
89 115 49484
89 116 14665
89 117 32060
89 118 62660
89 119 42698
90 91 37466
90 92 53137
90 93 26895
90 94 65051
90 95 49016
90 96 20593
90 97 50051
90 98 19764
90 99 54264
90 100 51480
90 101 70293
90 102 42735
90 103 46123
90 104 67913
90 105 3060
90 106 87203
90 107 20878
90 108 47107
90 109 29161
90 110 24255
90 111 20893
90 112 53995
90 113 38951
90 114 63307
90 115 16486
90 116 43631
90 117 33527
90 118 71882
90 119 55432
91 92 88400
91 93 64275
91 94 99304
91 95 78799
91 96 25128
91 97 81499
91 98 56611
91 99 73101
91 100 88591
91 101 73485
91 102 77784
91 103 49970
91 104 98590
91 105 36126
91 106 121385
91 107 16905
91 108 69684
91 109 14065
91 110 55084
91 111 58086
91 112 90443
91 113 65677
91 114 82166
91 115 32041
91 116 80539
91 117 69169
91 118 80501
91 119 71761
92 93 29260
92 94 12661
92 95 62166
92 96 64627
92 97 58447
92 98 33674
92 99 45498
92 100 32427
92 101 76049
92 102 10616
92 103 65138
92 104 23567
92 105 55635
92 106 34262
92 107 71644
92 108 37839
92 109 76462
92 110 54739
92 111 33269
92 112 7814
92 113 64340
92 114 48159
92 115 67611
92 116 13989
92 117 41753
92 118 69225
92 119 50139
93 94 41900
93 95 40234
93 96 43913
93 97 38338
93 98 8552
93 99 51588
93 100 26767
93 101 77137
93 102 20548
93 103 57805
93 104 49289
93 105 28722
93 106 63272
93 107 47485
93 108 42591
93 109 54646
93 110 26065
93 111 6430
93 112 28137
93 113 37932
93 114 58594
93 115 39208
93 116 17322
93 117 17866
93 118 74503
93 119 54844
94 95 73623
94 96 74922
94 97 69600
94 98 45917
94 99 47607
94 100 42068
94 101 78175
94 102 22366
94 103 71148
94 104 15774
94 105 67664
94 106 22199
94 107 82758
94 108 41626
94 109 86819
94 110 67376
94 111 45689
94 112 16987
94 113 76629
94 114 47805
94 115 79936
94 116 26270
94 117 53982
94 118 69820
94 119 52388
95 96 69389
95 97 5221
95 98 45086
95 99 91627
95 100 33445
95 101 115236
95 102 57574
95 103 93154
95 104 85422
95 105 48002
95 106 90661
95 107 65944
95 108 82696
95 109 75792
95 110 25011
95 111 42864
95 112 56659
95 113 13780
95 114 98823
95 115 46794
95 116 48361
95 117 22420
95 118 113910
95 119 94627
96 97 70607
96 98 35482
96 99 49238
96 100 70228
96 101 56248
96 102 54092
96 103 31080
96 104 73508
96 105 21392
96 106 96830
96 107 11602
96 108 44950
96 109 11897
96 110 44423
96 111 37484
96 112 67564
96 113 58525
96 114 58507
96 115 28005
96 116 58464
96 117 53787
96 118 60688
96 119 48588
97 98 43995
97 99 89925
97 100 28748
97 101 114481
97 102 54518
97 103 93036
97 104 81872
97 105 49341
97 106 86100
97 107 67973
97 108 80927
97 109 77677
97 110 26771
97 111 41665
97 112 52613
97 113 17893
97 114 96804
97 115 49468
97 116 44837
97 117 20546
97 118 112634
97 119 93121
98 99 46913
98 100 35297
98 101 70519
98 102 23579
98 103 50070
98 104 50800
98 105 22063
98 106 67910
98 107 39722
98 108 38187
98 109 46423
98 110 26360
98 111 2462
98 112 34231
98 113 40259
98 114 54711
98 115 34022
98 116 23967
98 117 23633
98 118 68824
98 119 49657
99 100 72270
99 101 30726
99 102 40514
99 103 28419
99 104 36647
99 105 57238
99 106 64020
99 107 60628
99 108 9046
99 109 59042
99 110 72486
99 111 48947
99 112 52840
99 113 87006
99 114 9327
99 115 70161
99 116 51485
99 117 69417
99 118 24103
99 119 4781
100 101 100738
100 102 32228
100 103 83604
100 104 55838
100 105 52493
100 106 57375
100 107 72327
100 108 63400
100 109 80389
100 110 38236
100 111 33035
100 112 25415
100 113 40639
100 114 77273
100 115 59492
100 116 21088
100 117 21244
100 118 96279
100 119 76324
101 102 70128
101 103 25171
101 104 66022
101 105 72715
101 106 93076
101 107 67217
101 108 38346
101 109 61114
101 110 92890
101 111 72894
101 112 83204
101 113 107988
101 114 31629
101 115 83276
101 116 80674
101 117 94140
101 118 11722
101 119 25984
102 103 56668
102 104 28854
102 105 45313
102 106 44472
102 107 61032
102 108 31941
102 109 65902
102 110 46602
102 111 23498
102 112 14474
102 113 57704
102 114 45060
102 115 57599
102 116 11147
102 117 35769
102 118 64617
102 119 44821
103 104 63283
103 105 48317
103 106 90242
103 107 42155
103 108 30255
103 109 36768
103 110 69632
103 111 52531
103 112 71019
103 113 84679
103 114 35820
103 115 58266
103 116 65627
103 117 73345
103 118 30576
103 119 25166
104 105 70820
104 106 27372
104 107 82897
104 108 33065
104 109 85186
104 110 75342
104 111 51328
104 112 30497
104 113 86490
104 114 34584
104 115 83945
104 116 37069
104 117 64275
104 118 56607
104 119 41256
105 106 89781
105 107 19966
105 108 50142
105 109 28878
105 110 23032
105 111 22968
105 112 56218
105 113 37354
105 114 66306
105 115 13434
105 116 45718
105 117 33774
105 118 74571
105 119 58337
106 107 104907
106 108 60003
106 109 108720
106 110 87956
106 111 67529
106 112 35895
106 113 95691
106 114 61464
106 115 101873
106 116 46571
106 117 73234
106 118 83174
106 119 68621
107 108 55883
107 109 10013
107 110 41202
107 111 41242
107 112 73551
107 113 53761
107 114 69929
107 115 20414
107 116 63638
107 117 53671
107 118 72136
107 119 60128
108 109 55692
108 110 64062
108 111 40146
108 112 44873
108 113 78401
108 114 16651
108 115 63359
108 116 42763
108 117 60438
108 118 32879
108 119 12935
109 110 50933
109 111 48244
109 112 79215
109 113 63742
109 114 68125
109 115 30393
109 116 69871
109 117 62594
109 118 67327
109 119 57765
110 111 24945
110 112 52078
110 113 15103
110 114 80699
110 115 23312
110 116 41423
110 117 17002
110 118 92980
110 119 74733
111 112 33276
111 113 38473
111 114 56594
111 115 34359
111 116 22759
111 117 21246
111 118 71063
111 119 51793
112 113 60190
112 114 55856
112 115 67325
112 116 10883
112 117 37575
112 118 76721
112 119 57412
113 114 94965
113 115 33918
113 116 50398
113 117 22653
113 118 107934
113 119 89448
114 115 79329
114 116 56206
114 117 76450
114 118 22099
114 119 10747
115 116 56529
115 117 38782
115 118 86223
115 119 70956
116 117 27781
116 118 75573
116 119 55691
117 118 92096
117 119 72577
118 119 19969
