120 7140
0 1 88280
0 2 42887
0 3 33595
0 4 57270
0 5 79081
0 6 38652
0 7 63641
0 8 14263
0 9 40067
0 10 88398
0 11 23970
0 12 79083
0 13 37818
0 14 42849
0 15 82629
0 16 49424
0 17 85427
0 18 66312
0 19 44066
0 20 80125
0 21 74566
0 22 42112
0 23 96371
0 24 79975
0 25 91041
0 26 51095
0 27 30069
0 28 74418
0 29 96097
0 30 37903
0 31 27742
0 32 18815
0 33 57603
0 34 65802
0 35 24044
0 36 104810
0 37 46443
0 38 27227
0 39 24803
0 40 49313
0 41 31094
0 42 56129
0 43 10325
0 44 85430
0 45 86835
0 46 97154
0 47 21580
0 48 86136
0 49 87604
0 50 99612
0 51 17279
0 52 80751
0 53 32399
0 54 70665
0 55 98608
0 56 63070
0 57 50533
0 58 76766
0 59 66474
0 60 87858
0 61 37339
0 62 30122
0 63 8194
0 64 10201
0 65 100223
0 66 13654
0 67 58329
0 68 29528
0 69 73473
0 70 49861
0 71 85043
0 72 87455
0 73 51581
0 74 70542
0 75 44925
0 76 82135
0 77 68300
0 78 92354
0 79 101941
0 80 21527
0 81 42605
0 82 98408
0 83 15750
0 84 48201
0 85 30067
0 86 72722
0 87 57287
0 88 101725
0 89 47288
0 90 85109
0 91 35088
0 92 27047
0 93 37019
0 94 50138
0 95 14539
0 96 75706
0 97 68963
0 98 32271
0 99 76172
0 100 29329
0 101 39299
0 102 46041
0 103 63024
0 104 38191
0 105 88775
0 106 66128
0 107 74531
0 108 53270
0 109 26140
0 110 47409
0 111 75167
0 112 95174
0 113 43112
0 114 97439
0 115 72406
0 116 25057
0 117 80227
0 118 61761
0 119 58635
1 2 87950
1 3 54755
1 4 103495
1 5 23391
1 6 103574
1 7 36764
1 8 86646
1 9 53708
1 10 10268
1 11 92474
1 12 51858
1 13 60788
1 14 97598
1 15 5651
1 16 38879
1 17 46180
1 18 81488
1 19 55545
1 20 52621
1 21 90440
1 22 53759
1 23 13150
1 24 72297
1 25 17807
1 26 51899
1 27 65249
1 28 35979
1 29 84983
1 30 67327
1 31 60565
1 32 79116
1 33 30677
1 34 89108
1 35 78508
1 36 80930
1 37 96136
1 38 88117
1 39 94070
1 40 58944
1 41 65120
1 42 62222
1 43 79157
1 44 3601
1 45 68386
1 46 67569
1 47 94630
1 48 41209
1 49 27379
1 50 86752
1 51 79681
1 52 9917
1 53 76342
1 54 26868
1 55 45999
1 56 67367
1 57 38376
1 58 34449
1 59 34270
1 60 37372
1 61 53987
1 62 68327
1 63 91704
1 64 79180
1 65 20730
1 66 76261
1 67 36591
1 68 86983
1 69 27979
1 70 38678
1 71 72007
1 72 11508
1 73 78627
1 74 44091
1 75 72542
1 76 7717
1 77 70950
1 78 29078
1 79 17959
1 80 89915
1 81 54562
1 82 49789
1 83 73119
1 84 40240
1 85 62218
1 86 35272
1 87 33009
1 88 86862
1 89 112669
1 90 61035
1 91 100051
1 92 61348
1 93 70499
1 94 39171
1 95 74818
1 96 87731
1 97 25520
1 98 90138
1 99 12429
1 100 60748
1 101 85328
1 102 94957
1 103 27522
1 104 55620
1 105 39029
1 106 27921
1 107 13878
1 108 99967
1 109 65801
1 110 93107
1 111 23436
1 112 36594
1 113 71290
1 114 11165
1 115 78360
1 116 65315
1 117 70082
1 118 76496
1 119 55144
2 3 45876
2 4 17960
2 5 69091
2 6 19269
2 7 52160
2 8 28660
2 9 36799
2 10 92834
2 11 21158
2 12 53771
2 13 66013
2 14 10243
2 15 83052
2 16 56014
2 17 62686
2 18 26695
2 19 69793
2 20 54360
2 21 32802
2 22 35514
2 23 90391
2 24 44861
2 25 82052
2 26 36178
2 27 59766
2 28 58604
2 29 58036
2 30 70328
2 31 45808
2 32 26038
2 33 62513
2 34 23715
2 35 62081
2 36 69309
2 37 8243
2 38 15975
2 39 21424
2 40 77687
2 41 61006
2 42 29392
2 43 46120
2 44 84393
2 45 53838
2 46 65546
2 47 25058
2 48 65829
2 49 74065
2 50 61480
2 51 27351
2 52 84509
2 53 69343
2 54 62205
2 55 76612
2 56 30897
2 57 61210
2 58 61205
2 59 82407
2 60 69389
2 61 38938
2 62 62344
2 63 36658
2 64 45909
2 65 90949
2 66 47560
2 67 73792
2 68 13438
2 69 62835
2 70 54567
2 71 50398
2 72 92578
2 73 14040
2 74 51001
2 75 79748
2 76 80306
2 77 33635
2 78 77914
2 79 94966
2 80 22272
2 81 67211
2 82 74650
2 83 37906
2 84 57871
2 85 33406
2 86 57862
2 87 56108
2 88 63852
2 89 26049
2 90 55259
2 91 17719
2 92 46520
2 93 18477
2 94 52233
2 95 36580
2 96 34696
2 97 79774
2 98 11640
2 99 76085
2 100 37425
2 101 4087
2 102 7081
2 103 60878
2 104 35447
2 105 69483
2 106 77718
2 107 77053
2 108 13643
2 109 54503
2 110 6034
2 111 86009
2 112 77269
2 113 77490
2 114 93208
2 115 34347
2 116 35314
2 117 46085
2 118 24439
2 119 36090
3 4 63835
3 5 46717
3 6 55141
3 7 33365
3 8 33139
3 9 14309
3 10 55554
3 11 41120
3 12 53930
3 13 23031
3 14 52711
3 15 49110
3 16 15879
3 17 57894
3 18 56714
3 19 24929
3 20 55116
3 21 66988
3 22 17350
3 23 62873
3 24 62503
3 25 58006
3 26 26796
3 27 20045
3 28 44606
3 29 79799
3 30 29540
3 31 6440
3 32 26684
3 33 24103
3 34 60485
3 35 30627
3 36 84834
3 37 53460
3 38 38538
3 39 42741
3 40 33188
3 41 20934
3 42 38165
3 43 25097
3 44 51853
3 45 66369
3 46 74358
3 47 42262
3 48 57240
3 49 55831
3 50 83068
3 51 26762
3 52 47620
3 53 33568
3 54 38407
3 55 69580
3 56 46833
3 57 18094
3 58 46577
3 59 37814
3 60 57949
3 61 9970
3 62 23892
3 63 37129
3 64 25079
3 65 67049
3 66 22655
3 67 29029
3 68 38522
3 69 41683
3 70 16280
3 71 66340
3 72 54751
3 73 44829
3 74 43255
3 75 39294
3 76 48540
3 77 52797
3 78 60631
3 79 68475
3 80 38118
3 81 22190
3 82 70302
3 83 18416
3 84 15218
3 85 12469
3 86 42680
3 87 24169
3 88 84664
3 89 64993
3 90 62299
3 91 51144
3 92 7599
3 93 28424
3 94 16891
3 95 20196
3 96 66420
3 97 37588
3 98 42315
3 99 42585
3 100 8595
3 101 41985
3 102 52450
3 103 29757
3 104 13907
3 105 59166
3 106 34987
3 107 41105
3 108 59514
3 109 16589
3 110 51910
3 111 44036
3 112 64543
3 113 36995
3 114 63852
3 115 59512
3 116 12158
3 117 61778
3 118 50752
3 119 36483
4 5 83123
4 6 21967
4 7 66923
4 8 43248
4 9 54271
4 10 109124
4 11 33429
4 12 63286
4 13 83722
4 14 14462
4 15 98882
4 16 73527
4 17 72613
4 18 29409
4 19 87668
4 20 63580
4 21 29516
4 22 52698
4 23 104579
4 24 48924
4 25 95746
4 26 51723
4 27 77253
4 28 71575
4 29 57532
4 30 87737
4 31 63666
4 32 42638
4 33 79661
4 34 22037
4 35 78470
4 36 70545
4 37 11137
4 38 30446
4 39 32872
4 40 95497
4 41 78500
4 42 42016
4 43 62228
4 44 99900
4 45 58539
4 46 70182
4 47 36512
4 48 76575
4 49 86773
4 50 60600
4 51 43756
4 52 100878
4 53 86089
4 54 77024
4 55 85917
4 56 40006
4 57 78903
4 58 74060
4 59 100145
4 60 80627
4 61 56689
4 62 79636
4 63 49920
4 64 62014
4 65 104220
4 66 64069
4 67 91586
4 68 28675
4 69 77058
4 70 71957
4 71 54139
4 72 108984
4 73 25035
4 74 63337
4 75 96980
4 76 95783
4 77 40145
4 78 90122
4 79 108745
4 80 35745
4 81 85107
4 82 83242
4 83 54963
4 84 75566
4 85 51365
4 86 71200
4 87 72702
4 88 63087
4 89 21170
4 90 62028
4 91 23848
4 92 64336
4 93 36092
4 94 69443
4 95 53451
4 96 32819
4 97 97144
4 98 25291
4 99 92041
4 100 55382
4 101 21915
4 102 11866
4 103 77080
4 104 53054
4 105 80390
4 106 95194
4 107 93425
4 108 4374
4 109 71974
4 110 11927
4 111 103284
4 112 88256
4 113 94758
4 114 107742
4 115 37193
4 116 53165
4 117 50825
4 118 30922
4 119 49221
5 6 86428
5 7 17234
5 8 73950
5 9 39828
5 10 32485
5 11 77592
5 12 28519
5 13 61253
5 14 79183
5 15 21183
5 16 33165
5 17 23729
5 18 59047
5 19 57961
5 20 29326
5 21 67560
5 22 38680
5 23 21456
5 24 48910
5 25 13052
5 26 33397
5 27 63070
5 28 12721
5 29 61882
5 30 68645
5 31 53154
5 32 65935
5 33 27522
5 34 66950
5 35 75820
5 36 58920
5 37 77003
5 38 72409
5 39 79085
5 40 63998
5 41 63393
5 42 41127
5 43 71623
5 44 20116
5 45 45206
5 46 45573
5 47 80409
5 48 19317
5 49 9652
5 50 63819
5 51 66860
5 52 26663
5 53 76182
5 54 8416
5 55 27958
5 56 45067
5 57 36499
5 58 11058
5 59 44998
5 60 16616
5 61 41847
5 62 66796
5 63 80564
5 64 71583
5 65 22245
5 66 69346
5 67 42442
5 68 70769
5 69 6303
5 70 31572
5 71 48680
5 72 33207
5 73 58098
5 74 21106
5 75 76273
5 76 16638
5 77 48119
5 78 14295
5 79 25876
5 80 75498
5 81 56011
5 82 30689
5 83 63332
5 84 36395
5 85 49720
5 86 12341
5 87 22772
5 88 64095
5 89 94809
5 90 37924
5 91 83308
5 92 54272
5 93 53344
5 94 29975
5 95 64625
5 96 64706
5 97 36003
5 98 73401
5 99 17583
5 100 49774
5 101 67093
5 102 75828
5 103 17876
5 104 41839
5 105 18361
5 106 36806
5 107 22011
5 108 79960
5 109 61714
5 110 73654
5 111 38136
5 112 19976
5 113 74475
5 114 24743
5 115 55340
5 116 54180
5 117 46691
5 118 54452
5 119 33912
6 7 69226
6 8 26180
6 9 50205
6 10 107311
6 11 15558
6 12 72952
6 13 70976
6 14 10106
6 15 98364
6 16 68321
6 17 81767
6 18 44634
6 19 76018
6 20 73568
6 21 48487
6 22 49841
6 23 107361
6 24 63625
6 25 99478
6 26 53037
6 27 63672
6 28 76744
6 29 75556
6 30 73517
6 31 52854
6 32 29201
6 33 75772
6 34 39644
6 35 61871
6 36 87550
6 37 14835
6 38 16603
6 39 14275
6 40 83083
6 41 64902
6 42 48237
6 43 45798
6 44 100109
6 45 72813
6 46 84575
6 47 17093
6 48 84719
6 49 92159
6 50 78887
6 51 29698
6 52 98966
6 53 70021
6 54 79007
6 55 95737
6 56 50165
6 57 72543
6 58 79367
6 59 92953
6 60 88115
6 61 50990
6 62 65254
6 63 30620
6 64 45589
6 65 108574
6 66 48323
6 67 84168
6 68 16923
6 69 80126
6 70 67366
6 71 69151
6 72 106857
6 73 33272
6 74 69531
6 75 81936
6 76 96114
6 77 52707
6 78 96211
6 79 112212
6 80 18664
6 81 73768
6 82 93863
6 83 41203
6 84 69307
6 85 43563
6 86 75815
6 87 70775
6 88 81330
6 89 9878
6 90 74492
6 91 4061
6 92 53130
6 93 33261
6 94 65663
6 95 39319
6 96 51143
6 97 91960
6 98 13472
6 99 91330
6 100 46697
6 101 19808
6 102 15452
6 103 76071
6 104 48436
6 105 88306
6 106 89576
6 107 91629
6 108 19354
6 109 58545
6 110 18288
6 111 98388
6 112 96022
6 113 79876
6 114 109853
6 115 52599
6 116 43079
6 117 65003
6 118 43319
6 119 54581
7 8 57331
7 9 23638
7 10 43551
7 11 60474
7 12 23729
7 13 52205
7 14 62162
7 15 32574
7 16 23977
7 17 25168
7 18 45289
7 19 50576
7 20 24912
7 21 54804
7 22 22022
7 23 38258
7 24 39969
7 25 30281
7 26 16191
7 27 52122
7 28 11241
7 29 55778
7 30 59625
7 31 39645
7 32 49274
7 33 22714
7 34 52606
7 35 63857
7 36 56743
7 37 60186
7 38 55214
7 39 61949
7 40 57937
7 41 52715
7 42 25469
7 43 57143
7 44 33164
7 45 39657
7 46 44473
7 47 63384
7 48 23932
7 49 24295
7 50 58433
7 51 50293
7 52 35817
7 53 65764
7 54 10111
7 55 36217
7 56 31216
7 57 29468
7 58 13302
7 59 45483
7 60 24650
7 61 26431
7 62 56020
7 63 64355
7 64 57073
7 65 39466
7 66 55264
7 67 39846
7 68 53545
7 69 10942
7 70 21701
7 71 41617
7 72 43736
7 73 41950
7 74 12249
7 75 68432
7 76 29057
7 77 35572
7 78 28928
7 79 42993
7 80 58463
7 81 48144
7 82 37081
7 83 48034
7 84 27834
7 85 33689
7 86 9332
7 87 13956
7 88 59357
7 89 77707
7 90 33569
7 91 66080
7 92 40885
7 93 36111
7 94 18793
7 95 49103
7 96 52483
7 97 38274
7 98 56169
7 99 26192
7 100 34472
7 101 50000
7 102 59006
7 103 13876
7 104 25586
7 105 25815
7 106 37742
7 107 28789
7 108 63539
7 109 49647
7 110 56951
7 111 42797
7 112 31611
7 113 66360
7 114 41062
7 115 43281
7 116 38589
7 117 38226
7 118 40001
7 119 18466
8 9 34163
8 10 88420
8 11 10660
8 12 69383
8 13 45317
8 14 28936
8 15 81089
8 16 48420
8 17 76624
8 18 52846
8 19 50761
8 20 70329
8 21 60683
8 22 35338
8 23 93046
8 24 67740
8 25 86601
8 26 42778
8 27 37810
8 28 67296
8 29 83281
8 30 47414
8 31 29123
8 32 8062
8 33 56555
8 34 51810
8 35 35874
8 36 92756
8 37 32302
8 38 12982
8 39 11914
8 40 57400
8 41 39017
8 42 45074
8 43 19668
8 44 83474
8 45 75249
8 46 86091
8 47 9862
8 48 78060
8 49 81623
8 50 86801
8 51 7103
8 52 80315
8 53 43921
8 54 65685
8 55 90315
8 56 51112
8 57 51232
8 58 69811
8 59 70058
8 60 80374
8 61 32854
8 62 39164
8 63 8700
8 64 19456
8 65 95909
8 66 22143
8 67 61395
8 68 15269
8 69 67918
8 70 48166
8 71 73004
8 72 87694
8 73 38147
8 74 62159
8 75 55756
8 76 79807
8 77 55940
8 78 86217
8 79 98412
8 80 7725
8 81 48717
8 82 89592
8 83 16071
8 84 48317
8 85 24608
8 86 65820
8 87 54006
8 88 88997
8 89 35625
8 90 74325
8 91 22275
8 92 29049
8 93 25449
8 94 47479
8 95 14067
8 96 62011
8 97 70683
8 98 18071
8 99 74235
8 100 25957
8 101 25160
8 102 31852
8 103 59767
8 104 32147
8 105 81068
8 106 68030
8 107 73445
8 108 39165
8 109 32828
8 110 33156
8 111 77116
8 112 88038
8 113 53698
8 114 94718
8 115 59359
8 116 21452
8 117 68238
8 118 48676
8 119 48795
9 10 57108
9 11 38836
9 12 40928
9 13 37255
9 14 45376
9 15 48356
9 16 19257
9 17 46057
9 18 43108
9 19 38508
9 20 42077
9 21 53482
9 22 3048
9 23 59064
9 24 48211
9 25 52438
9 26 12834
9 27 34193
9 28 34357
9 29 65506
9 30 43849
9 31 19011
9 32 26202
9 33 25859
9 34 47630
9 35 43619
9 36 70862
9 37 44949
9 38 34423
9 39 40418
9 40 46787
9 41 35142
9 42 23904
9 43 34236
9 44 50340
9 45 52354
9 46 60854
9 47 41217
9 48 46284
9 49 47823
9 50 68790
9 51 27062
9 52 48761
9 53 47493
9 54 31528
9 55 58782
9 56 32585
9 57 24769
9 58 36699
9 59 46015
9 60 47817
9 61 4360
9 62 37966
9 63 40806
9 64 34140
9 65 61747
9 66 32794
9 67 37636
9 68 33404
9 69 33885
9 70 17769
9 71 52131
9 72 56673
9 73 32512
9 74 31098
9 75 53596
9 76 46468
9 77 38542
9 78 52515
9 79 64352
9 80 36398
9 81 35744
9 82 58896
9 83 24613
9 84 21459
9 85 10051
9 86 32655
9 87 20709
9 88 70413
9 89 59622
9 90 48689
9 91 46540
9 92 20301
9 93 18324
9 94 15595
9 95 25552
9 96 52649
9 97 42974
9 98 36735
9 99 41337
9 100 11396
9 101 33425
9 102 43824
9 103 26247
9 104 2017
9 105 48778
9 106 40944
9 107 41431
9 108 50156
9 109 30235
9 110 42639
9 111 49222
9 112 55108
9 113 51300
9 114 60970
9 115 45395
9 116 15094
9 117 47530
9 118 37079
9 119 22353
10 11 95197
10 12 60953
10 13 57541
10 14 102106
10 15 11416
10 16 40002
10 17 55861
10 18 88819
10 19 51701
10 20 61791
10 21 98157
10 22 57682
10 23 22524
10 24 81019
10 25 28074
10 26 57448
10 27 62962
10 28 44640
10 29 94366
10 30 63447
10 31 60783
10 32 81289
10 33 31937
10 34 96141
10 35 75994
10 36 90832
10 37 101075
10 38 91328
10 39 96819
10 40 53787
10 41 62641
10 42 68828
10 43 78751
10 44 12651
10 45 77691
10 46 77453
10 47 96991
10 48 51016
10 49 37454
10 50 96267
10 51 81672
10 52 8355
10 53 72805
10 54 34314
10 55 56246
10 56 74714
10 57 37874
10 58 43408
10 59 28137
10 60 47344
10 61 56614
10 62 65639
10 63 92645
10 64 78802
10 65 30231
10 66 75663
10 67 32658
10 68 90471
10 69 36199
10 70 40414
10 71 81098
10 72 1582
10 73 84621
10 74 52337
10 75 67476
10 76 15852
10 77 78734
10 78 39328
10 79 26397
10 80 92453
10 81 51199
10 82 60002
10 83 73902
10 84 40394
10 85 64614
10 86 43669
10 87 36766
10 88 96478
10 89 116705
10 90 70405
10 91 103616
10 92 61381
10 93 74807
10 94 41718
10 95 75731
10 96 95639
10 97 20882
10 98 93843
10 99 17370
10 100 62528
10 101 89905
10 102 99906
10 103 32048
10 104 58881
10 105 49029
10 106 23714
10 107 15785
10 108 105394
10 109 64326
10 110 98268
10 111 16584
10 112 46848
10 113 66489
10 114 19394
10 115 86309
10 116 66977
10 117 78882
10 118 83545
10 119 61982
11 12 68989
11 13 55548
11 14 18968
11 15 87050
11 16 55429
11 17 77014
11 18 47337
11 19 60747
11 20 69810
11 21 53959
11 22 39231
11 23 97688
11 24 64157
11 25 90538
11 26 44785
11 27 48172
11 28 69464
11 29 78540
11 30 57961
11 31 38092
11 32 14469
11 33 63291
11 34 44872
11 35 46500
11 36 89085
11 37 22887
11 38 6144
11 39 1630
11 40 67656
11 41 49396
11 42 43876
11 43 30325
11 44 89144
11 45 72460
11 46 83815
11 47 3985
11 48 79128
11 49 84453
11 50 82028
11 51 14642
11 52 86937
11 53 54576
11 54 69627
11 55 90978
11 56 48382
11 57 59017
11 58 72063
11 59 78775
11 60 81944
11 61 38633
11 62 49700
11 63 16497
11 64 30114
11 65 99814
11 66 32782
11 67 70017
11 68 8773
11 69 71365
11 70 54803
11 71 69616
11 72 94600
11 73 33221
11 74 63304
11 75 66400
11 76 85297
11 77 52432
11 78 88846
11 79 102849
11 80 3166
11 81 58576
11 82 89755
11 83 25853
11 84 55904
11 85 30588
11 86 68216
11 87 59473
11 88 84341
11 89 25158
11 90 72580
11 91 11619
11 92 38234
11 93 25187
11 94 53577
11 95 23922
11 96 55780
11 97 78565
11 98 9527
11 99 80064
11 100 33053
11 101 18590
11 102 22654
11 103 65076
11 104 36886
11 105 82425
11 106 76038
11 107 79797
11 108 29568
11 109 43084
11 110 24462
11 111 85022
11 112 89792
11 113 64330
11 114 99749
11 115 54573
11 116 28971
11 117 65012
11 118 44095
11 119 48903
12 13 74879
12 14 63819
12 15 49576
12 16 47411
12 17 9346
12 18 35151
12 19 73854
12 20 1208
12 21 41668
12 22 38176
12 23 47178
12 24 20830
12 25 37672
12 26 28390
12 27 73752
12 28 16610
12 29 33597
12 30 82168
12 31 59593
12 32 61710
12 33 46348
12 34 43456
12 35 84336
12 36 33038
12 37 60321
12 38 62944
12 39 70145
12 40 81434
12 41 74507
12 42 25177
12 43 74773
12 44 48633
12 45 16903
12 46 20877
12 47 72630
12 48 13833
12 49 26936
12 50 35809
12 51 63071
12 52 54617
12 53 87406
12 54 28281
12 55 22898
12 56 23447
12 57 53120
12 58 17549
12 59 68618
12 60 18314
12 61 44951
12 62 77654
12 63 77615
12 64 74656
12 65 44261
12 66 73601
12 67 63471
12 68 60578
12 69 25286
12 70 45065
12 71 20161
12 72 61605
12 73 40139
12 74 11516
12 75 91339
12 76 45105
12 77 23614
12 78 28821
12 79 49789
12 80 67925
12 81 71324
12 82 20944
12 83 64662
12 84 51282
12 85 49892
12 86 18037
12 87 37685
12 88 36395
12 89 79433
12 90 10034
12 91 70830
12 92 60890
12 93 44232
12 94 41930
12 95 65166
12 96 38354
12 97 60729
12 98 61909
12 99 44966
12 100 52230
12 101 53357
12 102 59255
12 103 36834
12 104 42356
12 105 17647
12 106 60616
12 107 48808
12 108 61139
12 109 70506
12 110 56565
12 111 64383
12 112 25338
12 113 89189
12 114 51233
12 115 29377
12 116 55342
12 117 18484
12 118 32380
12 119 20606
13 14 71041
13 15 55497
13 16 28646
13 17 77370
13 18 79596
13 19 6567
13 20 76085
13 21 89797
13 22 40268
13 23 71967
13 24 85257
13 25 69866
13 26 49307
13 27 7765
13 28 62964
13 29 102534
13 30 7463
13 31 20498
13 32 42086
13 33 33867
13 34 82948
13 35 18818
13 36 106840
13 37 72792
13 38 55121
13 39 56996
13 40 12109
13 41 6730
13 42 61156
13 43 27624
13 44 58925
13 45 88536
13 46 95684
13 47 55160
13 48 75709
13 49 70900
13 50 105747
13 51 41378
13 52 51451
13 53 15578
13 54 53926
13 55 87418
13 56 69834
13 57 24790
13 58 64412
13 59 31235
13 60 75418
13 61 32964
13 62 8618
13 63 44874
13 64 27780
13 65 77866
13 66 24370
13 67 24890
13 68 56005
13 69 57757
13 70 30714
13 71 88864
13 72 56259
13 73 67141
13 74 63611
13 75 16550
13 76 56846
13 77 75794
13 78 75519
13 79 77569
13 80 52391
13 81 6343
13 82 88892
13 83 29784
13 84 25038
13 85 33964
13 86 60948
13 87 39462
13 88 107255
13 89 80700
13 90 83894
13 91 66935
13 92 19614
13 93 50176
13 94 33420
13 95 31657
13 96 89356
13 97 36666
13 98 59817
13 99 50750
13 100 29747
13 101 61945
13 102 71924
13 103 43461
13 104 36938
13 105 76884
13 106 33828
13 107 47385
13 108 79348
13 109 12489
13 110 71937
13 111 41858
13 112 80860
13 113 14338
13 114 71564
13 115 82542
13 116 30809
13 117 84407
13 118 73675
13 119 59029
14 15 92591
14 16 64308
14 17 72810
14 18 34541
14 19 75457
14 20 64370
14 21 38550
14 22 44464
14 23 100419
14 24 53633
14 25 92174
14 26 46070
14 27 64213
14 28 68826
14 29 65461
14 30 74531
14 31 51585
14 32 29170
14 33 71235
14 34 29624
14 35 64493
14 36 77452
14 37 4841
14 38 16410
14 39 18428
14 40 83015
14 41 65462
14 42 39624
14 43 48207
14 44 94064
14 45 62896
14 46 74677
14 47 22098
14 48 76029
14 49 84288
14 50 68801
14 51 30129
14 52 93757
14 53 72285
14 54 72157
14 55 86696
14 56 40699
14 57 69126
14 58 71430
14 59 90098
14 60 79618
14 61 46949
14 62 66329
14 63 35458
14 64 47993
14 65 101112
14 66 50236
14 67 81369
14 68 15074
14 69 72910
14 70 63056
14 71 59149
14 72 101780
14 73 23760
14 74 61244
14 75 83532
14 76 89999
14 77 42889
14 78 88153
14 79 105059
14 80 21344
14 81 73010
14 82 84636
14 83 41635
14 84 65807
14 85 40433
14 86 68059
14 87 65342
14 88 71240
14 89 15806
14 90 64832
14 91 10267
14 92 52098
14 93 27301
14 94 60965
14 95 39980
14 96 41114
14 97 88139
14 98 11357
14 99 85588
14 100 44116
14 101 12270
14 102 5350
14 103 70321
14 104 43824
14 105 79697
14 106 85941
14 107 86326
14 108 10736
14 109 58949
14 110 8183
14 111 94473
14 112 87493
14 113 81355
14 114 103157
14 115 42522
14 116 41220
14 117 55068
14 118 33423
14 119 46330
15 16 33233
15 17 44758
15 18 77711
15 19 50413
15 20 50431
15 21 86923
15 22 48524
15 23 17063
15 24 69603
15 25 19059
15 26 47175
15 27 59777
15 28 33226
15 29 83045
15 30 62157
15 31 54914
15 32 73599
15 33 25027
15 34 85158
15 35 73047
15 36 79870
15 37 91264
15 38 82779
15 39 88652
15 40 54183
15 41 59677
15 42 58006
15 43 73512
15 44 3568
15 45 66355
15 46 66490
15 47 89151
15 48 40047
15 49 27023
15 50 85002
15 51 74142
15 52 6445
15 53 71070
15 54 23049
15 55 46296
15 56 63586
15 57 32774
15 58 32028
15 59 30193
15 60 36610
15 61 48500
15 62 62911
15 63 86081
15 64 73534
15 65 24107
15 66 70623
15 67 31645
15 68 81702
15 69 24794
15 70 33060
15 71 69709
15 72 12034
15 73 74142
15 74 40948
15 75 67690
15 76 4622
15 77 67468
15 78 29581
15 79 22409
15 80 84459
15 81 49321
15 82 49811
15 83 67482
15 84 34597
15 85 56712
15 86 32258
15 87 27649
15 88 85267
15 89 107541
15 90 59098
15 91 94799
15 92 55698
15 93 65401
15 94 33633
15 95 69187
15 96 84350
15 97 21090
15 98 84910
15 99 7034
15 100 55169
15 101 80329
15 102 90087
15 103 22311
15 104 50245
15 105 38332
15 106 23246
15 107 8286
15 108 95273
15 109 60230
15 110 88309
15 111 20150
15 112 37042
15 113 66359
15 114 16080
15 115 75004
15 116 59729
15 117 67467
15 118 72545
15 119 51040
16 17 48993
16 18 60144
16 19 26603
16 20 48614
16 21 70502
16 22 21026
16 23 47378
16 24 60822
16 25 43264
16 26 26170
16 27 29906
16 28 34409
16 29 77672
16 30 36108
16 31 21784
16 32 41342
16 33 8234
16 34 65645
16 35 42729
16 36 80167
16 37 64121
16 38 51957
16 39 57058
16 40 34024
16 41 30246
16 42 39452
16 43 40543
16 44 36008
16 45 62401
16 46 68275
16 47 57059
16 48 47107
16 49 42724
16 50 80624
16 51 41684
16 52 31915
16 53 43122
16 54 25441
16 55 58774
16 56 47716
16 57 6277
16 58 35781
16 59 26984
16 60 46779
16 61 17404
16 62 33647
16 63 52936
16 64 40549
16 65 52034
16 66 37813
16 67 19009
16 68 51401
16 69 29201
16 70 2387
16 71 63556
16 72 39300
16 73 51203
16 74 35919
16 75 44583
16 76 32786
16 77 53339
16 78 47446
16 79 53022
16 80 52603
16 81 24206
16 82 60274
16 83 34272
16 84 3871
16 85 24908
16 86 32392
16 87 10822
16 88 81831
16 89 77984
16 90 56951
16 91 64473
16 92 22656
16 93 37541
16 94 5720
16 95 36010
16 96 69113
16 97 23832
16 98 54984
16 99 26763
16 100 22543
16 101 52548
16 102 63007
16 103 15326
16 104 20575
16 105 48238
16 106 21705
16 107 25246
16 108 69411
16 109 28769
16 110 61883
16 111 30179
16 112 52395
16 113 42567
16 114 48134
16 115 60865
16 116 26975
16 117 59526
16 118 54139
16 119 35000
17 18 44449
17 19 75571
17 20 9220
17 21 50611
17 22 43590
17 23 39785
17 24 28971
17 25 30420
17 26 34336
17 27 77148
17 28 14827
17 29 39031
17 30 84793
17 31 63935
17 32 68764
17 33 46349
17 34 52751
17 35 88520
17 36 35192
17 37 69431
17 38 71057
17 39 78242
17 40 82703
17 41 77784
17 42 33627
17 43 80287
17 44 43250
17 45 22804
17 46 21861
17 47 80542
17 48 5260
17 49 19518
17 50 40622
17 51 70053
17 52 50389
17 53 90820
17 54 26208
17 55 14019
17 56 32705
17 57 54134
17 58 14272
17 59 67199
17 60 9798
17 61 49725
17 62 81056
17 63 84609
17 64 80188
17 65 36019
17 66 78811
17 67 63112
17 68 68791
17 69 22511
17 70 46776
17 71 27071
17 72 56701
17 73 49234
17 74 14965
17 75 93549
17 76 40150
17 77 32933
17 78 20443
17 79 41781
17 80 75749
17 81 73199
17 82 13002
17 83 70468
17 84 52810
17 85 55628
17 86 16796
17 87 38473
17 88 40682
17 89 88495
17 90 15446
17 91 79497
17 92 65214
17 93 51952
17 94 43951
17 95 71177
17 96 47193
17 97 58679
17 98 70353
17 99 41200
17 100 57447
17 101 62053
17 102 68349
17 103 36225
17 104 47711
17 105 8738
17 106 59010
17 107 45467
17 108 70418
17 109 74409
17 110 65695
17 111 61513
17 112 16123
17 113 91497
17 114 44011
17 115 38430
17 116 60983
17 117 26539
17 118 41719
17 119 28123
18 19 81500
18 20 35238
18 21 10400
18 22 40364
18 23 80007
18 24 19624
18 25 70682
18 26 34131
18 27 75136
18 28 46527
18 29 31342
18 30 85522
18 31 59530
18 32 47657
18 33 63855
18 34 8306
18 35 81163
18 36 42917
18 37 29984
18 38 41546
18 39 47830
18 40 89787
18 41 76262
18 42 20925
18 43 66756
18 44 77931
18 45 29203
18 46 40931
18 47 51315
18 48 48902
18 49 60708
18 50 34792
18 51 49185
18 52 81093
18 53 87113
18 54 54703
18 55 57153
18 56 14129
18 57 66341
18 58 48715
18 59 86743
18 60 53249
18 61 47080
18 62 78501
18 63 61440
18 64 66569
18 65 78378
18 66 67200
18 67 79141
18 68 38822
18 69 53623
18 70 57998
18 71 24992
18 72 89024
18 73 14735
18 74 38014
18 75 95358
18 76 73902
18 77 11554
18 78 63407
18 79 83475
18 80 47835
18 81 78738
18 82 54217
18 83 56853
18 84 63286
18 85 46048
18 86 46706
18 87 55299
18 88 37158
18 89 48469
18 90 32715
18 91 43981
18 92 60634
18 93 30961
18 94 54809
18 95 56227
18 96 9870
18 97 81411
18 98 38038
18 99 71476
18 100 50132
18 101 28747
18 102 29229
18 103 58080
18 104 42969
18 105 52740
18 106 80141
18 107 73963
18 108 28314
18 109 70312
18 110 26364
18 111 86798
18 112 60485
18 113 93032
18 114 83649
18 115 8045
18 116 50408
18 117 21436
18 118 6045
18 119 27037
19 20 75060
19 21 91822
19 22 41406
19 23 67159
19 24 85682
19 25 65710
19 26 49763
19 27 14053
19 28 60905
19 29 102862
19 30 11804
19 31 24003
19 32 46889
19 33 30451
19 34 85414
19 35 25267
19 36 106342
19 37 76900
19 38 59867
19 39 62242
19 40 8287
19 41 13148
19 42 62240
19 43 33792
19 44 53907
19 45 88269
19 46 94730
19 47 60622
19 48 73503
19 49 67596
19 50 105978
19 51 46321
19 52 45993
19 53 21108
19 54 51102
19 55 84845
19 56 70907
19 57 21683
19 58 62128
19 59 24853
19 60 72837
19 61 34426
19 62 15175
19 63 50893
19 64 33936
19 65 73362
19 66 30491
19 67 19119
19 68 60542
19 69 55009
19 70 28881
19 71 88963
19 72 50369
19 73 69742
19 74 62412
19 75 18317
19 76 52116
19 77 76821
19 78 72097
19 79 72697
19 80 57582
19 81 2765
19 82 86601
19 83 34896
19 84 22764
19 85 36873
19 86 58893
19 87 37159
19 88 107362
19 89 85820
19 90 83202
19 91 71961
19 92 23383
19 93 53123
19 94 31931
19 95 36843
19 96 91125
19 97 30839
19 98 64384
19 99 46138
19 100 32669
19 101 65771
19 102 75978
19 103 40485
19 104 38532
19 105 74375
19 106 28070
19 107 42479
19 108 83300
19 109 18192
19 110 75787
19 111 35729
19 112 77819
19 113 16537
19 114 66486
19 115 83856
19 116 34503
19 117 84658
19 118 75500
19 119 59381
20 21 41497
20 22 39312
20 23 47690
20 24 20339
20 25 38192
20 26 29506
20 27 74947
20 28 17587
20 29 32667
20 30 83374
20 31 60765
20 32 62685
20 33 47513
20 34 43538
20 35 85508
20 36 31874
20 37 60814
20 38 63750
20 39 70951
20 40 82637
20 41 75705
20 42 25957
20 43 75881
20 44 49426
20 45 15961
20 46 19671
20 47 73471
20 48 13973
20 49 27397
20 50 34820
20 51 64054
20 52 55534
20 53 88599
20 54 29312
20 55 22437
20 56 23868
20 57 54315
20 58 18416
20 59 69737
20 60 18513
20 61 46113
20 62 78848
20 63 78589
20 64 75763
20 65 44598
20 66 74729
20 67 64632
20 68 61365
20 69 26255
20 70 46268
20 71 19391
20 72 62463
20 73 40654
20 74 12711
20 75 92547
20 76 45939
20 77 23739
20 78 29099
20 79 50184
20 80 68784
20 81 72531
20 82 20295
20 83 65754
20 84 52485
20 85 50997
20 86 19067
20 87 38867
20 88 35361
20 89 79945
20 90 8957
20 91 71496
20 92 62062
20 93 45126
20 94 43136
20 95 66242
20 96 38133
20 97 61811
20 98 62641
20 99 45910
20 100 53366
20 101 54023
20 102 59758
20 103 37966
20 104 43491
20 105 17741
20 106 61722
20 107 49792
20 108 61505
20 109 71690
20 110 57049
20 111 65415
20 112 25324
20 113 90396
20 114 51779
20 115 29259
20 116 56450
20 117 17959
20 118 32659
20 119 21586
21 22 50754
21 23 88045
21 24 22498
21 25 78597
21 26 44428
21 27 85153
21 28 54871
21 29 28024
21 30 95602
21 31 69611
21 32 56253
21 33 74047
21 34 9111
21 35 90673
21 36 41213
21 37 33718
21 38 48583
21 39 54199
21 40 100108
21 41 86297
21 42 31160
21 43 75841
21 44 86925
21 45 31655
21 46 42547
21 47 57855
21 48 55464
21 49 68230
21 50 31088
21 51 57752
21 52 90596
21 53 96875
21 54 63876
21 55 62169
21 56 23681
21 57 76711
21 58 56863
21 59 97024
21 60 59978
21 61 57419
21 62 88444
21 63 69065
21 64 75646
21 65 85792
21 66 76507
21 67 89489
21 68 45922
21 69 62464
21 70 68339
21 71 26784
21 72 98437
21 73 23572
21 74 46466
21 75 105427
21 76 82960
21 77 19490
21 78 70463
21 79 91147
21 80 54930
21 81 89062
21 82 58763
21 83 66190
21 84 73670
21 85 56078
21 86 55287
21 87 65392
21 88 33575
21 89 50352
21 90 36954
21 91 48663
21 92 70686
21 93 40553
21 94 65131
21 95 65418
21 96 3729
21 97 91522
21 98 44440
21 99 80890
21 100 60212
21 101 35704
21 102 33274
21 103 67928
21 104 53302
21 105 59236
21 106 90322
21 107 83584
21 108 29965
21 109 80251
21 110 30641
21 111 96801
21 112 66715
21 113 103101
21 114 91858
21 115 12361
21 116 60241
21 117 24843
21 118 16444
21 119 36898
22 23 58458
22 24 45164
22 25 51478
22 26 9909
22 27 37238
22 28 32395
22 29 62459
22 30 46889
22 31 22008
22 32 27293
22 33 27014
22 34 45126
22 35 46550
22 36 67859
22 37 43730
22 38 34479
22 39 40778
22 40 49675
22 41 38189
22 42 20909
22 43 36738
22 44 50322
22 45 49346
22 46 57951
22 47 41844
22 48 44042
22 49 46314
22 50 65742
22 51 28281
22 52 49328
22 53 50519
22 54 30522
22 55 56528
22 56 29592
22 57 26820
22 58 34814
22 59 47975
22 60 45777
22 61 7408
22 62 41006
22 63 42366
22 64 36633
22 65 60783
22 66 35439
22 67 39748
22 68 33237
22 69 32593
22 70 19304
22 71 49090
22 72 57327
22 73 30263
22 74 28627
22 75 56630
22 76 46369
22 77 35543
22 78 50945
22 79 63641
22 80 36961
22 81 38644
22 82 56495
22 83 26892
22 84 23565
22 85 12081
22 86 30777
22 87 20969
22 88 67367
22 89 59078
22 90 45772
22 91 46293
22 92 23293
22 93 17178
22 94 16756
22 95 27685
22 96 49833
22 97 44450
22 98 36388
22 99 41490
22 100 14054
22 101 32338
22 102 42583
22 103 26240
22 104 4180
22 105 46667
22 106 42551
22 107 41921
22 108 48665
22 109 33251
22 110 41232
22 111 50593
22 112 53202
22 113 54336
22 114 60558
22 115 42457
22 116 17394
22 117 44484
22 118 34323
22 119 19336
23 24 68005
23 25 9509
23 26 54409
23 27 75708
23 28 33511
23 29 78670
23 30 78821
23 31 69062
23 32 85197
23 33 39624
23 34 88045
23 35 88964
23 36 72842
23 37 98364
23 38 92801
23 39 99232
23 40 71202
23 41 75718
23 42 62576
23 43 87865
23 44 13495
23 45 62589
23 46 59742
23 47 100245
23 48 34531
23 49 20338
23 50 80002
23 51 85957
23 52 22822
23 53 87533
23 54 28355
23 55 36194
23 56 66198
23 57 48245
23 58 31295
23 59 47134
23 60 30106
23 61 60237
23 62 79029
23 63 98926
23 64 87863
23 65 7708
23 66 85185
23 67 48611
23 68 91338
23 69 27601
23 70 46614
23 71 66752
23 72 23988
23 73 79554
23 74 42024
23 75 84656
23 76 15131
23 77 68809
23 78 19975
23 79 5667
23 80 95389
23 81 65909
23 82 40340
23 83 80796
23 84 49503
23 85 68449
23 86 33551
23 87 39242
23 88 79778
23 89 115953
23 90 55217
23 91 104109
23 92 69993
23 93 74125
23 94 46257
23 95 82331
23 96 84991
23 97 38129
23 98 94161
23 99 21281
23 100 67696
23 101 88254
23 102 97187
23 103 33453
23 104 61068
23 105 31501
23 106 40307
23 107 24681
23 108 101410
23 109 75634
23 110 95054
23 111 36541
23 112 26963
23 113 83275
23 114 4357
23 115 75705
23 116 72262
23 117 65643
23 118 75653
23 119 55363
24 25 58500
24 26 35981
24 27 82369
24 28 36398
24 29 17295
24 30 92026
24 31 66918
24 32 61244
24 33 62039
24 34 27072
24 35 90790
24 36 25033
24 37 49263
24 38 58074
24 39 64918
24 40 93783
24 41 83341
24 42 24899
24 43 78285
24 44 68966
24 45 9618
24 46 21307
24 47 68113
24 48 34087
24 49 47733
24 50 20598
24 51 62765
24 52 74195
24 53 95474
24 54 47193
24 55 39748
24 56 16960
24 57 67029
24 58 37854
24 59 85212
24 60 38671
24 61 52570
24 62 86096
24 63 76432
24 64 78125
24 65 64871
24 66 77986
24 67 78865
24 68 55391
24 69 44850
24 70 58452
24 71 5538
24 72 81551
24 73 31140
24 74 28911
24 75 101721
24 76 65267
24 77 11813
24 78 49322
24 79 70507
24 80 64050
24 81 82969
24 82 36273
24 83 67930
24 84 64512
24 85 54563
24 86 37370
24 87 52995
24 88 22342
24 89 68010
24 90 14504
24 91 62548
24 92 68169
24 93 42958
24 94 55104
24 95 67814
24 96 18848
24 97 78243
24 98 55422
24 99 64400
24 100 58036
24 101 46028
24 102 48419
24 103 53846
24 104 48895
24 105 37708
24 106 77643
24 107 67832
24 108 47937
24 109 78186
24 110 45543
24 111 82653
24 112 44851
24 113 99441
24 114 72062
24 115 11735
24 116 59760
24 117 2440
24 118 20423
24 119 26304
25 26 46448
25 27 72719
25 28 24315
25 29 69404
25 30 77035
25 31 64373
25 32 78629
25 33 36264
25 34 78771
25 35 85812
25 36 64095
25 37 89912
25 38 85413
25 39 92044
25 40 70709
25 41 72882
25 42 53739
25 43 83097
25 44 16089
25 45 53202
25 46 50858
25 47 93293
25 48 25187
25 49 10907
25 50 70837
25 51 79499
25 52 25503
25 53 85252
25 54 20956
25 55 28284
25 56 56972
25 57 45302
25 58 21993
25 59 48446
25 60 20862
25 61 54127
25 62 76263
25 63 92960
25 64 83074
25 65 9310
25 66 80624
25 67 48192
25 68 83799
25 69 19354
25 70 42088
25 71 57305
25 72 29293
25 73 70773
25 74 32790
25 75 83750
25 76 15141
25 77 59418
25 78 11410
25 79 13000
25 80 88393
25 81 64122
25 82 32193
25 83 75318
25 84 45955
25 85 62176
25 86 24548
25 87 33857
25 88 70701
25 89 107827
25 90 45816
25 91 96359
25 92 65409
25 93 66391
25 94 41120
25 95 76718
25 96 75518
25 97 39136
25 98 86449
25 99 20085
25 100 61898
25 101 80113
25 102 88740
25 103 28269
25 104 54455
25 105 22349
25 106 40798
25 107 24480
25 108 92691
25 109 72011
25 110 86519
25 111 39114
25 112 18868
25 113 82166
25 114 13615
25 115 66249
25 116 66392
25 117 56141
25 118 66453
25 119 46554
26 27 46830
26 28 24726
26 29 53237
26 30 56178
26 31 31834
26 32 34778
26 33 29837
26 34 40183
26 35 56446
26 36 58081
26 37 44304
26 38 39311
26 39 46204
26 40 57923
26 41 47730
26 42 13296
26 43 46387
26 44 48320
26 45 39591
26 46 48043
26 47 47907
26 48 35342
26 49 39692
26 50 56439
26 51 35983
26 52 49257
26 53 60247
26 54 26094
26 55 47708
26 56 21601
26 57 32428
26 58 27307
26 59 52612
26 60 37605
26 61 17102
26 62 50650
26 63 50472
26 64 46272
26 65 55586
26 66 45231
26 67 45096
26 68 37519
26 69 27095
26 70 23952
26 71 39592
26 72 57363
26 73 27230
26 74 19522
26 75 65809
26 76 44215
26 77 27344
26 78 44062
26 79 59185
26 80 42991
26 81 47036
26 82 47328
26 83 36327
26 84 29521
26 85 21516
26 86 23432
26 87 21653
26 88 57962
26 89 61545
26 90 35866
26 91 49918
26 92 33126
26 93 20007
26 94 20711
26 95 36923
26 96 42951
26 97 47522
26 98 40030
26 99 40318
26 100 23914
26 101 33861
26 102 43123
26 103 25463
26 104 14057
26 105 38292
26 106 46112
26 107 41832
26 108 48100
26 109 43027
26 110 41215
26 111 53163
26 112 45319
26 113 63544
26 114 57088
26 115 34753
26 116 26958
26 117 35100
26 118 28195
26 119 9725
27 28 63223
27 29 99655
27 30 10613
27 31 15672
27 32 35082
27 33 36466
27 34 77888
27 35 13276
27 36 104879
27 37 66220
27 38 48085
27 39 49584
27 40 19650
27 41 1250
27 42 57762
27 43 19859
27 44 63075
27 45 86412
27 46 94313
27 47 47620
27 48 76002
27 49 72623
27 50 102961
27 51 34262
27 52 56320
27 53 13683
27 54 55266
27 55 88073
27 56 66354
27 57 27523
27 58 64925
27 59 37864
27 60 76180
27 61 29835
27 62 3911
27 63 37118
27 64 20015
27 65 81134
27 66 16606
27 67 30682
27 68 49139
27 69 58940
27 70 31605
27 71 86320
27 72 61771
27 73 62047
27 74 62823
27 75 20326
27 76 60613
27 77 72310
27 78 77351
27 79 81363
27 80 45029
27 81 12931
27 82 89184
27 83 22640
27 84 26819
27 85 29090
27 86 61230
27 87 40525
27 88 104603
27 89 73328
27 90 82297
27 91 59651
27 92 14518
27 93 44902
27 94 33765
27 95 24423
27 96 84981
27 97 42280
27 98 52907
27 99 54437
27 100 25028
27 101 55679
27 102 65402
27 103 45215
27 104 33487
27 105 77541
27 106 39389
27 107 51519
27 108 72887
27 109 5279
27 110 65597
27 111 47901
27 112 82157
27 113 18008
27 114 75700
27 115 78694
27 116 25140
27 117 81721
27 118 69343
27 119 56493
28 29 50202
28 30 70416
28 31 50881
28 32 59246
28 33 31523
28 34 54536
28 35 75077
28 36 48839
28 37 66235
28 38 63881
28 39 70859
28 40 67933
28 41 63780
28 42 29674
28 43 68233
28 44 32596
28 45 33514
28 46 35854
28 47 72629
28 48 12786
28 49 15462
28 50 52406
28 51 60368
28 52 38061
28 53 76828
28 54 11838
28 55 24978
28 56 32689
28 57 39374
28 58 2626
28 59 52739
28 60 13495
28 61 37451
28 62 67109
28 63 74679
28 64 68157
28 65 32651
28 66 66425
28 67 48343
28 68 61956
28 69 8676
28 70 32261
28 71 36576
28 72 45211
28 73 46704
28 74 8517
28 75 78989
28 76 28868
28 77 35464
28 78 19500
28 79 37272
28 80 67714
28 81 58585
28 82 25981
28 83 58933
28 84 38181
28 85 44358
28 86 2017
28 87 23750
28 88 52930
28 89 84604
28 90 26510
28 91 73914
28 92 52123
28 93 44445
28 94 29611
28 95 59908
28 96 51991
28 97 44500
28 98 64191
28 99 28369
28 100 45454
28 101 57046
28 102 65076
28 103 21429
28 104 36229
28 105 14590
28 106 44609
28 107 32205
28 108 68642
28 109 60857
28 110 62732
28 111 47880
28 112 20811
28 113 76975
28 114 37123
28 115 42628
28 116 49433
28 117 34244
28 118 42155
28 119 22602
29 30 109320
29 31 84178
29 32 77283
29 33 78310
29 34 36115
29 35 107911
29 36 13726
29 37 60736
29 38 72637
29 39 79098
29 40 110923
29 41 100631
29 42 42057
29 43 95031
29 44 81896
29 45 16707
29 46 20718
29 47 82524
29 48 44227
29 49 58526
29 50 3520
29 51 78818
29 52 88201
29 53 112722
29 54 61762
29 55 45347
29 56 33773
29 57 83816
29 58 51073
29 59 101260
29 60 48570
29 61 69864
29 62 103373
29 63 91969
29 64 94864
29 65 74211
29 66 94886
29 67 95325
29 68 69912
29 69 58878
29 70 75289
29 71 14191
29 72 95078
29 73 45418
29 74 43921
29 75 119009
29 76 78519
29 77 28056
29 78 58884
29 79 80172
29 80 78847
29 81 100162
29 82 41125
29 83 84724
29 84 81419
29 85 71682
29 86 51559
29 87 69307
29 88 5816
29 89 78220
29 90 23964
29 91 75184
29 92 85424
29 93 59272
29 94 71954
29 95 84494
29 96 24769
29 97 93830
29 98 69335
29 99 78563
29 100 75234
29 101 59985
29 102 60111
29 103 69541
29 104 66174
29 105 47178
29 106 93472
29 107 82376
29 108 57751
29 109 95440
29 110 57304
29 111 97796
29 112 52862
29 113 116731
29 114 82946
29 115 24006
29 116 76806
29 117 18210
29 118 34647
29 119 43533
30 31 25995
30 32 45360
30 33 41200
30 34 88435
30 35 15508
30 36 113948
30 37 76672
30 38 58284
30 39 59305
30 40 12348
30 41 9400
30 42 67668
30 43 28349
30 44 65634
30 45 95584
30 46 102937
30 47 57076
30 48 83165
30 49 78295
30 50 112572
30 51 44449
30 52 57796
30 53 9542
30 54 61370
30 55 94880
30 56 76317
30 57 32152
30 58 71872
30 59 36181
30 60 82880
30 61 39505
30 62 8265
30 63 45592
30 64 28538
30 65 84889
30 66 25417
30 67 30918
30 68 59463
30 69 65208
30 70 38172
30 71 95770
30 72 62096
30 73 72593
30 74 70951
30 75 9840
30 76 63736
30 77 82282
30 78 82895
30 79 84385
30 80 54858
30 81 12941
30 82 96350
30 83 32897
30 84 32492
30 85 39527
30 86 68400
30 87 46925
30 88 114133
30 89 83040
30 90 91086
30 91 69536
30 92 24919
30 93 55466
30 94 40852
30 95 34576
30 96 95344
30 97 42611
30 98 63191
30 99 57698
30 100 35396
30 101 66241
30 102 75876
30 103 50883
30 104 43352
30 105 84346
30 106 39860
30 107 54159
30 108 83378
30 109 15833
30 110 76132
30 111 47330
30 112 88294
30 113 7515
30 114 78236
30 115 88845
30 116 35732
30 117 91256
30 118 79680
30 119 65900
31 32 23717
31 33 29903
31 34 62546
31 35 24743
31 36 89867
31 37 52908
31 38 36391
31 39 39673
31 40 31898
31 41 16760
31 42 42189
31 43 18806
31 44 57767
31 45 71354
31 46 79783
31 47 38697
31 48 63452
31 49 62269
31 50 87515
31 51 23452
31 52 53041
31 53 28566
31 54 44847
31 55 75837
31 56 50741
31 57 22927
31 58 52899
31 59 40936
31 60 64270
31 61 14747
31 62 19245
31 63 32013
31 64 18802
31 65 73378
31 66 16252
31 67 32277
31 68 36819
31 69 48115
31 70 22457
31 71 71018
31 72 59891
31 73 46715
31 74 49171
31 75 35829
31 76 54569
31 77 56688
31 78 67069
31 79 74684
31 80 34974
31 81 21471
31 82 76457
31 83 13392
31 84 20470
31 85 13555
31 86 48974
31 87 30567
31 88 89211
31 89 62727
31 90 67646
31 91 48800
31 92 1298
31 93 29688
31 94 23286
31 95 15346
31 96 69360
31 97 41941
31 98 40668
31 99 48540
31 100 9401
31 101 41776
31 102 51980
31 103 36107
31 104 18061
31 105 65460
31 106 39201
31 107 46793
31 108 59298
31 109 11274
31 110 51792
31 111 48311
31 112 70932
31 113 33502
31 114 69914
31 115 63024
31 116 10501
31 117 66361
31 118 53704
31 119 41343
32 33 49355
32 34 47713
32 35 36063
32 36 86153
32 37 31506
32 38 13035
32 39 16079
32 40 54151
32 41 36330
32 42 37821
32 43 20109
32 44 75886
32 45 68341
32 46 78932
32 47 15719
32 48 70095
32 49 73565
32 50 80799
32 51 1537
32 52 73100
32 53 43486
32 54 57695
32 55 82390
32 56 44396
32 57 44659
32 58 61757
32 59 64307
32 60 72354
32 61 25154
32 62 37162
32 63 15905
32 64 19900
32 65 87938
32 66 21555
32 67 55548
32 68 14110
32 69 59882
32 70 40893
32 71 66374
32 72 80628
32 73 32965
32 74 54211
32 75 54412
32 76 72158
32 77 49530
32 78 78156
32 79 90526
32 80 11434
32 81 44594
32 82 81751
32 83 12466
32 84 41598
32 85 16902
32 86 57762
32 87 46301
32 88 82918
32 89 39057
32 90 67027
32 91 25140
32 92 23943
32 93 18365
32 94 39969
32 95 10835
32 96 57184
32 97 64206
32 98 17834
32 99 66689
32 100 18814
32 101 22073
32 102 30796
32 103 52032
32 104 24186
32 105 73068
32 106 61647
32 107 66100
32 108 38327
32 109 29837
32 110 31423
32 111 70663
32 112 80000
32 113 52217
32 114 86959
32 115 53606
32 116 14567
32 117 61569
32 118 42977
32 119 41105
33 34 70010
33 35 49612
33 36 79385
33 37 70712
33 38 59577
33 39 64916
33 40 36793
33 41 36618
33 42 42930
33 43 48578
33 44 27873
33 45 62348
33 46 66886
33 47 65054
33 48 43683
33 49 37167
33 50 81049
33 51 49755
33 52 23764
33 53 49074
33 54 20836
33 55 54586
33 56 50627
33 57 9094
33 58 32354
33 59 23261
33 60 42620
33 61 24820
33 62 40000
33 63 61168
33 64 48593
33 65 44708
33 66 45763
33 67 17134
33 68 58862
33 69 24771
33 70 8488
33 71 64121
33 72 31310
33 73 56380
33 74 34941
33 75 48768
33 76 24795
33 77 55889
33 78 41718
33 79 45288
33 80 60525
33 81 28494
33 82 56584
33 83 42505
33 84 9880
33 85 32703
33 86 29573
33 87 9044
33 88 82030
33 89 85327
33 90 56260
33 91 71992
33 92 30717
33 93 44093
33 94 10285
33 95 44244
33 96 72303
33 97 17738
33 98 62350
33 99 18688
33 100 30619
33 101 59245
33 102 69572
33 103 10241
33 104 27460
33 105 44213
33 106 16288
33 107 17012
33 108 75663
33 109 36039
33 110 68246
33 111 23658
33 112 47372
33 113 46954
33 114 40145
33 115 63595
33 116 35104
33 117 60477
33 118 57983
33 119 37441
34 35 82686
34 36 48734
34 37 24818
34 38 39558
34 39 45095
34 40 93667
34 41 79063
34 42 27474
34 43 67527
34 44 85531
34 45 36682
34 46 48227
34 47 48759
34 48 57205
34 49 68903
34 50 39365
34 51 49188
34 52 88277
34 53 89169
34 54 62253
34 55 65376
34 56 21883
34 57 71719
34 58 56781
34 59 92525
34 60 61544
34 61 51288
34 62 81035
34 63 60114
34 64 67328
34 65 86573
34 66 68369
34 67 84629
34 68 36918
34 69 61384
34 70 63614
34 71 32170
34 72 96278
34 73 15842
34 74 46021
34 75 98213
34 76 81470
34 77 19857
34 78 71668
34 79 91612
34 80 45900
34 81 82673
34 82 62367
34 83 58121
34 84 68551
34 85 49002
34 86 54621
34 87 61740
34 88 41831
34 89 42179
34 90 40729
34 91 39655
34 92 63555
34 93 32995
34 94 60547
34 95 57227
34 96 11500
34 97 87705
34 98 35349
34 99 78772
34 100 53207
34 101 26723
34 102 24307
34 103 64933
34 104 47178
34 105 61044
34 106 86267
34 107 81041
34 108 21706
34 109 72864
34 110 21616
34 111 93298
34 112 68791
34 113 95893
34 114 91625
34 115 15369
34 116 52787
34 117 29100
34 118 12617
34 119 34159
35 36 114290
35 37 67345
35 38 48106
35 39 47638
35 40 27830
35 41 13407
35 42 65892
35 43 16288
35 44 76350
35 45 95775
35 46 104469
35 47 44876
35 48 87782
35 49 85288
35 50 111319
35 51 34819
35 52 69511
35 53 8358
35 54 67838
35 55 100045
35 56 74170
35 57 40743
35 58 76940
35 59 50053
35 60 88284
35 61 39439
35 62 10370
35 63 32163
35 64 16502
35 65 94315
35 66 14522
35 67 43473
35 68 49799
35 69 71403
35 70 44248
35 71 95157
35 72 74764
35 73 67117
35 74 73848
35 75 20986
35 76 73878
35 77 80013
35 78 90050
35 79 94622
35 80 43594
35 81 25058
35 82 100887
35 83 24575
35 84 39857
35 85 36233
35 86 73120
35 87 53105
35 88 113131
35 89 70940
35 90 92307
35 91 58067
35 92 23446
35 93 50207
35 94 46095
35 95 25614
35 96 91007
35 97 55197
35 98 53237
35 99 67701
35 100 32847
35 101 58076
35 102 66712
35 103 58047
35 104 42465
35 105 89568
35 106 52323
35 107 64793
35 108 74219
35 109 14238
35 110 67471
35 111 60587
35 112 94561
35 113 19321
35 114 88975
35 115 85722
35 116 31156
35 117 90423
35 118 75708
35 119 65795
36 37 72850
36 38 83031
36 39 89798
36 40 114106
36 41 105751
36 42 49000
36 43 102615
36 44 78183
36 45 18518
36 46 13382
36 47 93053
36 48 39833
36 49 53617
36 50 11820
36 51 87665
36 52 85575
36 53 118328
36 54 60671
36 55 37291
36 56 41758
36 57 86016
36 58 49006
36 59 101486
36 60 43563
36 61 75173
36 62 108716
36 63 101443
36 64 102464
36 65 67401
36 66 102081
36 67 96506
36 68 80334
36 69 57253
36 70 77795
36 71 19779
36 72 91739
36 73 55922
36 74 44497
36 75 123387
36 76 75251
36 77 36846
36 78 52895
36 79 73453
36 80 89052
36 81 103739
36 82 32959
36 83 92239
36 84 84024
36 85 78311
36 86 50548
36 87 70693
36 88 9876
36 89 90893
36 90 23225
36 91 86832
36 92 91152
36 93 67810
36 94 74572
36 95 92267
36 96 37753
36 97 93339
36 98 80201
36 99 76368
36 100 81457
36 101 70788
36 102 72128
36 103 69792
36 104 71866
36 105 41930
36 106 93406
36 107 80574
36 108 70435
36 109 101095
36 110 69271
36 111 96534
36 112 45999
36 113 121174
36 114 77197
36 115 35007
36 116 83664
36 117 24587
36 118 45065
36 119 48530
37 38 19398
37 39 22551
37 40 84640
37 41 67468
37 42 36709
37 43 51116
37 44 92573
37 45 58619
37 46 70413
37 47 26285
37 48 72849
37 49 81673
37 50 64058
37 51 32619
37 52 92750
37 53 74952
37 54 70261
37 55 83218
37 56 36994
37 57 69218
37 58 68814
37 59 90363
37 60 76572
37 61 46940
37 62 68547
37 63 39339
37 64 50902
37 65 98726
37 66 52933
37 67 81704
37 68 17546
37 69 70776
37 70 62718
37 71 54756
37 72 100821
37 73 20196
37 74 58423
37 75 85873
37 76 88480
37 77 38782
37 78 85398
37 79 102861
37 80 24950
37 81 74378
37 82 81010
37 83 43856
37 84 65881
37 85 41024
37 86 65584
37 87 64350
37 88 66505
37 89 19159
37 90 60843
37 91 15076
37 92 53525
37 93 26632
37 94 60429
37 95 42325
37 96 36315
37 97 87913
37 98 14250
37 99 84306
37 100 44917
37 101 11606
37 102 1181
37 103 69110
37 104 43545
37 105 76568
37 106 85823
37 107 85294
37 108 6889
37 109 60940
37 110 3793
37 111 94171
37 112 84404
37 113 83658
37 114 101249
37 115 38003
37 116 42427
37 117 50778
37 118 29252
37 119 43639
38 39 7201
38 40 67182
38 41 49332
38 42 37801
38 43 31830
38 44 84724
38 45 66329
38 46 77673
38 47 10048
38 48 73279
38 49 79000
38 50 76135
38 51 13837
38 52 83013
38 53 55875
38 54 64584
38 55 85042
38 56 42240
38 57 56012
38 58 66493
38 59 76350
38 60 76188
38 61 34760
38 62 50051
38 63 20691
38 64 31616
38 65 94654
38 66 33827
38 67 67565
38 68 2726
38 69 66144
38 70 51118
38 71 63521
38 72 90808
38 73 27244
38 74 57512
38 75 67178
38 76 80809
38 77 46330
38 78 83326
38 79 97870
38 80 6349
38 81 57532
38 82 83751
38 83 25446
38 84 52799
38 85 27088
38 86 62698
38 87 55131
38 88 78428
38 89 26463
38 90 66442
38 91 12617
38 92 36736
38 93 19450
38 94 49611
38 95 23710
38 96 50226
38 97 75479
38 98 5156
38 99 75758
38 100 30110
38 101 12911
38 102 18898
38 103 60615
38 104 32549
38 105 76624
38 106 73058
38 107 75761
38 108 26283
38 109 42854
38 110 20183
38 111 81920
38 112 84060
38 113 65018
38 114 95012
38 115 48642
38 116 26486
38 117 58902
38 118 38103
38 119 42978
39 40 69101
39 41 50804
39 42 45001
39 43 31526
39 44 90736
39 45 73320
39 46 84729
39 47 3750
39 48 80419
39 49 85887
39 50 82576
39 51 16221
39 52 88557
39 53 55760
39 54 71144
39 55 92220
39 56 49303
39 57 60644
39 58 73462
39 59 80383
39 60 83278
39 61 40248
39 62 51048
39 63 17108
39 64 31317
39 65 101314
39 66 34056
39 67 71627
39 68 9675
39 69 72850
39 70 56428
39 71 70396
39 72 96224
39 73 33885
39 74 64621
39 75 67664
39 76 86883
39 77 53233
39 78 90262
39 79 104380
39 80 4702
39 81 60088
39 82 90949
39 83 27347
39 84 57533
39 85 32213
39 86 69630
39 87 61067
39 88 84906
39 89 23752
39 90 73576
39 91 10430
39 92 39801
39 93 26510
39 94 55191
39 95 25402
39 96 56114
39 97 80193
39 98 9817
39 99 81663
39 100 34682
39 101 19115
39 102 22401
39 103 66661
39 104 38472
39 105 83739
39 106 77664
39 107 81412
39 108 29118
39 109 44521
39 110 24360
39 111 86650
39 112 91137
39 113 65611
39 114 101311
39 115 55169
39 116 30594
39 117 65824
39 118 44760
39 119 50149
40 41 18485
40 42 70485
40 43 39314
40 44 57742
40 45 96149
40 46 102299
40 47 67234
40 48 80364
40 49 73548
40 50 114008
40 51 53468
40 52 49105
40 53 21464
40 54 57628
40 55 91375
40 56 79145
40 57 28570
40 58 68992
40 59 25740
40 60 79412
40 61 42713
40 62 19219
40 63 56648
40 64 39483
40 65 77824
40 66 36141
40 67 22633
40 68 68011
40 69 61561
40 70 36369
40 71 96968
40 72 52340
40 73 77972
40 74 69943
40 75 13693
40 76 56452
40 77 85049
40 78 77900
40 79 76590
40 80 64499
40 81 11051
40 82 93349
40 83 41886
40 84 30153
40 85 45005
40 86 65935
40 87 44238
40 88 115352
40 89 92808
40 90 90917
40 91 79041
40 92 31169
40 93 61273
40 94 39544
40 95 43765
40 96 99411
40 97 33492
40 98 71834
40 99 50742
40 100 40785
40 101 73642
40 102 83747
40 103 47012
40 104 46819
40 105 81002
40 106 31023
40 107 46696
40 108 91124
40 109 24584
40 110 83655
40 111 37267
40 112 83967
40 113 12796
40 114 70072
40 115 92116
40 116 42376
40 117 92714
40 118 83788
40 119 67499
41 42 58777
41 43 20930
41 44 63002
41 45 87297
41 46 95109
41 47 48819
41 48 76564
41 49 72969
41 50 103927
41 51 35506
41 52 56105
41 53 13050
41 54 55654
41 55 88590
41 56 67382
41 57 27617
41 58 65447
41 59 37247
41 60 76674
41 61 30782
41 62 3404
41 63 38221
41 64 21090
41 65 81231
41 66 17702
41 67 30237
41 68 50389
41 69 59356
41 70 32009
41 71 87255
41 72 61429
41 73 63222
41 74 63525
41 75 19151
41 76 60607
41 77 73342
41 78 77683
41 79 81367
41 80 46255
41 81 12212
41 82 89754
41 83 23886
41 84 27062
41 85 30224
41 86 61782
41 87 40930
41 88 105555
41 89 74550
41 90 83116
41 91 60883
41 92 15630
41 93 46083
41 94 34258
41 95 25664
41 96 86102
41 97 41897
41 98 54155
41 99 54439
41 100 26139
41 101 56920
41 102 66650
41 103 45523
41 104 34480
41 105 78052
41 106 39012
41 107 51436
41 108 74134
41 109 6528
41 110 66841
41 111 47432
41 112 82575
41 113 16830
41 114 75638
41 115 79764
41 116 26335
41 117 82670
41 118 70456
41 119 57410
42 43 53624
42 44 58624
42 45 30760
42 46 41112
42 47 47576
42 48 36489
42 49 45042
42 50 45441
42 51 39281
42 52 60877
42 53 70693
42 54 35414
42 55 47641
42 56 8684
42 57 45701
42 58 32215
42 59 65864
42 60 39997
42 61 28200
42 62 61424
42 63 53579
42 64 53471
42 65 62308
42 66 53181
42 67 58392
42 68 35409
42 69 35127
42 70 37246
42 71 29437
42 72 68913
42 73 17043
42 74 21716
42 75 77451
42 76 54521
42 77 14638
42 78 48694
42 79 66739
42 80 42950
42 81 59484
42 82 46073
42 83 43248
42 84 42747
42 85 29663
42 86 29204
42 87 34411
42 88 47239
42 89 55422
42 90 29252
42 91 45878
42 92 43421
42 93 19626
42 94 34006
42 95 43271
42 96 29661
42 97 60501
42 98 36767
42 99 51469
42 100 33178
42 101 28462
42 102 35568
42 103 37458
42 104 24320
42 105 40109
42 106 59216
42 107 53600
42 108 38980
42 109 53428
42 110 33133
42 111 65951
42 112 47880
42 113 75147
42 114 65804
42 115 21673
42 116 34879
42 117 24641
42 118 15104
42 119 7216
43 44 76445
43 45 84268
43 46 93900
43 47 28973
43 48 80441
43 49 80527
43 50 98509
43 51 18769
43 52 71278
43 53 24253
43 54 63245
43 55 92933
43 56 61361
43 57 41012
43 58 70433
43 59 56226
43 60 81726
43 61 30794
43 62 20283
43 63 17341
43 64 214
43 65 92145
43 66 3329
43 67 48175
43 68 33578
43 69 66332
43 70 41263
43 71 83037
43 72 77753
43 73 52310
43 74 65323
43 75 36209
43 76 73320
43 77 66976
43 78 85319
43 79 93490
43 80 27364
43 81 32288
43 82 93129
43 83 10376
43 84 38920
43 85 24885
43 86 66421
43 87 49245
43 88 100476
43 89 55066
43 90 81713
43 91 41930
43 92 17887
43 93 36017
43 94 41977
43 95 10578
43 96 76489
43 97 59000
43 98 36968
43 99 67257
43 100 22870
43 101 42178
43 102 50510
43 103 54854
43 104 32587
43 105 82785
43 106 56143
43 107 65318
43 108 57999
43 109 15815
43 110 51366
43 111 65131
43 112 88731
43 113 34214
43 114 88673
43 115 72002
43 116 19431
43 117 78224
43 118 61625
43 119 54902
44 45 65258
44 46 64804
44 47 91352
44 48 38373
44 49 24852
44 50 83733
44 51 76481
44 52 9661
44 53 74502
44 54 23283
44 55 43860
44 56 63807
44 57 35909
44 58 31153
44 59 33720
44 60 34698
44 61 50737
44 62 66257
44 63 88679
44 64 76462
44 65 20597
44 66 73602
44 67 35190
44 68 83557
44 69 24483
44 70 35674
44 71 68793
44 72 13629
44 73 75027
44 74 40629
44 75 71239
44 76 4118
44 77 67437
44 78 27000
44 79 18856
44 80 86614
44 81 52775
44 82 47514
44 83 70160
44 84 37585
44 85 58984
44 86 31826
44 87 29673
44 88 83902
44 89 109171
44 90 57933
44 91 96607
44 92 58589
44 93 66998
44 94 36002
44 95 71827
44 96 84241
44 97 24647
44 98 86685
44 99 9285
44 100 57626
44 101 81794
44 102 91394
44 103 24109
44 104 52268
44 105 36388
44 106 26814
44 107 11570
44 108 96379
44 109 63400
44 110 89532
44 111 23485
44 112 34514
44 113 69896
44 114 12648
44 115 74873
44 116 62202
44 117 66772
44 118 72918
44 119 51550
45 46 11795
45 47 76373
45 48 28062
45 49 42295
45 50 18948
45 51 69832
45 52 71495
45 53 99832
45 54 45136
45 55 31500
45 56 24198
45 57 68403
45 58 34368
45 59 85051
45 60 32550
45 61 56671
45 62 90239
45 63 83884
45 64 84121
45 65 58630
45 66 83657
45 67 79458
45 68 63693
45 69 42189
45 70 60016
45 71 4964
45 72 78389
45 73 39907
45 74 27560
45 75 105086
45 76 61840
45 77 20230
45 78 43103
45 79 64482
45 80 72118
45 81 85630
45 82 27699
45 83 73898
45 84 66224
45 85 59842
45 86 34908
45 87 53440
45 88 19711
45 89 77481
45 90 7396
45 91 71557
45 92 72639
45 93 49982
45 94 56733
45 95 73994
45 96 27939
45 97 77402
45 98 64021
45 99 61864
45 100 62948
45 101 54702
45 102 57741
45 103 53248
45 104 53348
45 105 31304
45 106 77157
45 107 65707
45 108 57501
45 109 82589
45 110 54870
45 111 81218
45 112 37731
45 113 102856
45 114 66805
45 115 21353
45 116 65216
45 117 7843
45 118 29494
45 119 30014
46 47 87694
46 48 26451
46 49 40291
46 50 21035
46 51 80392
46 52 72216
46 53 107918
46 54 47635
46 55 24922
46 56 35433
46 57 73930
46 58 35844
46 59 88593
46 60 30217
46 61 65042
46 62 98199
46 63 94653
46 64 93766
46 65 54594
46 66 93033
46 67 83939
46 68 75070
46 69 44117
46 70 65934
46 71 16058
46 72 78357
46 73 51567
46 74 32357
46 75 112171
46 76 61871
46 77 31911
46 78 39767
46 79 60630
46 80 83336
46 81 92197
46 82 20620
46 83 83595
46 84 72146
46 85 69138
46 86 37643
46 87 58400
46 88 20341
46 89 89269
46 90 12203
46 91 83261
46 92 81080
46 93 60670
46 94 62807
46 95 83858
46 96 38823
46 97 80288
46 98 75552
46 99 63060
46 100 71900
46 101 66288
46 102 69531
46 103 57077
46 104 62086
46 105 28604
46 106 80460
46 107 67309
46 108 69244
46 109 90861
46 110 66662
46 111 83320
46 112 33109
46 113 110007
46 114 64087
46 115 33001
46 116 74585
46 117 19638
46 118 41262
46 119 39013
47 48 82537
47 49 87490
47 50 86012
47 51 15501
47 52 88785
47 53 53089
47 54 72346
47 55 94475
47 56 52264
47 57 60310
47 58 75215
47 59 79600
47 60 85258
47 61 40652
47 62 48852
47 63 13662
47 64 28769
47 65 102589
47 66 31687
47 67 70889
47 68 12722
47 69 74222
47 70 56582
47 71 73565
47 72 96339
47 73 37201
47 74 66670
47 75 65182
47 76 87563
47 77 56376
47 78 91936
47 79 105473
47 80 4924
47 81 58570
47 82 93335
47 83 25871
47 84 57282
47 85 32462
47 86 71327
47 87 61695
47 88 88326
47 89 26100
47 90 76399
47 91 13524
47 92 38706
47 93 28608
47 94 55557
47 95 23877
47 96 59718
47 97 79842
47 98 13420
47 99 82203
47 100 34532
47 101 22568
47 102 26147
47 103 67366
47 104 39231
47 105 85782
47 106 77249
47 107 81742
47 108 32812
47 109 42673
47 110 28107
47 111 86294
47 112 93078
47 113 63177
47 114 102185
47 115 58558
47 116 30233
47 117 68949
47 118 48075
47 119 52419
48 49 14298
48 50 45742
48 51 71319
48 52 45843
48 53 89612
48 54 23016
48 55 12498
48 56 36569
48 57 51879
48 58 11379
48 59 63665
48 60 4584
48 61 49672
48 62 79891
48 63 85813
48 64 80355
48 65 30813
48 66 78772
48 67 60089
48 68 71119
48 69 19136
48 70 44995
48 71 32321
48 72 51908
48 73 52699
48 74 15916
48 75 91656
48 76 35426
48 77 37348
48 78 15243
48 79 36543
48 80 77683
48 81 71230
48 82 13197
48 83 70881
48 84 50843
48 85 56120
48 86 14791
48 87 36366
48 88 45724
48 89 91792
48 90 20707
48 91 82271
48 92 64708
48 93 53948
48 94 42390
48 95 71726
48 96 52106
48 97 54927
48 98 72909
48 99 36899
48 100 57579
48 101 64925
48 102 71742
48 103 33449
48 104 48056
48 105 3842
48 106 55448
48 107 41291
48 108 74199
48 109 73578
48 110 69156
48 111 57406
48 112 11682
48 113 89666
48 114 38765
48 115 43200
48 116 61359
48 117 31665
48 118 45813
48 119 30373
49 50 60011
49 51 74588
49 52 33224
49 53 85793
49 54 17483
49 55 19442
49 56 47321
49 57 46151
49 58 12863
49 59 53739
49 60 10093
49 61 50266
49 62 76371
49 63 88611
49 64 80477
49 65 17671
49 66 78369
49 67 51767
49 68 77160
49 69 14195
49 70 41058
49 71 46416
49 72 38480
49 73 62028
49 74 23437
49 75 85904
49 76 22473
49 77 49290
49 78 4800
49 79 22922
49 80 82565
49 81 65659
49 82 22799
49 83 71893
49 84 46012
49 85 57850
49 86 16362
49 87 32183
49 88 59934
49 89 100065
49 90 34910
49 91 89278
49 92 63421
49 93 59627
49 94 39282
49 95 73081
49 96 65059
49 97 44552
49 98 79504
49 99 25381
49 100 58287
49 101 72491
49 102 80517
49 103 27487
49 104 49799
49 105 11689
49 106 45637
49 107 30007
49 108 83948
49 109 71135
49 110 78149
49 111 45908
49 112 10654
49 113 84115
49 114 24515
49 115 55870
49 116 62573
49 117 45355
49 118 56815
49 119 38034
50 51 82334
50 52 90283
50 53 116070
50 54 64074
50 55 45937
50 56 37216
50 57 86737
50 58 53142
50 59 103897
50 60 49975
50 61 73150
50 62 106692
50 63 95488
50 64 98342
50 65 75276
50 66 98343
50 67 98109
50 68 73409
50 69 61075
50 70 78239
50 71 17071
50 72 97023
50 73 48923
50 74 46446
50 75 122240
50 76 80445
50 77 31534
50 78 60108
50 79 81277
50 80 82350
50 81 103287
50 82 41650
50 83 88195
50 84 84394
50 85 75087
50 86 53839
50 87 72076
50 88 2488
50 89 81389
50 90 25951
50 91 78571
50 92 88766
50 93 62775
50 94 74914
50 95 87977
50 96 27945
50 97 96332
50 98 72806
50 99 80711
50 100 78610
50 101 63465
50 102 63451
50 103 72122
50 104 69492
50 105 48515
50 106 96048
50 107 84611
50 108 60939
50 109 98783
50 110 60656
50 111 100163
50 112 53829
50 113 119968
50 114 84308
50 115 27513
50 116 80232
50 117 21344
50 118 38161
50 119 46720
51 52 73516
51 53 42334
51 54 58587
51 55 83640
51 56 45907
51 57 44812
51 58 62865
51 59 64219
51 60 73524
51 61 25798
51 62 36223
51 63 14564
51 64 18558
51 65 88806
51 66 20340
51 67 55480
51 68 15128
51 69 60841
51 70 41320
51 71 67887
51 72 80984
51 73 34487
51 74 55451
51 75 53404
51 76 72786
51 77 51056
51 78 79200
51 79 91315
51 80 11523
51 81 44076
51 82 83046
51 83 11626
51 84 41799
51 85 17542
51 86 58860
51 87 46958
51 88 84451
51 89 39517
51 90 68470
51 91 25640
51 92 23596
51 93 19866
51 94 40512
51 95 9874
51 96 58701
51 97 64341
51 98 18773
51 99 67260
51 100 19144
51 101 23418
51 102 31940
51 103 52710
51 104 25045
51 105 74259
51 106 61749
51 107 66571
51 108 39465
51 109 29045
51 110 32654
51 111 70793
51 112 81143
51 113 51227
51 114 87656
51 115 55143
51 116 14758
51 117 63080
51 118 44514
51 119 42469
52 53 66940
52 54 27065
52 55 52585
52 56 67033
52 57 30268
52 58 37144
52 59 24370
52 60 42604
52 61 48326
52 62 59231
52 63 84748
52 64 71318
52 65 30168
52 66 68259
52 67 26921
52 68 82135
52 69 29425
52 70 32207
52 71 74635
52 72 8108
52 73 76467
52 74 45320
52 75 62737
52 76 10773
52 77 71261
52 78 35956
52 79 27845
52 80 84217
52 81 45162
52 82 56021
52 83 66021
52 84 32577
52 85 56369
52 86 36880
52 87 28422
52 88 90651
52 89 108352
52 90 64333
52 91 95280
52 92 53703
52 93 66457
52 94 33408
52 95 67817
52 96 88189
52 97 15632
52 98 85497
52 99 9809
52 100 54382
52 101 81561
52 102 91583
52 103 23806
52 104 50543
52 105 44342
52 106 18115
52 107 7461
52 108 97121
52 109 57274
52 110 89966
52 111 13829
52 112 43386
52 113 61533
52 114 21079
52 115 78907
52 116 58864
52 117 72138
52 118 75713
52 119 54139
53 54 68562
53 55 101621
53 56 79179
53 57 39986
53 58 78482
53 59 45707
53 60 89691
53 61 43162
53 62 9771
53 63 40504
53 64 24465
53 65 93366
53 66 22050
53 67 40182
53 68 57433
53 69 72300
53 70 44963
53 71 99578
53 72 71477
53 73 73435
53 74 76504
53 75 12704
53 76 72407
53 77 85102
53 78 90477
53 79 93140
53 80 51615
53 81 21787
53 82 102803
53 83 31469
53 84 39787
53 85 41349
53 86 74829
53 87 53874
53 88 117775
53 89 79178
53 90 95868
53 91 66175
53 92 27307
53 93 56326
53 94 47286
53 95 32768
53 96 96983
53 97 51934
53 98 60968
53 99 66298
53 100 37558
53 101 65293
53 102 74270
53 103 58310
53 104 46623
53 105 91080
53 106 49143
53 107 62962
53 108 81797
53 109 17292
53 110 74883
53 111 56795
53 112 95510
53 113 11214
53 114 87140
53 115 91192
53 116 36709
53 117 94927
53 118 81482
53 119 69845
54 55 33768
54 56 40574
54 57 29429
54 58 11938
54 59 41012
54 60 21786
54 61 33446
54 62 59050
54 63 72200
54 64 63203
54 65 30263
54 66 61004
54 67 37076
54 68 63051
54 69 3935
54 70 23661
54 71 47919
54 72 34671
54 73 52034
54 74 18284
54 75 69392
54 76 19218
54 77 44429
54 78 22272
54 79 33294
54 80 67450
54 81 48986
54 82 35770
54 83 54915
54 84 28898
54 85 41363
54 86 10245
54 87 14749
54 88 64671
54 89 87630
54 90 38265
54 91 75766
54 92 45983
54 93 45777
54 94 21800
54 95 56212
54 96 61327
54 97 32670
54 98 65823
54 99 17255
54 100 41361
54 101 59955
54 102 69080
54 103 10631
54 104 33544
54 105 23377
54 106 32846
54 107 20683
54 108 73650
54 109 53666
54 110 67048
54 111 36104
54 112 26960
54 113 67500
54 114 31006
54 115 51996
54 116 45775
54 117 45186
54 118 49638
54 119 28294
55 56 46305
55 57 63162
55 58 23149
55 59 72901
55 60 12013
55 61 62155
55 62 91942
55 63 98164
55 64 92848
55 65 30225
55 66 91243
55 67 70294
55 68 82793
55 69 29845
55 70 56764
55 71 36397
55 72 57390
55 73 63036
55 74 28194
55 75 103110
55 76 41813
55 77 45852
55 78 16921
55 79 36270
55 80 89661
55 81 82681
55 82 4337
55 83 83377
55 84 62412
55 85 68608
55 86 26925
55 87 47956
55 88 45245
55 89 102328
55 90 25244
55 91 93502
55 92 77085
55 93 65869
55 94 54335
55 95 84213
55 96 58568
55 97 63806
55 98 84372
55 99 44779
55 100 70073
55 101 76050
55 102 82153
55 103 44399
55 104 60551
55 105 10545
55 106 64731
55 107 49391
55 108 83923
55 109 85818
55 110 79461
55 111 65345
55 112 9417
55 113 101184
55 114 40532
55 115 50449
55 116 73855
55 117 37355
55 118 55009
55 119 42075
56 57 53988
56 58 34982
56 59 73770
56 60 40650
56 61 36873
56 62 69985
56 63 59773
56 64 61198
56 65 64960
56 66 61133
56 67 66538
56 68 39640
56 69 39541
56 70 45455
56 71 21980
56 72 74937
56 73 16942
56 74 24185
56 75 86109
56 76 59775
56 77 5965
56 78 50367
56 79 69867
56 80 47947
56 81 68153
56 82 44017
56 83 51019
56 84 51118
56 85 37964
56 86 32739
56 87 41845
56 88 39130
56 89 56147
56 90 24470
56 91 48416
56 92 51958
56 93 26056
56 94 42161
56 95 50869
56 96 21688
56 97 67958
56 98 40236
56 99 57384
56 100 41624
56 101 31113
56 102 35957
56 103 44248
56 104 32966
56 105 40386
56 106 66851
56 107 59956
56 108 37714
56 109 61947
56 110 33216
56 111 73153
56 112 48250
56 113 83802
56 114 69749
56 115 13154
56 116 43041
56 117 17174
56 118 9498
56 119 13254
57 58 40500
57 59 21257
57 60 51154
57 61 22279
57 62 30983
57 63 54888
57 64 41051
57 65 53618
57 66 38014
57 67 12934
57 68 55690
57 69 33329
57 70 8599
57 71 69676
57 72 36966
57 73 57081
57 74 41605
57 75 39963
57 76 33206
57 77 59616
57 78 50744
57 79 53909
57 80 56070
57 81 19569
57 82 64944
57 83 36164
57 84 3339
57 85 28994
57 86 37373
57 87 15669
57 88 87904
57 89 82313
57 90 62790
57 91 68615
57 92 23506
57 93 42815
57 94 11947
57 95 38044
57 96 75360
57 97 19550
57 98 59377
57 99 27025
57 100 25989
57 101 57614
57 102 68128
57 103 18832
57 104 25857
57 105 52694
57 106 17050
57 107 24499
57 108 74725
57 109 27494
57 110 67149
57 111 26007
57 112 56234
57 113 38080
57 114 48438
57 115 67138
57 116 30093
57 117 65699
57 118 60326
57 119 41271
58 59 52931
58 60 11372
58 61 39685
58 62 68796
58 63 77140
58 64 70362
58 65 30163
58 66 68566
58 67 48930
58 68 64575
58 69 8278
58 70 33705
58 71 37691
58 72 44057
58 73 49230
58 74 10815
58 75 80298
58 76 27566
58 77 37536
58 78 16875
58 79 34896
58 80 70298
58 81 59867
58 82 24498
58 83 61232
58 84 39494
58 85 46726
58 86 4045
58 87 25009
58 88 53549
58 89 87212
58 90 27191
58 91 76539
58 92 54128
58 93 47061
58 94 31200
58 95 62243
58 96 53909
58 97 44469
58 98 66816
58 99 27596
58 100 47711
58 101 59665
58 102 67658
58 103 22142
58 104 38594
58 105 12632
58 106 44748
58 107 31640
58 108 71164
58 109 62705
58 110 65300
58 111 47531
58 112 18409
58 113 78319
58 114 35009
58 115 44568
58 116 51749
58 117 35634
58 118 44468
58 119 25176
59 60 61549
59 61 43473
59 62 39788
59 63 72232
59 64 56328
59 65 54300
59 66 52923
59 67 8785
59 68 76268
59 69 44697
59 70 28924
59 71 87095
59 72 26658
59 73 78187
59 74 57493
59 75 39399
59 76 33383
59 77 79111
59 78 57462
59 79 52215
59 80 75712
59 81 25079
59 82 75676
59 83 54165
59 84 24588
59 85 49709
59 86 50964
59 87 32275
59 88 104762
59 89 102798
59 90 78640
59 91 88958
59 92 41043
59 93 64052
59 94 31988
59 95 56160
59 96 95406
59 97 9317
59 98 80029
59 99 28644
59 100 46286
59 101 78759
59 102 89286
59 103 31813
59 104 47111
59 105 63276
59 106 8219
59 107 24062
59 108 95953
59 109 40582
59 110 88366
59 111 11559
59 112 64386
59 113 38512
59 114 45410
59 115 86797
59 116 49929
59 117 83590
59 118 80795
59 119 60642
60 61 50946
60 62 80037
60 63 87927
60 64 81651
60 65 26233
60 66 79901
60 67 58535
60 68 74110
60 69 17855
60 70 44789
60 71 36867
60 72 48308
60 73 56495
60 74 18699
60 75 91098
60 76 31998
60 77 41697
60 78 10660
60 79 31983
60 80 80372
60 81 70668
60 82 14158
60 83 72412
60 84 50404
60 85 57791
60 86 15323
60 87 35958
60 88 49860
60 89 95411
60 90 25223
60 91 85550
60 92 65500
60 93 56768
60 94 42418
60 95 73365
60 96 56641
60 97 52609
60 98 76056
60 99 34041
60 100 58948
60 101 68307
60 102 75451
60 103 32412
60 104 49669
60 105 1752
60 106 53340
60 107 38556
60 108 78146
60 109 74046
60 110 72914
60 111 54668
60 112 7912
60 113 89171
60 114 34376
60 115 47690
60 116 62905
60 117 36248
60 118 49985
60 119 33563
61 62 33615
61 63 38836
61 64 30714
61 65 63402
61 66 29119
61 67 34898
61 68 34069
61 69 36145
61 70 16379
61 71 56486
61 72 56064
61 73 35905
61 74 34819
61 75 49264
61 76 47004
61 77 42835
61 78 55017
61 79 65651
61 80 35977
61 81 31663
61 82 62458
61 83 21644
61 84 18942
61 85 8259
61 86 35659
61 87 21160
61 88 74773
61 89 60609
61 90 52900
61 91 47184
61 92 16042
61 93 20606
61 94 14944
61 95 22821
61 96 56702
61 97 41211
61 98 37609
61 99 41559
61 100 8047
61 101 35337
61 102 45849
61 103 26914
61 104 4123
61 105 51992
61 106 38992
61 107 41164
61 108 52483
61 109 25926
61 110 44893
61 111 47579
61 112 58041
61 113 46965
61 114 61865
61 115 49610
61 116 12336
61 117 51889
61 118 41075
61 119 26687
62 63 37607
62 64 20465
62 65 84587
62 66 17250
62 67 33103
62 68 51271
62 69 62746
62 70 35400
62 71 90096
62 72 64401
62 73 65210
62 74 66734
62 75 17409
62 76 63910
62 77 75934
62 78 81086
62 79 84674
62 80 46594
62 81 14730
62 82 93076
62 83 24713
62 84 30464
62 85 32477
62 86 65115
62 87 44321
62 88 108354
62 89 74788
62 90 86172
62 91 61272
62 92 18039
62 93 48045
62 94 37619
62 95 26354
62 96 88360
62 97 44829
62 98 54981
62 99 57748
62 100 28500
62 101 58259
62 102 67770
62 103 48926
62 104 37201
62 105 81407
62 106 41957
62 107 54688
62 108 75285
62 109 8193
62 110 68097
62 111 50227
62 112 85965
62 113 15146
62 114 78900
62 115 82227
62 116 28252
62 117 85480
62 118 72755
62 119 60294
63 64 17168
63 65 102238
63 66 20519
63 67 63820
63 68 23242
63 69 74685
63 70 53028
63 71 81685
63 72 91803
63 73 46772
63 74 69971
63 75 52950
63 76 85178
63 77 64635
63 78 93279
63 79 104398
63 80 14511
63 81 49203
63 82 97605
63 83 18743
63 84 52252
63 85 30844
63 86 73114
63 87 59687
63 88 97690
63 89 39114
63 90 82824
63 91 27173
63 92 31592
63 93 33983
63 94 52805
63 95 16934
63 96 70505
63 97 73922
63 98 25458
63 99 79394
63 100 31231
63 101 33392
63 102 39047
63 103 65478
63 104 38818
63 105 88702
63 106 71155
63 107 78179
63 108 46060
63 109 32719
63 110 40670
63 111 80259
63 112 95483
63 113 51084
63 114 100323
63 115 68032
63 116 26665
63 117 76914
63 118 57351
63 119 57010
64 65 92128
64 66 3457
64 67 48263
64 68 33364
64 69 66282
64 70 41257
64 71 82882
64 72 77807
64 73 52117
64 74 65224
64 75 36413
64 76 73329
64 77 66809
64 78 85268
64 79 93486
64 80 27152
64 81 32421
64 82 93035
64 83 10225
64 84 38945
64 85 24766
64 86 66348
64 87 49221
64 88 100311
64 89 54861
64 90 81580
64 91 41720
64 92 17894
64 93 35838
64 94 41955
64 95 10400
64 96 76299
64 97 59071
64 98 36754
64 99 67270
64 100 22780
64 101 41968
64 102 50296
64 103 54836
64 104 32485
64 105 82706
64 106 56216
64 107 65344
64 108 57785
64 109 15940
64 110 51153
64 111 65209
64 112 88665
64 113 34416
64 114 88682
64 115 71825
64 116 19314
64 117 78068
64 118 61443
64 119 54770
65 66 89613
65 67 55192
65 68 93010
65 69 28524
65 70 50991
65 71 63058
65 72 31696
65 73 79347
65 74 40935
65 75 91135
65 76 21373
65 77 66947
65 78 15576
65 79 6052
65 80 97685
65 81 71949
65 82 34510
65 83 84517
65 84 54526
65 85 71470
65 86 33153
65 87 42963
65 88 74861
65 89 116814
65 90 51379
65 91 105503
65 92 74386
65 93 75565
65 94 50192
65 95 85941
65 96 82564
65 97 45157
65 98 95612
65 99 27226
65 100 71139
65 101 89118
65 102 97559
65 103 37294
65 104 63764
65 105 27350
65 106 47180
65 107 31128
65 108 101286
65 109 80679
65 110 95279
65 111 43973
65 112 21486
65 113 89663
65 114 11363
65 115 73438
65 116 75646
65 117 62457
65 118 74457
65 119 55184
66 67 44909
66 68 35399
66 69 64184
66 70 38646
66 71 82617
66 72 74647
66 73 52935
66 74 63870
66 75 33618
66 76 70543
66 77 66845
66 78 83167
66 79 90823
66 80 29745
66 81 28964
66 82 91576
66 83 10347
66 84 36028
66 85 23897
66 86 64578
66 87 46816
66 88 100258
66 89 57722
66 90 80832
66 91 44399
66 92 15228
66 93 36281
66 94 39534
66 95 11155
66 96 76997
66 97 55804
66 98 38918
66 99 64451
66 100 21406
66 101 43554
66 102 52273
66 103 52356
66 104 31260
66 105 81007
66 106 52939
66 107 62402
66 108 59793
66 109 12486
66 110 52975
66 111 61905
66 112 86782
66 113 31555
66 114 85899
66 115 72149
66 116 18464
66 117 77822
66 118 61911
66 119 54027
67 68 67489
67 69 40958
67 70 21151
67 71 81136
67 72 31369
67 73 70010
67 74 52075
67 75 36050
67 76 33819
67 77 72053
67 78 55919
67 79 54045
67 80 66961
67 81 18547
67 82 72670
67 83 45578
67 84 16191
67 85 40958
67 86 46443
67 87 26035
67 88 99125
67 89 94013
67 90 73393
67 91 80173
67 92 32442
67 93 55503
67 94 24394
67 95 47564
67 96 88042
67 97 11778
67 98 71254
67 99 28155
67 100 37505
67 101 70105
67 102 80636
67 103 26920
67 104 38631
67 105 60206
67 106 8961
67 107 24064
67 108 87369
67 109 32792
67 110 79770
67 111 17227
67 112 62351
67 113 34722
67 114 47641
67 115 79657
67 116 41149
67 117 77386
67 118 73143
67 119 53601
68 69 64486
68 70 50447
68 71 60845
68 72 89993
68 73 24524
68 74 55415
68 75 68512
68 76 79605
68 77 43660
68 78 81434
68 79 96345
68 80 9041
68 81 58142
68 82 81428
68 83 26566
68 84 52436
68 85 26696
68 86 60824
68 87 54064
68 88 75704
68 89 26625
68 90 63901
68 91 13146
68 92 37254
68 93 17533
68 94 48784
68 95 24937
68 96 47530
68 97 75065
68 98 3849
68 99 74671
68 100 29986
68 101 10225
68 102 16934
68 103 59462
68 104 31593
68 105 74507
68 106 72704
68 107 74829
68 108 24423
68 109 43877
68 110 17970
68 111 81487
68 112 81997
68 113 66323
68 114 93642
68 115 45919
68 116 26649
68 117 56240
68 118 35386
68 119 40769
69 70 27348
69 71 45216
69 72 36703
69 73 52023
69 74 16176
69 75 73290
69 76 20588
69 77 42974
69 78 18988
69 79 32151
69 80 69306
69 81 52874
69 82 31837
69 83 57745
69 84 32719
69 85 43858
69 86 7480
69 87 18428
69 88 61576
69 89 88521
69 90 35160
69 91 77007
69 92 49279
69 93 47048
69 94 25310
69 95 58965
69 96 59759
69 97 36192
69 98 67103
69 99 19702
69 100 44145
69 101 60805
69 102 69599
69 103 14557
69 104 35884
69 105 19442
69 106 36502
69 107 23542
69 108 73834
69 109 57199
69 110 67454
69 111 39313
69 112 23219
69 113 71386
69 114 30687
69 115 50390
69 116 48472
69 117 42751
69 118 48815
69 119 27916
70 71 61171
70 72 39797
70 73 49332
70 74 33581
70 75 46774
70 76 32283
70 77 51048
70 78 45809
70 79 52230
70 80 52041
70 81 26445
70 82 58179
70 83 34488
70 84 6229
70 85 24215
70 86 30244
70 87 8922
70 88 79445
70 89 76962
70 90 54582
70 91 63563
70 92 23421
70 93 36093
70 94 3351
70 95 36155
70 96 66903
70 97 25211
70 98 53969
70 99 26390
70 100 22210
70 101 51182
70 102 61593
70 103 13895
70 104 19234
70 105 46220
70 106 23249
70 107 25282
70 108 67881
70 109 30160
70 110 60388
70 111 31456
70 112 50566
70 113 44734
70 114 47578
70 115 58597
70 116 26734
70 117 57148
70 118 52007
70 119 32678
71 72 81730
71 73 36657
71 74 29876
71 75 105386
71 76 65256
71 77 17196
71 78 47492
71 79 68850
71 80 69458
71 81 86282
71 82 32639
71 83 72665
71 84 67323
71 85 58997
71 86 37800
71 87 55117
71 88 18406
71 89 73443
71 90 11694
71 91 68086
71 92 72286
71 93 48035
71 94 57844
71 95 72629
71 96 23059
71 97 79745
71 98 60928
71 99 64914
71 100 62324
71 101 51541
71 102 53923
71 103 55414
71 104 52957
71 105 35710
71 106 79338
71 107 68592
71 108 53290
71 109 82290
71 110 51046
71 111 83833
71 112 42378
71 113 103128
71 114 70920
71 115 16996
71 116 64279
71 117 4824
71 118 25960
71 119 29871
72 73 84569
72 74 52793
72 75 66025
72 76 16581
72 77 79046
72 78 40483
72 79 27939
72 80 91832
72 81 49915
72 82 61103
72 83 73061
72 84 39559
72 85 64012
72 86 44182
72 87 36474
72 88 97269
72 89 116292
72 90 71128
72 91 103138
72 92 60464
72 93 74479
72 94 41212
72 95 74905
72 96 95964
72 97 19593
72 98 93395
72 99 17554
72 100 61842
72 101 89601
72 102 99655
72 103 31914
72 104 58421
72 105 50005
72 106 22448
72 107 15561
72 108 105222
72 109 63222
72 110 98055
72 111 15100
72 112 48006
72 113 65058
72 114 20928
72 115 86650
72 116 66265
72 117 79436
72 118 83697
72 119 62123
73 74 38623
73 75 82371
73 76 70910
73 77 19677
73 78 65571
73 79 83772
73 80 33429
73 81 67013
73 82 60895
73 83 42618
73 84 53827
73 85 33181
73 86 46246
73 87 48730
73 88 51198
73 89 39295
73 90 41225
73 91 31714
73 92 47717
73 93 17166
73 94 46466
73 95 41856
73 96 24236
73 97 74101
73 98 24294
73 99 67392
73 100 37394
73 101 14890
73 102 19119
73 103 52689
73 104 31844
73 105 56439
73 106 72421
73 107 69054
73 108 21939
73 109 57033
73 110 16468
73 111 79989
73 112 64292
73 113 80051
73 114 82707
73 115 21412
73 116 36958
73 117 32218
73 118 10877
73 119 24220
74 75 80015
74 76 36762
74 77 27013
74 78 26979
74 79 45710
74 80 61804
74 81 59906
74 82 27884
74 83 55512
74 84 39790
74 85 40676
74 86 8832
74 87 26196
74 88 47269
74 89 77050
74 90 21323
74 91 66897
74 92 50459
74 93 38118
74 94 30481
74 95 56243
74 96 43665
74 97 49910
74 98 57365
74 99 35514
74 100 42492
74 101 49734
74 102 57280
74 103 25688
74 104 32746
74 105 19120
74 106 49604
74 107 38927
74 108 60524
74 109 59832
74 110 54846
74 111 53967
74 112 26600
74 113 77887
74 114 45635
74 115 34292
74 116 46021
74 117 26930
74 118 33663
74 119 14956
75 76 69782
75 77 92074
75 78 90388
75 79 90095
75 80 63358
75 81 20436
75 82 104792
75 83 42018
75 84 40815
75 85 49349
75 86 76972
75 87 55291
75 88 123770
75 89 91273
75 90 100420
75 91 78018
75 92 34741
75 93 65227
75 94 49651
75 95 43578
75 96 105183
75 97 47147
75 98 72175
75 99 63947
75 100 45229
75 101 75663
75 102 85115
75 103 58786
75 104 53145
75 105 92621
75 106 44629
75 107 60046
75 108 92637
75 109 25430
75 110 85485
75 111 50943
75 112 96136
75 113 2326
75 114 83646
75 115 98671
75 116 45459
75 117 100908
75 118 89519
75 119 75534
76 77 63477
76 78 25211
76 79 20764
76 80 82801
76 81 50811
76 82 45272
76 83 66750
76 84 34631
76 85 55261
76 86 27999
76 87 25871
76 88 80689
76 89 105140
76 90 54562
76 91 92635
76 92 55436
76 93 62968
76 94 32399
76 95 68380
76 96 80313
76 97 24100
76 98 82703
76 99 6181
76 100 54039
76 101 77729
76 102 87300
76 103 20221
76 104 48411
76 105 33723
76 106 25933
76 107 9756
76 108 92266
76 109 60666
76 110 85429
76 111 24038
76 112 32619
76 113 68337
76 114 15356
76 115 70950
76 116 58621
76 117 63104
76 118 68855
76 119 47459
77 78 51891
77 79 72127
77 80 52264
77 81 74070
77 82 43098
77 83 56669
77 84 56806
77 85 43842
77 86 35819
77 87 46993
77 88 33532
77 89 57849
77 90 22126
77 91 51350
77 92 57902
77 93 31326
77 94 47730
77 95 56444
77 96 16927
77 97 73014
77 98 43836
77 99 61516
77 100 47544
77 101 34489
77 102 37843
77 103 49006
77 104 38931
77 105 41187
77 106 72026
77 107 64347
77 108 38445
77 109 67883
77 110 34998
77 111 78031
77 112 48941
77 113 89768
77 114 72543
77 115 7751
77 116 48863
77 117 12595
77 118 9547
77 119 18476
78 79 21378
78 80 87014
78 81 70207
78 82 20784
78 83 76652
78 84 50690
78 85 62553
78 86 20633
78 87 36950
78 88 59832
78 89 103952
78 90 35822
78 91 93408
78 92 68220
78 93 63910
78 94 44068
78 95 77825
78 96 67174
78 97 48197
78 98 83691
78 99 28869
78 100 63045
78 101 76479
78 102 84253
78 103 32171
78 104 54483
78 105 11800
78 106 49453
78 107 33498
78 108 87428
78 109 75908
78 110 81825
78 111 49098
78 112 7523
78 113 88629
78 114 24321
78 115 58136
78 116 67313
78 117 46902
78 118 59818
78 119 41824
79 80 100600
79 81 71486
79 82 40559
79 83 86339
79 84 55168
79 85 73836
79 86 37547
79 87 44743
79 88 80883
79 89 120671
79 90 57193
79 91 109025
79 92 75624
79 93 79033
79 94 51809
79 95 87855
79 96 87980
79 97 43347
79 98 99091
79 99 26929
79 100 73178
79 101 92954
79 102 101687
79 103 38963
79 104 66362
79 105 33178
79 106 45619
79 107 30226
79 108 105687
79 109 81301
79 110 99487
79 111 41353
79 112 27521
79 113 88746
79 114 7025
79 115 78786
79 116 77735
79 117 68106
79 118 79360
79 119 59553
80 81 55412
80 82 88574
80 83 22688
80 84 52984
80 85 27849
80 86 66406
80 87 56944
80 88 84627
80 89 28311
80 90 71919
80 91 14682
80 92 35099
80 93 23797
80 94 50911
80 95 20758
80 96 56570
80 97 75619
80 98 10947
80 99 77493
80 100 30149
80 101 19258
80 102 24599
80 103 62591
80 104 34422
80 105 80909
80 106 73072
80 107 77122
80 108 31752
80 109 39930
80 110 26161
80 111 82077
80 112 88184
80 113 61274
80 114 97365
80 115 54842
80 116 25989
80 117 64792
80 118 44251
80 119 47630
81 82 84359
81 83 32755
81 84 20404
81 85 34199
81 86 56570
81 87 34865
81 88 104684
81 89 83593
81 90 80621
81 91 69708
81 92 20912
81 93 50434
81 94 29433
81 95 34724
81 96 88361
81 97 30323
81 98 61989
81 99 44762
81 100 30005
81 101 63200
81 102 73446
81 103 38400
81 104 35769
81 105 72187
81 106 27487
81 107 41268
81 108 80743
81 109 16512
81 110 73214
81 111 35546
81 112 75798
81 113 18514
81 114 65399
81 115 81096
81 116 31957
81 117 81961
81 118 72737
81 119 56666
82 83 83386
82 84 63991
82 85 68556
82 86 27988
82 87 49506
82 88 40928
82 89 100161
82 90 21827
82 91 91772
82 92 77723
82 93 64792
82 94 55587
82 95 84127
82 96 55122
82 97 66687
82 98 82833
82 99 47891
82 100 70266
82 101 74299
82 102 79969
82 103 46347
82 104 60591
82 105 12466
82 106 67473
82 107 52465
82 108 81412
82 109 86701
82 110 77233
82 111 68518
82 112 13405
82 113 102816
82 114 44688
82 115 47262
82 116 73885
82 117 33921
82 118 52422
82 119 40960
83 84 33509
83 85 14844
83 86 57193
83 87 41624
83 88 90145
83 89 50960
83 90 71419
83 91 37157
83 92 13136
83 93 25940
83 94 34539
83 95 2007
83 96 66654
83 97 55322
83 98 30300
83 99 60877
83 100 13607
83 101 33844
83 102 43099
83 103 47384
83 104 22826
83 105 73388
83 106 52590
83 107 59513
83 108 50624
83 109 17420
83 110 43535
83 111 61700
83 112 79623
83 113 39804
83 114 81993
83 115 61846
83 116 9522
83 117 67853
83 118 51574
83 119 44626
84 85 25745
84 86 36166
84 87 14486
84 88 85622
84 89 79061
84 90 60812
84 91 65392
84 92 21169
84 93 39477
84 94 9494
84 95 35346
84 96 72386
84 97 22691
84 98 56107
84 99 28490
84 100 22852
84 101 54277
84 102 64790
84 103 18525
84 104 22523
84 105 51889
84 106 20270
84 107 26399
84 108 71386
84 109 26171
84 110 63810
84 111 29142
84 112 55849
84 113 38825
84 114 49965
84 115 64272
84 116 27049
84 117 63253
84 118 57259
84 119 38559
85 86 42681
85 87 29418
85 88 76902
85 89 53319
85 90 56937
85 91 39659
85 92 14609
85 93 16272
85 94 23097
85 95 15606
85 96 55897
85 97 48403
85 98 30393
85 99 49790
85 100 4228
85 101 29522
85 102 40003
85 103 35168
85 104 8131
85 105 58713
85 106 46014
85 107 49284
85 108 47045
85 109 24303
85 110 39440
85 111 54839
85 112 65134
85 113 47023
85 114 70115
85 115 49845
85 116 5460
85 117 54238
85 118 40279
85 119 30130
86 87 21740
86 88 54426
86 89 83810
86 90 28021
86 91 72917
86 92 50211
86 93 43294
86 94 27600
86 95 58199
86 96 52497
86 97 42822
86 98 63144
86 99 27124
86 100 43680
86 101 56183
86 102 64420
86 103 19523
86 104 34550
86 105 16487
86 106 42861
86 107 30821
86 108 68177
86 109 58895
86 110 62126
86 111 46349
86 112 22453
86 113 74958
86 114 37018
86 115 43123
86 116 47707
86 117 35274
86 118 42149
86 119 22044
87 88 73094
87 89 80047
87 90 47502
87 91 67175
87 92 31640
87 93 38046
87 94 7281
87 95 43116
87 96 63533
87 97 26129
87 98 57309
87 99 20628
87 100 28456
87 101 53139
87 102 63186
87 103 5791
87 104 22612
87 105 37423
87 106 25033
87 107 20984
87 108 68858
87 109 38959
87 110 61621
87 111 31560
87 112 41646
87 113 53311
87 114 40724
87 115 54721
87 116 33026
87 117 51440
87 118 49514
87 119 28606
88 89 83870
88 90 26420
88 91 80987
88 92 90469
88 93 64831
88 94 76132
88 95 89961
88 96 30422
88 97 97071
88 98 75147
88 99 81144
88 100 80372
88 101 65792
88 102 65890
88 103 72956
88 104 71165
88 105 48353
88 106 96858
88 107 85116
88 108 63417
88 109 100484
88 110 63090
88 111 100775
88 112 53379
88 113 121506
88 114 84102
88 115 29787
88 116 82085
88 117 22886
88 118 40403
88 119 48237
89 90 79950
89 91 13927
89 92 62995
89 93 42173
89 94 75158
89 95 49053
89 96 53455
89 97 101685
89 98 23001
89 99 100513
89 100 56525
89 101 27717
89 102 20192
89 103 85231
89 104 57908
89 105 95473
89 106 99329
89 107 100976
89 108 20477
89 109 68241
89 110 22947
89 111 108101
89 112 103280
89 113 89254
89 114 118592
89 115 56508
89 116 52947
89 117 69641
89 118 48303
89 119 62132
90 91 72859
90 92 68942
90 93 48875
90 94 51374
90 95 71707
90 96 33334
90 97 70761
90 98 64668
90 99 54766
90 100 59703
90 101 55584
90 102 59877
90 103 46843
90 104 49898
90 105 24030
90 106 70648
90 107 58702
90 108 60524
90 109 78760
90 110 57052
90 111 74366
90 112 30721
90 113 98231
90 114 59424
90 115 25495
90 116 62386
90 117 12116
90 118 31667
90 119 26816
91 92 49072
91 93 29993
91 94 61929
91 95 35280
91 96 51097
91 97 88062
91 98 9955
91 99 87766
91 100 42727
91 101 17474
91 102 15403
91 103 72532
91 104 44737
91 105 85804
91 106 85657
91 107 87969
91 108 20665
91 109 54513
91 110 18039
91 111 94497
91 112 93462
91 113 75944
91 114 106520
91 115 51825
91 116 39062
91 117 63801
91 118 42136
91 119 51987
92 93 30645
92 94 24361
92 95 15123
92 96 70472
92 97 42331
92 98 41103
92 99 49383
92 100 10510
92 101 42473
92 102 52612
92 103 37140
92 104 19331
92 105 66698
92 106 39564
92 107 47545
92 108 59965
92 109 10017
92 110 52486
92 111 48670
92 112 72134
92 113 32415
92 114 70788
92 115 64200
92 116 11222
92 117 67624
92 118 54828
92 119 42626
93 94 33808
93 95 25441
93 96 40800
93 97 61297
93 98 20062
93 99 58380
93 100 20497
93 101 15165
93 102 25502
93 103 43097
93 104 16989
93 105 57238
93 106 59245
93 107 59029
93 108 31912
93 109 39870
93 110 24352
93 111 67542
93 112 64628
93 113 62909
93 114 76592
93 115 35991
93 116 19793
93 117 43223
93 118 25637
93 119 23837
94 95 36092
94 96 63649
94 97 27742
94 98 52213
94 99 26756
94 100 21641
94 101 48961
94 102 59290
94 103 12906
94 104 17251
94 105 43795
94 106 25961
94 107 26221
94 108 65420
94 109 31891
94 110 57982
94 111 33842
94 112 48478
94 113 47570
94 114 47521
94 115 55295
94 116 26222
94 117 53806
94 118 48836
94 119 29341
95 96 65987
95 97 57254
95 98 28629
95 99 62542
95 100 14852
95 101 32541
95 102 41597
95 103 48892
95 104 23701
95 105 74305
95 106 54531
95 107 61256
95 108 49128
95 109 19242
95 110 42125
95 111 63640
95 112 80648
95 113 41385
95 114 83591
95 115 61425
95 116 10518
95 117 67809
95 118 51057
95 119 44969
96 97 89642
96 98 46307
96 99 78440
96 100 59965
96 101 37315
96 102 35786
96 103 65816
96 104 52608
96 105 55855
96 106 88538
96 107 81267
96 108 32995
96 109 80173
96 110 33065
96 111 94791
96 112 63271
96 113 102857
96 114 88854
96 115 9373
96 116 60278
96 117 21217
96 118 15681
96 119 34934
97 98 78702
97 99 19348
97 100 45527
97 101 76357
97 102 86792
97 103 24398
97 104 44380
97 105 54348
97 106 2896
97 107 14751
97 108 93084
97 109 44016
97 110 85598
97 111 6458
97 112 55185
97 113 45997
97 114 36681
97 115 80758
97 116 49639
97 117 76488
97 118 75591
97 119 54708
98 99 77876
98 100 33761
98 101 9413
98 102 13781
98 103 62626
98 104 34976
98 105 76377
98 106 76368
98 107 78157
98 108 21132
98 109 47651
98 110 15218
98 111 85112
98 112 83963
98 113 69999
98 114 96565
98 115 45449
98 116 30482
98 117 56426
98 118 35135
98 119 42543
99 100 48361
99 101 73330
99 102 83130
99 103 15284
99 104 43234
99 105 35793
99 106 20787
99 107 4635
99 108 88392
99 109 54491
99 110 81382
99 111 20636
99 112 35953
99 113 62449
99 114 21475
99 115 69142
99 116 52934
99 117 62356
99 118 66178
99 119 44613
100 101 33491
100 102 43919
100 103 34247
100 104 9875
100 105 59970
100 106 43034
100 107 47488
100 108 51045
100 109 20372
100 110 43456
100 111 51983
100 112 66079
100 113 42903
100 114 69118
100 115 53730
100 116 4582
100 117 57605
100 118 44318
100 119 33017
101 102 10531
101 103 58070
101 104 31978
101 105 68502
101 106 74244
101 107 74120
101 108 17562
101 109 50417
101 110 10017
101 111 82637
101 112 76214
101 113 73404
101 114 90943
101 115 36060
101 116 31277
101 117 47067
101 118 25722
101 119 34780
102 103 67937
102 104 42432
102 105 75455
102 106 84711
102 107 84127
102 108 7531
102 109 60123
102 110 2877
102 111 93044
102 112 83288
102 113 82892
102 114 100069
102 115 37228
102 116 41490
102 117 49903
102 118 28328
102 119 42483
103 104 28190
103 105 33991
103 106 23932
103 107 16369
103 108 73348
103 109 44025
103 110 66248
103 111 29048
103 112 37420
103 113 56911
103 114 34951
103 115 56754
103 116 38818
103 117 52095
103 118 52484
103 119 31059
104 105 50604
104 106 42279
104 107 43241
104 108 48896
104 109 29333
104 110 41341
104 111 50674
104 112 57002
104 113 50837
104 114 62955
104 115 45605
104 116 13307
104 117 48305
104 118 36970
104 119 23341
105 106 55065
105 107 40307
105 108 77989
105 109 75335
105 110 72887
105 111 56419
105 112 7870
105 113 90681
105 114 35795
105 115 46993
105 116 63872
105 117 35276
105 118 49647
105 119 33838
106 107 16319
106 108 91098
106 109 41126
106 110 83581
106 111 9110
106 112 56290
106 113 43418
106 114 39051
106 115 79754
106 116 47083
106 117 75952
106 118 74271
106 119 53629
107 108 89662
107 109 51945
107 110 82505
107 111 16126
107 112 40587
107 113 58624
107 114 24216
107 115 72038
107 116 52015
107 117 65852
107 118 68509
107 119 46953
108 109 67609
108 110 7616
108 111 99257
108 112 85858
108 113 90412
108 114 104486
108 115 36297
108 116 48798
108 117 49700
108 118 28998
108 119 46139
109 110 60325
109 111 49945
109 112 80337
109 113 23129
109 114 75929
109 115 74098
109 116 20077
109 117 77635
109 118 64576
109 119 52586
110 111 91801
110 112 80731
110 113 83241
110 114 98001
110 115 34357
110 116 41293
110 117 47031
110 118 25473
110 119 40130
111 112 56373
111 113 50013
111 114 34421
111 115 85781
111 116 56096
111 117 80800
111 118 81055
111 119 59907
112 113 94298
112 114 31317
112 115 54553
112 116 70150
112 117 42412
112 118 57489
112 119 41475
113 114 82362
113 115 96353
113 116 43145
113 117 98639
113 118 87194
113 119 73269
114 115 79540
114 116 73698
114 117 69714
114 118 79166
114 119 58589
115 116 54619
115 117 13731
115 118 10684
115 119 26157
116 117 59502
116 118 44781
116 119 35573
117 118 21691
117 119 25379
118 119 21575
